0 0.20976253298153033 0.87421875 0.03869832893579595 0.0796875
0 0.48812664907651715 0.85 0.03430079155672823 0.0765625
0 0.6059806508355321 0.71171875 0.03781882145998241 0.053125
0 0.6072999120492524 0.59921875 0.030782761653474055 0.040625
0 0.706684256816183 0.56015625 0.02990325417766051 0.0421875
0 0.7572559366754618 0.1421875 0.02198768689533861 0.028125
0 0.7493403693931399 0.12734375 0.024626209322779244 0.028125
0 0.7445030782761654 0.1109375 0.022867194371152155 0.0265625
0 0.7387862796833773 0.09375 0.024626209322779244 0.0296875
0 0.644678979771328 0.0734375 0.025505716798592787 0.0359375
0 0.6284080914687775 0.0375 0.023746701846965697 0.0234375
0 0.7291116974494283 0.07734375 0.022867194371152155 0.0296875
0 0.7216358839050132 0.06328125 0.022867194371152155 0.0265625
0 0.7827616534740546 0.11875 0.021108179419525065 0.034375
0 0.7994722955145118 0.12109375 0.018469656992084433 0.0359375