0 0.5795954265611257 0.8140625 0.03869832893579595 0.065625
0 0.7040457343887423 0.7578125 0.03781882145998241 0.046875
0 0.6763412489006156 0.65625 0.032541776605101144 0.040625
0 0.781882145998241 0.63984375 0.032541776605101144 0.040625
0 0.24626209322779244 0.85390625 0.0395778364116095 0.0734375
0 0.25241864555848725 0.9171875 0.044854881266490766 0.06875
0 0.752858399296394 0.12890625 0.027264731750219876 0.028125
0 0.7392260334212841 0.0859375 0.026385224274406333 0.0296875
0 0.7546174142480211 0.06328125 0.016710642040457344 0.0234375
0 0.8087071240105541 0.07265625 0.022867194371152155 0.0203125
0 0.8658751099384345 0.221875 0.023746701846965697 0.028125
0 0.8588390501319261 0.20546875 0.025505716798592787 0.0265625
0 0.8544415127528584 0.18671875 0.022867194371152155 0.0265625
0 0.8210202286719437 0.0953125 0.023746701846965697 0.025
0 0.8254177660510115 0.11171875 0.024626209322779244 0.025
0 0.8337730870712401 0.13125 0.023746701846965697 0.028125
0 0.8403693931398417 0.14765625 0.024626209322779244 0.0296875
0 0.8496042216358839 0.1671875 0.025505716798592787 0.0265625
0 0.9124890061565524 0.2078125 0.019349164467897976 0.0328125
0 0.8944591029023746 0.203125 0.018469656992084433 0.034375
0 0.8935795954265612 0.0984375 0.023746701846965697 0.028125
0 0.7304309586631487 0.0609375 0.026385224274406333 0.0265625