0 0.7581354441512753 0.0578125 0.03342128408091469 0.071875
0 0.4841688654353562 0.15078125 0.029023746701846966 0.0703125
0 0.3786279683377309 0.31640625 0.03430079155672823 0.0453125
0 0.386103781882146 0.428125 0.028144239226033423 0.034375
0 0.2906772207563764 0.49140625 0.027264731750219876 0.0359375
0 0.27308707124010556 0.91796875 0.020228671943711522 0.0234375
0 0.28232189973614774 0.93046875 0.022867194371152155 0.0234375
0 0.2884784520668426 0.9453125 0.021108179419525065 0.021875
0 0.2955145118733509 0.9609375 0.022867194371152155 0.025
0 0.39006156552330695 0.95859375 0.023746701846965697 0.0296875
0 0.40897097625329815 0.98984375 0.022867194371152155 0.0171875
0 0.30606860158311344 0.975 0.021108179419525065 0.025
0 0.3148636763412489 0.9875 0.021108179419525065 0.021875
0 0.2497801231310466 0.94765625 0.019349164467897976 0.0296875
0 0.23306948109058928 0.94921875 0.0158311345646438 0.0328125