0 0.5109938434476693 0.69296875 0.03342128408091469 0.04375
0 0.5624450307827616 0.634375 0.0316622691292876 0.0515625
0 0.8768689533861038 0.27734375 0.026385224274406333 0.0609375
0 0.7642919964819701 0.01171875 0.024626209322779244 0.0234375
0 0.2796833773087071 0.45703125 0.02990325417766051 0.0640625
0 0.24626209322779244 0.47421875 0.023746701846965697 0.053125
0 0.08663148636763413 0.65078125 0.03605980650835532 0.03125
0 0.41952506596306066 0.896875 0.019349164467897976 0.0484375
0 0.3289357959542656 0.81171875 0.024626209322779244 0.0578125
0 0.1838170624450308 0.18984375 0.03518029903254178 0.078125
0 0.13808267370272648 0.05078125 0.028144239226033423 0.0390625