0 0.0633245382585752 0.66875 0.03430079155672823 0.040625
0 0.17194371152154794 0.62109375 0.0316622691292876 0.053125
0 0.22735268249780125 0.66796875 0.028144239226033423 0.059375
0 0.3368513632365875 0.41484375 0.027264731750219876 0.0484375
0 0.38742304309586634 0.40546875 0.026385224274406333 0.0484375
0 0.669744942832014 0.21328125 0.025505716798592787 0.0421875
0 0.7313104661389622 0.259375 0.014072119613016711 0.0234375
0 0.8170624450307827 0.2671875 0.021108179419525065 0.034375
0 0.934476693051891 0.365625 0.023746701846965697 0.0453125
0 0.8931398416886543 0.32890625 0.019349164467897976 0.0390625
0 0.876429199648197 0.31328125 0.016710642040457344 0.0375
0 0.5527704485488126 0.64296875 0.03518029903254178 0.040625