0 0.44283201407211964 0.67265625 0.029023746701846966 0.053125
0 0.34564643799472294 0.61953125 0.03342128408091469 0.0609375
0 0.31882145998240985 0.3671875 0.03342128408091469 0.0609375
0 0.30035180299032543 0.27734375 0.0316622691292876 0.0578125
0 0.2510993843447669 0.68046875 0.03430079155672823 0.0390625
0 0.4938434476693052 0.73671875 0.022867194371152155 0.0578125
0 0.6011433597185576 0.68515625 0.032541776605101144 0.05
0 0.6503957783641161 0.621875 0.030782761653474055 0.053125
0 0.5299032541776605 0.94140625 0.024626209322779244 0.0484375
0 0.20184696569920843 0.15234375 0.03430079155672823 0.0640625
0 0.9744942832014072 0.18359375 0.0316622691292876 0.0703125