0 0.06156552330694811 0.65546875 0.03430079155672823 0.0421875
0 0.17106420404573439 0.6109375 0.032541776605101144 0.0546875
0 0.22559366754617413 0.66015625 0.029023746701846966 0.0609375
0 0.33773087071240104 0.41015625 0.028144239226033423 0.05
0 0.38830255057167984 0.40234375 0.027264731750219876 0.0484375
0 0.6723834652594547 0.21875 0.025505716798592787 0.0421875
0 0.7335092348284961 0.26640625 0.014951627088830254 0.0234375
0 0.8192612137203166 0.27734375 0.021108179419525065 0.034375
0 0.9353562005277045 0.3796875 0.023746701846965697 0.0453125
0 0.8948988566402815 0.34140625 0.019349164467897976 0.0390625
0 0.8781882145998241 0.325 0.016710642040457344 0.0375
0 0.5510114335971856 0.64453125 0.03518029903254178 0.0421875