0 0.2075637642919965 0.465625 0.029023746701846966 0.05
0 0.1802990325417766 0.37578125 0.03430079155672823 0.0390625
0 0.2620932277924362 0.4203125 0.029023746701846966 0.05625
0 0.3817062445030783 0.5859375 0.030782761653474055 0.046875
0 0.4621811785400176 0.62421875 0.028144239226033423 0.0421875
0 0.7563764291996482 0.73671875 0.026385224274406333 0.034375
0 0.8078276165347406 0.69296875 0.019349164467897976 0.021875
0 0.9718557607739666 0.6 0.021108179419525065 0.040625
0 0.8931398416886543 0.6765625 0.022867194371152155 0.0375
0 0.9551451187335093 0.61796875 0.018469656992084433 0.0375
0 0.5971855760773966 0.3421875 0.036939313984168866 0.0484375
0 0.6952506596306068 0.14453125 0.04221635883905013 0.0546875