0 0.7928759894459103 0.49296875 0.030782761653474055 0.053125
0 0.8227792436235708 0.40625 0.03518029903254178 0.0421875
0 0.7401055408970977 0.4421875 0.030782761653474055 0.059375
0 0.6156552330694811 0.596875 0.0316622691292876 0.05
0 0.5343007915567283 0.62734375 0.029023746701846966 0.0453125
0 0.23702726473175023 0.7125 0.027264731750219876 0.0359375
0 0.1868953386103782 0.6640625 0.020228671943711522 0.0234375
0 0.025945470536499562 0.55546875 0.02198768689533861 0.0421875
0 0.10202286719437115 0.63984375 0.023746701846965697 0.0390625
0 0.04221635883905013 0.57578125 0.019349164467897976 0.0390625
0 0.4076517150395778 0.33359375 0.03781882145998241 0.0515625
0 0.3153034300791557 0.12734375 0.04397537379067722 0.0578125