0 0.5430958663148637 0.31484375 0.029023746701846966 0.053125
0 0.6433597185576078 0.34375 0.03342128408091469 0.0609375
0 0.6899736147757256 0.58671875 0.03342128408091469 0.0609375
0 0.7150395778364116 0.67109375 0.0316622691292876 0.0578125
0 0.7326297273526825 0.259375 0.03430079155672823 0.0390625
0 0.48768689533861037 0.2640625 0.022867194371152155 0.0578125
0 0.38522427440633245 0.3421875 0.032541776605101144 0.05
0 0.341688654353562 0.41640625 0.030782761653474055 0.053125
0 0.43579595426561124 0.0703125 0.024626209322779244 0.0484375
0 0.8223394898856641 0.77109375 0.03430079155672823 0.0640625
0 0.054969217238346524 0.93046875 0.0316622691292876 0.0703125