0 0.055848724714160074 0.58671875 0.03605980650835532 0.046875
0 0.16666666666666666 0.559375 0.03430079155672823 0.059375
0 0.21899736147757257 0.6171875 0.0316622691292876 0.0640625
0 0.34256816182937555 0.38515625 0.02990325417766051 0.053125
0 0.3935795954265611 0.38515625 0.029023746701846966 0.053125
0 0.6855760773966578 0.246875 0.027264731750219876 0.046875
0 0.7440633245382586 0.30390625 0.0158311345646438 0.025
0 0.8289357959542656 0.32734375 0.022867194371152155 0.0375
0 0.9397537379067722 0.44765625 0.026385224274406333 0.0484375
0 0.9010554089709762 0.403125 0.021108179419525065 0.0421875
0 0.8852242744063324 0.38359375 0.018469656992084433 0.0390625
0 0.5439753737906772 0.65234375 0.036939313984168866 0.046875