0 0.5413368513632366 0.68671875 0.02990325417766051 0.0546875
0 0.6416007036059806 0.6609375 0.03430079155672823 0.0625
0 0.6908531222515392 0.41875 0.03430079155672823 0.0625
0 0.7167985927880387 0.33515625 0.032541776605101144 0.059375
0 0.7299912049252418 0.74765625 0.03518029903254178 0.0390625
0 0.48548812664907653 0.73515625 0.023746701846965697 0.0578125
0 0.3839050131926121 0.6546875 0.032541776605101144 0.0515625
0 0.34080914687774844 0.57890625 0.0316622691292876 0.0546875
0 0.4318381706244503 0.928125 0.024626209322779244 0.0484375
0 0.8249780123131046 0.2390625 0.03430079155672823 0.065625
0 0.059366754617414245 0.05546875 0.032541776605101144 0.071875