0 0.9859278803869833 0.46328125 0.026385224274406333 0.0515625
0 0.8948988566402815 0.52578125 0.0395778364116095 0.0515625
0 0.886103781882146 0.60078125 0.0395778364116095 0.05
0 0.7568161829375549 0.67109375 0.036939313984168866 0.0515625
0 0.7335092348284961 0.653125 0.03605980650835532 0.0609375
0 0.697009674582234 0.65 0.04221635883905013 0.0578125
0 0.6152154793315743 0.69765625 0.04133685136323659 0.053125
0 0.7040457343887423 0.72109375 0.03781882145998241 0.0515625
0 0.669744942832014 0.74140625 0.036939313984168866 0.0484375
0 0.2928759894459103 0.4875 0.027264731750219876 0.065625
0 0.04969217238346526 0.7015625 0.03430079155672823 0.05