0 0.9731750219876869 0.38125 0.032541776605101144 0.046875
0 0.7686895338610378 0.7921875 0.032541776605101144 0.0625
0 0.8456464379947229 0.37890625 0.03605980650835532 0.053125
0 0.8311345646437994 0.34765625 0.03605980650835532 0.0515625
0 0.7669305189094108 0.503125 0.032541776605101144 0.0625
0 0.4920844327176781 0.559375 0.029023746701846966 0.0578125
0 0.5646437994722955 0.54765625 0.026385224274406333 0.0578125
0 0.5452946350043976 0.49765625 0.027264731750219876 0.05625
0 0.503957783641161 0.4234375 0.027264731750219876 0.0578125
0 0.43799472295514513 0.23671875 0.029023746701846966 0.0546875
0 0.9934036939313984 0.57265625 0.010554089709762533 0.0328125