0 0.4160070360598065 0.01875 0.025505716798592787 0.03125
0 0.4450307827616535 0.0703125 0.024626209322779244 0.040625
0 0.49296394019349166 0.1640625 0.023746701846965697 0.040625
0 0.5404573438874231 0.24296875 0.028144239226033423 0.053125
0 0.9824098504837291 0.31796875 0.030782761653474055 0.0515625
0 0.9291996481970096 0.40078125 0.029023746701846966 0.0453125
0 0.683377308707124 0.6390625 0.02990325417766051 0.05
0 0.5919085312225154 0.6953125 0.03605980650835532 0.0546875
0 0.6996481970096746 0.77109375 0.02990325417766051 0.046875
0 0.623570800351803 0.89765625 0.03342128408091469 0.0546875
0 0.5549692172383466 0.753125 0.030782761653474055 0.0484375
0 0.558047493403694 0.9859375 0.02990325417766051 0.0234375
0 0.5065963060686016 0.8265625 0.03342128408091469 0.0546875
0 0.4762532981530343 0.87734375 0.036939313984168866 0.0640625
0 0.4252418645558487 0.9515625 0.03869832893579595 0.065625
0 0.008795074758135445 0.559375 0.01759014951627089 0.05625