0 0.9973614775725593 0.7734375 0.003518029903254178 0.028125
0 0.9239226033421284 0.68515625 0.030782761653474055 0.0453125
0 0.9542656112576957 0.51015625 0.036939313984168866 0.046875
0 0.7981530343007915 0.69296875 0.032541776605101144 0.053125
0 0.7845206684256816 0.7234375 0.03605980650835532 0.0484375
0 0.716358839050132 0.57265625 0.02990325417766051 0.0609375
0 0.7150395778364116 0.296875 0.03518029903254178 0.05625
0 0.5197889182058048 0.534375 0.025505716798592787 0.0546875
0 0.5008795074758136 0.5859375 0.028144239226033423 0.0546875
0 0.4630606860158311 0.65625 0.029023746701846966 0.05625
0 0.3781882145998241 0.71328125 0.026385224274406333 0.05
0 0.3997361477572559 0.83984375 0.027264731750219876 0.053125