0 0.4419525065963061 0.97734375 0.028144239226033423 0.03125
0 0.4683377308707124 0.9328125 0.032541776605101144 0.0625
0 0.5171503957783641 0.834375 0.026385224274406333 0.0515625
0 0.5650835532102023 0.7546875 0.029023746701846966 0.05625
0 0.961301671064204 0.59921875 0.03430079155672823 0.0484375
0 0.022427440633245383 0.484375 0.022867194371152155 0.05
0 0.03562005277044855 0.4421875 0.026385224274406333 0.05625
0 0.6169744942832014 0.303125 0.036939313984168866 0.05625
0 0.7251539138082673 0.225 0.03342128408091469 0.05
0 0.5787159190853123 0.24453125 0.03342128408091469 0.0515625
0 0.6077396657871592 0.2015625 0.03518029903254178 0.05625
0 0.6477572559366754 0.09921875 0.03605980650835532 0.0578125
0 0.5303430079155673 0.175 0.03605980650835532 0.0578125
0 0.5 0.12421875 0.040457343887423045 0.059375
0 0.449868073878628 0.053125 0.04397537379067722 0.065625