0 0.025945470536499562 0.60390625 0.032541776605101144 0.046875
0 0.2343887423043096 0.2 0.032541776605101144 0.0625
0 0.1534740545294635 0.6109375 0.03605980650835532 0.053125
0 0.16754617414248021 0.6421875 0.03605980650835532 0.0515625
0 0.23306948109058928 0.4890625 0.032541776605101144 0.0625
0 0.5087950747581355 0.44140625 0.029023746701846966 0.0578125
0 0.43579595426561124 0.45078125 0.026385224274406333 0.0578125
0 0.4547053649956025 0.50078125 0.027264731750219876 0.05625
0 0.49560246262093227 0.5765625 0.027264731750219876 0.0578125
0 0.5593667546174143 0.76484375 0.029023746701846966 0.0546875
0 0.007475813544415127 0.4125 0.011433597185576077 0.0328125