0 0.0773966578715919 0.3890625 0.03430079155672823 0.04375
0 0.2119613016710642 0.43828125 0.03605980650835532 0.0453125
0 0.29507475813544415 0.4984375 0.03430079155672823 0.0453125
0 0.2726473175021988 0.5546875 0.036939313984168866 0.05
0 0.3649956024626209 0.55546875 0.03605980650835532 0.0453125
0 0.40061565523306947 0.64296875 0.03605980650835532 0.046875
0 0.4604221635883905 0.63203125 0.0395778364116095 0.05
0 0.46965699208443273 0.675 0.036939313984168866 0.046875
0 0.4525065963060686 0.7015625 0.03518029903254178 0.0484375
0 0.48636763412489004 0.728125 0.03518029903254178 0.046875
0 0.5395778364116095 0.68984375 0.03869832893579595 0.053125
0 0.8645558487247141 0.53359375 0.024626209322779244 0.0609375