0 0.43755496921723835 0.025 0.028144239226033423 0.0328125
0 0.46394019349164467 0.06796875 0.032541776605101144 0.0640625
0 0.5140721196130167 0.16484375 0.026385224274406333 0.0515625
0 0.5624450307827616 0.24296875 0.02990325417766051 0.05625
0 0.9604221635883905 0.3859375 0.03430079155672823 0.0484375
0 0.022867194371152155 0.53046875 0.022867194371152155 0.0515625
0 0.03605980650835532 0.571875 0.027264731750219876 0.05625
0 0.6187335092348285 0.69296875 0.03781882145998241 0.0578125
0 0.727792436235708 0.76796875 0.03342128408091469 0.05
0 0.5813544415127528 0.753125 0.03342128408091469 0.053125
0 0.6108179419525066 0.7953125 0.03605980650835532 0.05625
0 0.6517150395778364 0.89609375 0.036939313984168866 0.0578125
0 0.5334212840809147 0.82421875 0.036939313984168866 0.0578125
0 0.503957783641161 0.87578125 0.04133685136323659 0.0609375
0 0.4542656112576957 0.9484375 0.04397537379067722 0.065625