0 0.9696569920844327 0.22421875 0.030782761653474055 0.046875
0 0.7405452946350044 0.58671875 0.02990325417766051 0.0390625
0 0.6336851363236587 0.525 0.036939313984168866 0.053125
0 0.5971855760773966 0.58359375 0.03342128408091469 0.0515625
0 0.667985927880387 0.71640625 0.032541776605101144 0.0515625
0 0.5514511873350924 0.65 0.03430079155672823 0.0515625
0 0.523306948109059 0.6984375 0.0395778364116095 0.0625
0 0.5967458223394899 0.82421875 0.04309586631486367 0.06875
0 0.558047493403694 0.8875 0.03869832893579595 0.0671875
0 0.4758135444151275 0.7671875 0.0395778364116095 0.0625
0 0.465259454705365 0.8734375 0.03605980650835532 0.0546875
0 0.3751099384344767 0.921875 0.04133685136323659 0.0625
0 0.4815303430079156 0.98828125 0.030782761653474055 0.0203125
0 0.22955145118733508 0.9625 0.03869832893579595 0.059375
0 0.20976253298153033 0.93203125 0.028144239226033423 0.0453125
0 0.13236587510993844 0.9109375 0.03342128408091469 0.071875
0 0.5773966578715919 0.0953125 0.029023746701846966 0.05625
0 0.5299032541776605 0.0234375 0.027264731750219876 0.046875
0 0.05321020228671944 0.37734375 0.023746701846965697 0.0515625
0 0.06728232189973615 0.41640625 0.024626209322779244 0.0484375