0 0.9186455584872472 0.6078125 0.036939313984168866 0.04375
0 0.828056288478452 0.5265625 0.03781882145998241 0.0453125
0 0.8588390501319261 0.48203125 0.03781882145998241 0.04375
0 0.7352682497801232 0.378125 0.03605980650835532 0.046875
0 0.7018469656992085 0.3765625 0.03430079155672823 0.0546875
0 0.673702726473175 0.3828125 0.040457343887423045 0.053125
0 0.6864555848724714 0.315625 0.03605980650835532 0.046875
0 0.6543535620052771 0.28671875 0.03605980650835532 0.046875
0 0.5949868073878628 0.31796875 0.03869832893579595 0.0546875
0 0.2612137203166227 0.4453125 0.025505716798592787 0.0625
0 0.03342128408091469 0.1703125 0.030782761653474055 0.040625