0 0.7603342128408092 0.06796875 0.019349164467897976 0.0515625
0 0.7678100263852242 0.14296875 0.021108179419525065 0.0640625
0 0.7827616534740546 0.2765625 0.019349164467897976 0.05
0 0.7999120492524187 0.3953125 0.02198768689533861 0.065625
0 0.6961301671064204 0.83984375 0.0395778364116095 0.0390625
0 0.6424802110817942 0.8453125 0.03430079155672823 0.0375
0 0.5795954265611257 0.85078125 0.03518029903254178 0.0375
0 0.538698328935796 0.8578125 0.04133685136323659 0.040625
0 0.4762532981530343 0.86171875 0.04133685136323659 0.0375
0 0.3469656992084433 0.8765625 0.04133685136323659 0.0390625
0 0.2748460861917326 0.12265625 0.018469656992084433 0.046875
0 0.27308707124010556 0.16796875 0.021108179419525065 0.0484375
0 0.17150395778364116 0.61796875 0.024626209322779244 0.0671875