0 0.034740545294635 0.70234375 0.032541776605101144 0.0484375
0 0.08751099384344767 0.6171875 0.029023746701846966 0.046875
0 0.28232189973614774 0.44453125 0.02990325417766051 0.0484375
0 0.6015831134564644 0.97890625 0.024626209322779244 0.0390625
0 0.5738786279683378 0.92578125 0.027264731750219876 0.0484375
0 0.5228671943711521 0.83203125 0.025505716798592787 0.0453125
0 0.4736147757255937 0.75546875 0.027264731750219876 0.0515625
0 0.41688654353562005 0.30859375 0.03342128408091469 0.0546875
0 0.30914687774846084 0.2375 0.029023746701846966 0.05
0 0.45382585751978893 0.2484375 0.02990325417766051 0.05
0 0.38258575197889183 0.10859375 0.02990325417766051 0.0546875
0 0.5 0.1734375 0.032541776605101144 0.05625
0 0.5299032541776605 0.12265625 0.03605980650835532 0.0609375
0 0.4476693051890941 0.015625 0.02990325417766051 0.028125
0 0.5795954265611257 0.04609375 0.036939313984168866 0.0671875