0 0.7546174142480211 0.18984375 0.018469656992084433 0.025
0 0.6732629727352683 0.16484375 0.0158311345646438 0.0234375
0 0.7159190853122251 0.19375 0.014072119613016711 0.01875
0 0.7409850483729111 0.2 0.019349164467897976 0.028125
0 0.7216358839050132 0.2203125 0.020228671943711522 0.028125
0 0.7000879507475813 0.2390625 0.020228671943711522 0.0296875
0 0.7339489885664028 0.20859375 0.020228671943711522 0.028125
0 0.658311345646438 0.17421875 0.0158311345646438 0.021875
0 0.5971855760773966 0.22265625 0.014951627088830254 0.0234375
0 0.6077396657871592 0.21875 0.016710642040457344 0.0203125
0 0.6213720316622692 0.2015625 0.018469656992084433 0.028125
0 0.6319261213720316 0.19453125 0.014951627088830254 0.021875
0 0.6416007036059806 0.1890625 0.0158311345646438 0.025
0 0.6530343007915568 0.1828125 0.016710642040457344 0.0234375
0 0.6059806508355321 0.13515625 0.01759014951627089 0.021875
0 0.58311345646438 0.19296875 0.01759014951627089 0.01875
0 0.21591908531222515 0.16328125 0.016710642040457344 0.0265625
0 0.13192612137203166 0.01640625 0.013192612137203167 0.021875
0 0.23087071240105542 0.03203125 0.012313104661389622 0.0171875
0 0.2563764291996482 0.07890625 0.011433597185576077 0.0171875
0 0.5241864555848724 0.571875 0.022867194371152155 0.0390625
0 0.5923482849604221 0.69296875 0.029023746701846966 0.0484375
0 0.27088830255057167 0.50078125 0.027264731750219876 0.03125
0 0.04001759014951627 0.62890625 0.022867194371152155 0.046875
0 0.08487247141600704 0.590625 0.020228671943711522 0.040625
0 0.16710642040457344 0.53359375 0.02198768689533861 0.0375
0 0.10422163588390501 0.57890625 0.019349164467897976 0.0453125
0 0.9595426561125769 0.0609375 0.0158311345646438 0.0171875
0 0.8636763412489006 0.03046875 0.013192612137203167 0.0140625
0 0.9014951627088831 0.05703125 0.012313104661389622 0.0203125
0 0.9098504837291117 0.06484375 0.009674582233948988 0.0140625
0 0.9371152154793315 0.0859375 0.012313104661389622 0.015625
0 0.9569041336851363 0.09765625 0.013192612137203167 0.01875
0 0.9463500439753738 0.09296875 0.011433597185576077 0.015625
0 0.9648197009674582 0.10546875 0.012313104661389622 0.015625
0 0.8852242744063324 0.0453125 0.012313104661389622 0.01875
0 0.8733509234828496 0.03671875 0.011433597185576077 0.015625