0 0.9415127528583993 0.01015625 0.03430079155672823 0.0203125
0 0.9107299912049253 0.04140625 0.030782761653474055 0.0453125
0 0.9643799472295514 0.0859375 0.02198768689533861 0.0453125
0 0.8720316622691293 0.096875 0.032541776605101144 0.0453125
0 0.8496042216358839 0.13359375 0.036939313984168866 0.053125
0 0.8104661389621812 0.18984375 0.03605980650835532 0.053125
0 0.9239226033421284 0.2296875 0.040457343887423045 0.0609375
0 0.8935795954265612 0.27890625 0.036939313984168866 0.05625
0 0.8284960422163589 0.37734375 0.03781882145998241 0.05625
0 0.7286719437115216 0.31015625 0.03518029903254178 0.053125
0 0.7673702726473175 0.48359375 0.04133685136323659 0.059375
0 0.6020228671943711 0.33671875 0.03605980650835532 0.0578125
0 0.5866314863676341 0.30859375 0.03781882145998241 0.05625
0 0.5255057167985928 0.48359375 0.0316622691292876 0.0671875
0 0.5369393139841688 0.76953125 0.0395778364116095 0.075
0 0.26824978012313105 0.4640625 0.02990325417766051 0.0640625
0 0.3087071240105541 0.5296875 0.030782761653474055 0.0609375
0 0.3311345646437995 0.57734375 0.02990325417766051 0.0625