0 0.051890941072999124 0.1984375 0.03605980650835532 0.0546875
0 0.09850483729111698 0.29453125 0.0316622691292876 0.053125
0 0.2801231310466139 0.5078125 0.03342128408091469 0.0546875
0 0.6336851363236587 0.046875 0.027264731750219876 0.04375
0 0.6024626209322779 0.09375 0.030782761653474055 0.0546875
0 0.5452946350043976 0.17578125 0.028144239226033423 0.05
0 0.49120492524186454 0.240625 0.030782761653474055 0.0578125
0 0.4045734388742304 0.671875 0.036939313984168866 0.0609375
0 0.29243623570800353 0.71953125 0.032541776605101144 0.05625
0 0.4371152154793316 0.73984375 0.03342128408091469 0.05625
0 0.35664028144239224 0.86328125 0.03342128408091469 0.0609375
0 0.47757255936675463 0.82421875 0.03605980650835532 0.0625
0 0.503957783641161 0.88125 0.0395778364116095 0.06875
0 0.4146877748460862 0.96953125 0.0316622691292876 0.034375
0 0.5479331574318381 0.9640625 0.04221635883905013 0.06875