0 0.9670184696569921 0.21015625 0.030782761653474055 0.046875
0 0.7409850483729111 0.5796875 0.030782761653474055 0.0390625
0 0.6341248900615655 0.52109375 0.03781882145998241 0.053125
0 0.5980650835532102 0.58046875 0.03430079155672823 0.053125
0 0.669744942832014 0.7109375 0.03342128408091469 0.0515625
0 0.5532102022867195 0.6484375 0.03518029903254178 0.053125
0 0.5255057167985928 0.69765625 0.0395778364116095 0.0625
0 0.5998240985048373 0.82109375 0.04397537379067722 0.0703125
0 0.5620052770448549 0.88515625 0.0395778364116095 0.0671875
0 0.47845206684256814 0.76796875 0.0395778364116095 0.0625
0 0.4687774846086192 0.875 0.036939313984168866 0.05625
0 0.37906772207563766 0.92578125 0.04133685136323659 0.0640625
0 0.4868073878627968 0.98828125 0.030782761653474055 0.0203125
0 0.2343887423043096 0.96953125 0.0395778364116095 0.0578125
0 0.21416007036059806 0.940625 0.028144239226033423 0.046875
0 0.1363236587510994 0.921875 0.03430079155672823 0.071875
0 0.5734388742304309 0.09296875 0.029023746701846966 0.0578125
0 0.525065963060686 0.02265625 0.028144239226033423 0.0453125
0 0.052330694810905895 0.390625 0.024626209322779244 0.0515625
0 0.06640281442392261 0.4296875 0.025505716798592787 0.0484375