0 0.036939313984168866 0.71640625 0.03342128408091469 0.05
0 0.08883025505716799 0.6296875 0.02990325417766051 0.0484375
0 0.28188214599824096 0.4515625 0.030782761653474055 0.05
0 0.6064204045734388 0.97578125 0.024626209322779244 0.0390625
0 0.5778364116094987 0.9234375 0.028144239226033423 0.05
0 0.5259454705364995 0.83125 0.026385224274406333 0.046875
0 0.4762532981530343 0.75625 0.028144239226033423 0.053125
0 0.415127528583993 0.3109375 0.03430079155672823 0.05625
0 0.3065083553210202 0.24375 0.02990325417766051 0.0515625
0 0.45118733509234826 0.25 0.030782761653474055 0.0515625
0 0.3786279683377309 0.1125 0.030782761653474055 0.05625
0 0.4969217238346526 0.1734375 0.03342128408091469 0.0578125
0 0.5263852242744064 0.121875 0.036939313984168866 0.0625
0 0.44283201407211964 0.0171875 0.02990325417766051 0.0296875
0 0.575197889182058 0.04375 0.03781882145998241 0.06875