0 0.9736147757255936 0.3796875 0.022867194371152155 0.046875
0 0.9643799472295514 0.428125 0.024626209322779244 0.053125
0 0.5184696569920845 0.01328125 0.025505716798592787 0.0265625
0 0.49428320140721194 0.0640625 0.027264731750219876 0.0515625
0 0.45338610378188215 0.1734375 0.024626209322779244 0.046875
0 0.4129287598944591 0.2671875 0.029023746701846966 0.059375
0 0.03605980650835532 0.5265625 0.032541776605101144 0.0421875
0 0.4019349164467898 0.725 0.03781882145998241 0.05
0 0.3021108179419525 0.8328125 0.0316622691292876 0.046875
0 0.36103781882145997 0.75703125 0.0316622691292876 0.05
0 0.44591029023746703 0.7734375 0.03342128408091469 0.0515625
0 0.3896218117854002 0.93671875 0.03430079155672823 0.0515625
0 0.49912049252418644 0.8296875 0.03430079155672823 0.0515625
0 0.5329815303430079 0.87109375 0.0395778364116095 0.059375
0 0.5897097625329816 0.92734375 0.040457343887423045 0.0609375