0 0.021547933157431837 0.41796875 0.030782761653474055 0.0390625
0 0.06948109058927 0.440625 0.032541776605101144 0.034375
0 0.09894459102902374 0.45390625 0.03430079155672823 0.0421875
0 0.1376429199648197 0.47734375 0.03430079155672823 0.0421875
0 0.16358839050131926 0.5171875 0.03342128408091469 0.0421875
0 0.3131046613896218 0.74296875 0.03430079155672823 0.046875
0 0.5466138962181178 0.84453125 0.036939313984168866 0.053125
0 0.5919085312225154 0.87109375 0.03869832893579595 0.0515625
0 0.6477572559366754 0.9109375 0.040457343887423045 0.0546875
0 0.6653474054529463 0.97265625 0.020228671943711522 0.01875
0 0.7343887423043096 0.95703125 0.044854881266490766 0.034375
0 0.3197009674582234 0.96171875 0.02990325417766051 0.0703125