0 0.9661389621811786 0.0765625 0.010554089709762533 0.028125
0 0.8992963940193491 0.1875 0.03342128408091469 0.05
0 0.9463500439753738 0.35 0.0395778364116095 0.053125
0 0.7748460861917327 0.21796875 0.03518029903254178 0.059375
0 0.758575197889182 0.1921875 0.03869832893579595 0.0546875
0 0.7058047493403694 0.36171875 0.03342128408091469 0.065625
0 0.731750219876869 0.63359375 0.03781882145998241 0.0625
0 0.5158311345646438 0.459375 0.028144239226033423 0.059375
0 0.4925241864555849 0.41484375 0.030782761653474055 0.059375
0 0.44810905892700087 0.3578125 0.032541776605101144 0.0609375
0 0.3592788038698329 0.32734375 0.029023746701846966 0.0546875
0 0.36807387862796836 0.19609375 0.02990325417766051 0.0578125