0 0.9397537379067722 0.8828125 0.02198768689533861 0.0265625
0 0.8790677220756377 0.7609375 0.028144239226033423 0.0546875
0 0.8337730870712401 0.67265625 0.026385224274406333 0.05
0 0.7343887423043096 0.62890625 0.026385224274406333 0.0484375
0 0.31838170624450307 0.978125 0.02990325417766051 0.040625
0 0.34872471416007034 0.9265625 0.032541776605101144 0.0484375
0 0.4045734388742304 0.8375 0.032541776605101144 0.046875
0 0.4569041336851363 0.7625 0.03430079155672823 0.05625
0 0.6394019349164468 0.27734375 0.029023746701846966 0.053125
0 0.5316622691292876 0.3296875 0.03342128408091469 0.065625
0 0.5738786279683378 0.1375 0.030782761653474055 0.0625
0 0.49780123131046616 0.26328125 0.032541776605101144 0.0609375
0 0.45382585751978893 0.18125 0.03430079155672823 0.0671875
0 0.42744063324538256 0.125 0.036939313984168866 0.0765625
0 0.509674582233949 0.0265625 0.0395778364116095 0.053125
0 0.38214599824098505 0.053125 0.03781882145998241 0.0609375