0 0.014072119613016711 0.46328125 0.028144239226033423 0.0515625
0 0.10510114335971855 0.52578125 0.0395778364116095 0.0515625
0 0.113896218117854 0.60078125 0.0395778364116095 0.05
0 0.24318381706244502 0.67109375 0.036939313984168866 0.0515625
0 0.26649076517150394 0.653125 0.03605980650835532 0.0609375
0 0.30299032541776605 0.65 0.04221635883905013 0.0578125
0 0.38478452066842567 0.69765625 0.04133685136323659 0.053125
0 0.2959542656112577 0.72109375 0.03781882145998241 0.0515625
0 0.3302550571679859 0.74140625 0.036939313984168866 0.0484375
0 0.7071240105540897 0.4875 0.027264731750219876 0.065625
0 0.9503078276165348 0.7015625 0.03430079155672823 0.05