0 0.9758135444151276 0.425 0.03342128408091469 0.0484375
0 0.7594547053649956 0.81640625 0.03430079155672823 0.0640625
0 0.8487247141600703 0.4109375 0.036939313984168866 0.05625
0 0.8350923482849604 0.37890625 0.036939313984168866 0.0546875
0 0.7664907651715039 0.52734375 0.03430079155672823 0.0640625
0 0.490325417766051 0.55859375 0.02990325417766051 0.059375
0 0.5633245382585752 0.553125 0.027264731750219876 0.059375
0 0.5452946350043976 0.5015625 0.028144239226033423 0.0578125
0 0.5061565523306948 0.42421875 0.028144239226033423 0.059375
0 0.44591029023746703 0.23203125 0.02990325417766051 0.05625
0 0.990325417766051 0.61796875 0.011433597185576077 0.034375