0 0.7427440633245382 0.62734375 0.028144239226033423 0.0328125
0 0.5787159190853123 0.95 0.03781882145998241 0.0703125
0 0.5083553210202286 0.53203125 0.03869832893579595 0.0609375
0 0.48636763412489004 0.6109375 0.03342128408091469 0.0578125
0 0.9832893579595426 0.52265625 0.0316622691292876 0.0328125
0 0.9846086191732629 0.54921875 0.029023746701846966 0.0296875
0 0.9841688654353562 0.5734375 0.02990325417766051 0.028125
0 0.10026385224274406 0.36484375 0.03342128408091469 0.0609375
0 0.07871591908531222 0.38125 0.02990325417766051 0.0609375
0 0.12752858399296393 0.1984375 0.026385224274406333 0.046875
0 0.2247141600703606 0.18828125 0.026385224274406333 0.0515625
0 0.19085312225153914 0.1 0.026385224274406333 0.046875
0 0.1613896218117854 0.01796875 0.025505716798592787 0.0359375
0 0.08970976253298153 0.07890625 0.025505716798592787 0.0453125
0 0.07519788918205805 0.0234375 0.024626209322779244 0.0421875
0 0.06288478452066842 0.00625 0.02198768689533861 0.0125
0 0.23131046613896217 0.85 0.04133685136323659 0.06875
0 0.1437994722955145 0.85 0.04221635883905013 0.071875
0 0.10510114335971855 0.88203125 0.04397537379067722 0.0546875