0 0.24274406332453827 0.95078125 0.027264731750219876 0.0375
0 0.3113456464379947 0.9390625 0.024626209322779244 0.0546875
0 0.36323658751099386 0.83515625 0.025505716798592787 0.053125
0 0.3834652594547054 0.778125 0.028144239226033423 0.059375
0 0.3786279683377309 0.7125 0.0316622691292876 0.0640625
0 0.521108179419525 0.50390625 0.03342128408091469 0.0625
0 0.6072999120492524 0.30625 0.0316622691292876 0.0625
0 0.6547933157431838 0.228125 0.03430079155672823 0.0625
0 0.6807387862796834 0.17421875 0.032541776605101144 0.0703125
0 0.9454705364995603 0.4421875 0.040457343887423045 0.0546875
0 0.9635004397537379 0.409375 0.036939313984168866 0.0625
0 0.9331574318381706 0.07890625 0.03869832893579595 0.0578125