0 0.4472295514511873 0.77421875 0.03605980650835532 0.0640625
0 0.202726473175022 0.73671875 0.0316622691292876 0.0390625
0 0.04353562005277045 0.5859375 0.0316622691292876 0.03125
0 0.9142480211081794 0.7328125 0.0316622691292876 0.059375
0 0.934476693051891 0.7609375 0.032541776605101144 0.0625
0 0.9076517150395779 0.534375 0.025505716798592787 0.0515625
0 0.8091468777484608 0.47734375 0.026385224274406333 0.05625
0 0.8548812664907651 0.3921875 0.026385224274406333 0.05
0 0.9186455584872472 0.26953125 0.028144239226033423 0.0515625
0 0.8984168865435356 0.3078125 0.026385224274406333 0.0453125
0 0.9815303430079155 0.29375 0.023746701846965697 0.046875
0 0.9890061565523307 0.1203125 0.020228671943711522 0.04375
0 0.9542656112576957 0.19375 0.019349164467897976 0.040625
0 0.9850483729111698 0.359375 0.023746701846965697 0.0453125
0 0.9951627088830255 0.32890625 0.0079155672823219 0.0390625
0 0.961301671064204 0.41328125 0.026385224274406333 0.05