0 0.030782761653474055 0.65234375 0.04221635883905013 0.0609375
0 0.021108179419525065 0.68671875 0.028144239226033423 0.0609375
0 0.10202286719437115 0.82109375 0.040457343887423045 0.075
0 0.06244503078276165 0.978125 0.04221635883905013 0.040625
0 0.3179419525065963 0.846875 0.032541776605101144 0.0671875
0 0.33948988566402816 0.78515625 0.032541776605101144 0.0640625
0 0.38214599824098505 0.69609375 0.032541776605101144 0.06875
0 0.45162708883025504 0.4796875 0.032541776605101144 0.065625
0 0.5659630606860159 0.171875 0.02990325417766051 0.05625
0 0.5804749340369393 0.109375 0.026385224274406333 0.05
0 0.623570800351803 0.01171875 0.026385224274406333 0.0234375