0 0.6574318381706244 0.709375 0.03342128408091469 0.0609375
0 0.6745822339489885 0.73984375 0.03342128408091469 0.065625
0 0.5329815303430079 0.6609375 0.030782761653474055 0.065625
0 0.5756376429199648 0.44921875 0.028144239226033423 0.05
0 0.6728232189973615 0.51015625 0.027264731750219876 0.0515625
0 0.6319261213720316 0.371875 0.029023746701846966 0.0515625
0 0.6842568161829375 0.2875 0.029023746701846966 0.0484375
0 0.7102022867194371 0.24765625 0.027264731750219876 0.0484375
0 0.7396657871591908 0.3953125 0.026385224274406333 0.0484375
0 0.7678100263852242 0.3421875 0.024626209322779244 0.046875
0 0.8170624450307827 0.2625 0.02198768689533861 0.040625
0 0.8394898856640282 0.2234375 0.02198768689533861 0.040625
0 0.7532981530343008 0.178125 0.020228671943711522 0.0390625
0 0.787598944591029 0.3109375 0.023746701846965697 0.04375
0 0.8003518029903254 0.1046875 0.023746701846965697 0.04375
0 0.1741424802110818 0.73359375 0.036939313984168866 0.0640625