0 0.04969217238346526 0.44140625 0.03518029903254178 0.053125
0 0.1772207563764292 0.4609375 0.03605980650835532 0.0609375
0 0.1948109058927001 0.4328125 0.0395778364116095 0.0546875
0 0.010554089709762533 0.6203125 0.021108179419525065 0.059375
0 0.2546174142480211 0.81171875 0.044854881266490766 0.05625
0 0.2040457343887423 0.90546875 0.03781882145998241 0.08125
0 0.4204045734388742 0.8140625 0.03605980650835532 0.0671875
0 0.45030782761653476 0.69765625 0.030782761653474055 0.065625
0 0.4744942832014072 0.64765625 0.032541776605101144 0.0640625
0 0.5290237467018469 0.653125 0.030782761653474055 0.0640625
0 0.5202286719437115 0.57734375 0.030782761653474055 0.0609375
0 0.600263852242744 0.39375 0.030782761653474055 0.059375
0 0.7299912049252418 0.14453125 0.027264731750219876 0.05625
0 0.7493403693931399 0.090625 0.025505716798592787 0.0515625