0 0.33289357959542654 0.315625 0.030782761653474055 0.05625
0 0.3144239226033421 0.28828125 0.030782761653474055 0.0609375
0 0.45910290237467016 0.34453125 0.028144239226033423 0.0609375
0 0.42700087950747584 0.5625 0.025505716798592787 0.046875
0 0.32717678100263853 0.51640625 0.024626209322779244 0.0484375
0 0.37467018469656993 0.6484375 0.026385224274406333 0.046875
0 0.32673702726473175 0.740625 0.027264731750219876 0.04375
0 0.30299032541776605 0.78359375 0.025505716798592787 0.0453125
0 0.26649076517150394 0.64140625 0.024626209322779244 0.0453125
0 0.24098504837291118 0.6984375 0.022867194371152155 0.04375
0 0.19569041336851364 0.7859375 0.020228671943711522 0.0375
0 0.17546174142480211 0.828125 0.020228671943711522 0.0375
0 0.26341248900615655 0.86015625 0.018469656992084433 0.0359375
0 0.22295514511873352 0.7328125 0.02198768689533861 0.040625
0 0.22031662269129287 0.940625 0.02198768689533861 0.040625
0 0.8131046613896218 0.2171875 0.03430079155672823 0.059375