0 0.5567282321899736 0.53828125 0.03430079155672823 0.0515625
0 0.33289357959542654 0.56484375 0.02990325417766051 0.0328125
0 0.02990325417766051 0.321875 0.03605980650835532 0.0265625
0 0.025505716798592787 0.37734375 0.040457343887423045 0.0375
0 0.029023746701846966 0.42265625 0.036939313984168866 0.03125
0 0.08135444151275285 0.4375 0.0395778364116095 0.0328125
0 0.08443271767810026 0.46328125 0.032541776605101144 0.028125
0 0.08443271767810026 0.48828125 0.03342128408091469 0.028125
0 0.17370272647317503 0.48046875 0.029023746701846966 0.0328125
0 0.027704485488126648 0.45078125 0.03869832893579595 0.034375
0 0.025945470536499562 0.48125 0.040457343887423045 0.03125
0 0.025945470536499562 0.50859375 0.04133685136323659 0.0328125
0 0.029023746701846966 0.346875 0.036939313984168866 0.0328125
0 0.7154793315743184 0.6640625 0.04221635883905013 0.06875
0 0.8795074758135444 0.87578125 0.040457343887423045 0.065625
0 0.9318381706244503 0.84453125 0.040457343887423045 0.0640625
0 0.9705364995602462 0.88828125 0.04133685136323659 0.071875
0 0.9810905892700088 0.3671875 0.029023746701846966 0.065625
0 0.9569041336851363 0.20078125 0.023746701846965697 0.0453125
0 0.8566402814423922 0.17890625 0.023746701846965697 0.0484375
0 0.8909410729991205 0.09375 0.026385224274406333 0.0421875
0 0.9243623570800352 0.015625 0.026385224274406333 0.03125
0 0.49560246262093227 0.9 0.036939313984168866 0.071875