0 0.702726473175022 0.98203125 0.028144239226033423 0.0328125
0 0.6358839050131926 0.95 0.027264731750219876 0.05625
0 0.5967458223394899 0.82734375 0.027264731750219876 0.0546875
0 0.5839929639401935 0.76171875 0.02990325417766051 0.0609375
0 0.5769569041336852 0.625 0.03342128408091469 0.065625
0 0.4810905892700088 0.434375 0.03518029903254178 0.0703125
0 0.4182058047493404 0.20078125 0.032541776605101144 0.0703125
0 0.38038698328935794 0.1046875 0.036939313984168866 0.071875
0 0.3605980650835532 0.0390625 0.03605980650835532 0.075
0 0.06640281442392261 0.2125 0.04309586631486367 0.0640625
0 0.052770448548812667 0.17109375 0.040457343887423045 0.065625