0 0.3922603342128408 0.04765625 0.024626209322779244 0.034375
0 0.3702726473175022 0.1640625 0.020228671943711522 0.040625
0 0.4335971855760774 0.18984375 0.012313104661389622 0.034375
0 0.33289357959542654 0.3109375 0.02198768689533861 0.04375
0 0.14467897977132807 0.13125 0.02198768689533861 0.0375
0 0.12708883025505716 0.16015625 0.022867194371152155 0.0453125
0 0.2102022867194371 0.0984375 0.020228671943711522 0.034375
0 0.23350923482849603 0.434375 0.019349164467897976 0.0453125
0 0.24494283201407213 0.446875 0.024626209322779244 0.046875
0 0.0773966578715919 0.82265625 0.02198768689533861 0.05625
0 0.09850483729111698 0.82578125 0.023746701846965697 0.0578125
0 0.12225153913808268 0.8328125 0.024626209322779244 0.0625
0 0.1442392260334213 0.8375 0.02198768689533861 0.0609375
0 0.17194371152154794 0.840625 0.03342128408091469 0.0546875
0 0.036499560246262094 0.9703125 0.023746701846965697 0.05625
0 0.051890941072999124 0.97265625 0.03869832893579595 0.0515625
0 0.11609498680738786 0.9828125 0.0316622691292876 0.03125
0 0.44547053649956025 0.8984375 0.036939313984168866 0.046875
0 0.4982409850483729 0.90234375 0.03781882145998241 0.04375
0 0.5470536499560247 0.9109375 0.040457343887423045 0.04375
0 0.5998240985048373 0.92265625 0.040457343887423045 0.046875
0 0.6429199648197009 0.95625 0.04133685136323659 0.04375