0 0.9349164467897977 0.1046875 0.04309586631486367 0.0640625
0 0.9494283201407212 0.06328125 0.04221635883905013 0.0703125
0 0.6156552330694811 0.01640625 0.03869832893579595 0.0328125
0 0.5738786279683378 0.09453125 0.036939313984168866 0.075
0 0.5109938434476693 0.3375 0.036939313984168866 0.0734375
0 0.4608619173262973 0.3734375 0.03518029903254178 0.0703125
0 0.40589270008795075 0.6765625 0.032541776605101144 0.0625
0 0.3935795954265611 0.74453125 0.028144239226033423 0.059375
0 0.35356200527704484 0.87109375 0.027264731750219876 0.0578125
0 0.3175021987686895 0.90390625 0.030782761653474055 0.0625
0 0.28671943711521547 0.91796875 0.02990325417766051 0.059375
0 0.2669305189094107 0.98203125 0.029023746701846966 0.0328125
0 0.23702726473175023 0.96484375 0.028144239226033423 0.05625