0 0.3148636763412489 0.03125 0.020228671943711522 0.028125
0 0.36147757255936674 0.1203125 0.024626209322779244 0.0515625
0 0.38038698328935794 0.17734375 0.029023746701846966 0.0578125
0 0.351363236587511 0.1828125 0.029023746701846966 0.0609375
0 0.5131926121372031 0.44921875 0.03342128408091469 0.0609375
0 0.5954265611257695 0.64609375 0.0316622691292876 0.0625
0 0.6429199648197009 0.7203125 0.032541776605101144 0.0609375
0 0.667985927880387 0.7765625 0.0316622691292876 0.065625
0 0.8777484608619174 0.93125 0.03869832893579595 0.05
0 0.9313984168865436 0.52421875 0.0395778364116095 0.05625
0 0.9489885664028144 0.55546875 0.03781882145998241 0.059375