0 0.6873350923482849 0.47421875 0.02990325417766051 0.0421875
0 0.9133685136323659 0.2453125 0.040457343887423045 0.040625
0 0.9138082673702727 0.26796875 0.032541776605101144 0.0328125
0 0.9164467897977133 0.2921875 0.03518029903254178 0.0359375
0 0.8298153034300791 0.325 0.025505716798592787 0.03125
0 0.9498680738786279 0.1359375 0.03781882145998241 0.040625
0 0.9586631486367634 0.1609375 0.03430079155672823 0.034375
0 0.961301671064204 0.2078125 0.036939313984168866 0.0328125
0 0.9643799472295514 0.23359375 0.03605980650835532 0.0375
0 0.9687774846086191 0.2609375 0.0316622691292876 0.034375
0 0.9705364995602462 0.2890625 0.03430079155672823 0.0375
0 0.46130167106420406 0.553125 0.03605980650835532 0.059375
0 0.3702726473175022 0.66015625 0.04309586631486367 0.06875
0 0.5773966578715919 0.86328125 0.036939313984168866 0.071875
0 0.2154793315743184 0.97265625 0.04573438874230431 0.0515625
0 0.14951627088830255 0.98125 0.04221635883905013 0.034375
0 0.014951627088830254 0.58828125 0.02990325417766051 0.0609375
0 0.03342128408091469 0.559375 0.03342128408091469 0.0625
0 0.03430079155672823 0.3859375 0.026385224274406333 0.05
0 0.12752858399296393 0.325 0.029023746701846966 0.05625
0 0.08091468777484609 0.25625 0.025505716798592787 0.0484375
0 0.03605980650835532 0.1859375 0.027264731750219876 0.04375
0 0.0158311345646438 0.15234375 0.027264731750219876 0.046875