0 0.9511873350923483 0.475 0.032541776605101144 0.046875
0 0.8232189973614775 0.47890625 0.03342128408091469 0.0546875
0 0.8073878627968337 0.51015625 0.036939313984168866 0.0484375
0 0.9850483729111698 0.2890625 0.028144239226033423 0.053125
0 0.7255936675461742 0.14453125 0.04221635883905013 0.0484375
0 0.7704485488126649 0.0421875 0.03342128408091469 0.075
0 0.5606860158311345 0.17265625 0.032541776605101144 0.0609375
0 0.5378188214599824 0.29453125 0.027264731750219876 0.0609375
0 0.5167106420404574 0.3484375 0.029023746701846966 0.059375
0 0.4621811785400176 0.353125 0.027264731750219876 0.059375
0 0.47537379067722074 0.4265625 0.027264731750219876 0.05625
0 0.40633245382585753 0.62421875 0.028144239226033423 0.0546875
0 0.29199648197009676 0.89609375 0.024626209322779244 0.0515625
0 0.27616534740545295 0.953125 0.022867194371152155 0.046875