0 0.9560246262093228 0.18828125 0.040457343887423045 0.0578125
0 0.9727352682497801 0.14921875 0.03869832893579595 0.0625
0 0.644678979771328 0.0265625 0.03518029903254178 0.053125
0 0.5976253298153035 0.11015625 0.032541776605101144 0.06875
0 0.5206684256816183 0.340625 0.03342128408091469 0.0671875
0 0.4683377308707124 0.36640625 0.0316622691292876 0.065625
0 0.39621811785400174 0.6578125 0.029023746701846966 0.0578125
0 0.37994722955145116 0.7234375 0.025505716798592787 0.0546875
0 0.3324538258575198 0.8421875 0.024626209322779244 0.0546875
0 0.29463500439753737 0.86796875 0.027264731750219876 0.0578125
0 0.26297273526824977 0.87578125 0.027264731750219876 0.0546875
0 0.23922603342128407 0.9484375 0.025505716798592787 0.053125
0 0.21108179419525067 0.91328125 0.025505716798592787 0.0515625
0 0.193051890941073 0.97265625 0.025505716798592787 0.0515625