0 0.7792436235708003 0.84375 0.021108179419525065 0.0390625
0 0.7581354441512753 0.79765625 0.020228671943711522 0.0359375
0 0.7330694810905892 0.7453125 0.021108179419525065 0.0421875
0 0.7132805628847845 0.71015625 0.025505716798592787 0.0453125
0 0.6846965699208444 0.65234375 0.022867194371152155 0.040625
0 0.6517150395778364 0.7921875 0.027264731750219876 0.0484375
0 0.6270888302550571 0.7484375 0.025505716798592787 0.0453125
0 0.6912928759894459 0.8703125 0.021108179419525065 0.0375
0 0.7343887423043096 0.95078125 0.022867194371152155 0.040625
0 0.5778364116094987 0.6515625 0.028144239226033423 0.05
0 0.5255057167985928 0.56328125 0.027264731750219876 0.0546875
0 0.6244503078276166 0.5203125 0.025505716798592787 0.0484375
0 0.6169744942832014 0.32109375 0.0316622691292876 0.0578125
0 0.6363236587510994 0.29375 0.030782761653474055 0.0625
0 0.37423043095866315 0.1234375 0.036939313984168866 0.0625
0 0.13368513632365875 0.20078125 0.03342128408091469 0.0609375