0 0.9617414248021108 0.36796875 0.04397537379067722 0.0390625
0 0.9582233948988567 0.33984375 0.03605980650835532 0.0359375
0 0.9577836411609498 0.31328125 0.03605980650835532 0.0328125
0 0.8632365875109939 0.325 0.028144239226033423 0.0328125
0 0.6912928759894459 0.24296875 0.032541776605101144 0.040625
0 0.4551451187335092 0.29765625 0.03781882145998241 0.065625
0 0.0158311345646438 0.50859375 0.0316622691292876 0.0703125
0 0.003518029903254178 0.48125 0.007036059806508356 0.05625
0 0.1169744942832014 0.8046875 0.028144239226033423 0.0515625
0 0.1503957783641161 0.709375 0.02990325417766051 0.0546875
0 0.048372911169744945 0.69375 0.027264731750219876 0.05
0 0.07255936675461741 0.94921875 0.026385224274406333 0.0484375
0 0.08619173262972735 0.9 0.028144239226033423 0.05