0 0.3676341248900616 0.090625 0.03430079155672823 0.0421875
0 0.5743183817062445 0.09921875 0.027264731750219876 0.059375
0 0.3720316622691293 0.23203125 0.032541776605101144 0.04375
0 0.45910290237467016 0.74375 0.024626209322779244 0.065625
0 0.44371152154793314 0.80859375 0.02990325417766051 0.0640625
0 0.40633245382585753 0.909375 0.02990325417766051 0.0703125
0 0.9032541776605101 0.615625 0.0395778364116095 0.05
0 0.9854881266490765 0.6890625 0.027264731750219876 0.05
0 0.9199648197009674 0.81484375 0.03518029903254178 0.0359375
0 0.7845206684256816 0.86015625 0.04133685136323659 0.0546875
0 0.7766051011433597 0.90234375 0.04309586631486367 0.0546875