0 0.5417766051011433 0.7796875 0.03342128408091469 0.059375
0 0.7871591908531222 0.77265625 0.02990325417766051 0.0359375
0 0.9520668425681619 0.6421875 0.030782761653474055 0.028125
0 0.0773966578715919 0.68125 0.02990325417766051 0.05625
0 0.056288478452066845 0.70625 0.02990325417766051 0.059375
0 0.0919085312225154 0.48359375 0.023746701846965697 0.0484375
0 0.19261213720316622 0.4390625 0.024626209322779244 0.053125
0 0.1503957783641161 0.3484375 0.024626209322779244 0.046875
0 0.09146877748460862 0.21796875 0.026385224274406333 0.0484375
0 0.10993843447669305 0.25859375 0.024626209322779244 0.0421875
0 0.027704485488126648 0.234375 0.02198768689533861 0.04375
0 0.025065963060686015 0.06015625 0.02198768689533861 0.0390625
0 0.058927000879507474 0.13828125 0.01759014951627089 0.0390625
0 0.021547933157431837 0.29921875 0.02198768689533861 0.0421875
0 0.0079155672823219 0.26640625 0.0158311345646438 0.0359375
0 0.04309586631486367 0.35625 0.024626209322779244 0.046875