0 0.6543535620052771 0.8546875 0.03518029903254178 0.059375
0 0.6873350923482849 0.89921875 0.036939313984168866 0.0671875
0 0.5910290237467019 0.85703125 0.04221635883905013 0.0765625
0 0.5769569041336852 0.390625 0.030782761653474055 0.0578125
0 0.6635883905013192 0.1015625 0.029023746701846966 0.0625
0 0.7145998240985049 0.0140625 0.030782761653474055 0.028125
0 0.7678100263852242 0.1328125 0.028144239226033423 0.0515625
0 0.8289357959542656 0.009375 0.029023746701846966 0.01875
0 0.7691292875989446 0.3421875 0.032541776605101144 0.0625
0 0.7893579595426561 0.36171875 0.030782761653474055 0.065625
0 0.306948109058927 0.49921875 0.03605980650835532 0.059375
0 0.21899736147757257 0.88046875 0.03605980650835532 0.0703125
0 0.06992084432717678 0.51875 0.0316622691292876 0.0359375