0 0.21416007036059806 0.8265625 0.021108179419525065 0.0390625
0 0.23614775725593667 0.78203125 0.020228671943711522 0.0359375
0 0.262532981530343 0.73125 0.021108179419525065 0.0421875
0 0.2827616534740545 0.69609375 0.025505716798592787 0.0453125
0 0.31266490765171506 0.64140625 0.022867194371152155 0.040625
0 0.34300791556728233 0.7828125 0.027264731750219876 0.0484375
0 0.36807387862796836 0.740625 0.025505716798592787 0.0453125
0 0.3016710642040457 0.8578125 0.021108179419525065 0.0375
0 0.256816182937555 0.9359375 0.022867194371152155 0.040625
0 0.41952506596306066 0.646875 0.028144239226033423 0.05
0 0.4736147757255937 0.56171875 0.027264731750219876 0.0546875
0 0.3755496921723835 0.5125 0.025505716798592787 0.0484375
0 0.3865435356200528 0.31328125 0.0316622691292876 0.0578125
0 0.36807387862796836 0.2859375 0.030782761653474055 0.0625
0 0.6328056288478452 0.13125 0.036939313984168866 0.0625
0 0.8720316622691293 0.22421875 0.03342128408091469 0.0609375