0 0.6072999120492524 0.57890625 0.028144239226033423 0.0546875
0 0.6323658751099385 0.459375 0.030782761653474055 0.0578125
0 0.7097625329815304 0.54765625 0.027264731750219876 0.0484375
0 0.6534740545294635 0.6734375 0.027264731750219876 0.0515625
0 0.7167985927880387 0.346875 0.03342128408091469 0.0609375
0 0.7370272647317502 0.325 0.032541776605101144 0.0671875
0 0.7167985927880387 0.815625 0.029023746701846966 0.0484375
0 0.6965699208443272 0.77109375 0.027264731750219876 0.0453125
0 0.7999120492524187 0.77734375 0.020228671943711522 0.040625
0 0.783641160949868 0.7421875 0.025505716798592787 0.0453125
0 0.7616534740545294 0.6828125 0.024626209322779244 0.0484375
0 0.787598944591029 0.97734375 0.023746701846965697 0.0421875
0 0.7524186455584873 0.89921875 0.02198768689533861 0.0390625
0 0.8399296394019349 0.87890625 0.02198768689533861 0.040625
0 0.8214599824098505 0.83359375 0.021108179419525065 0.0375
0 0.24582233948988566 0.1796875 0.036939313984168866 0.0609375