0 0.5224274406332454 0.78671875 0.036939313984168866 0.065625
0 0.7664907651715039 0.8328125 0.032541776605101144 0.0421875
0 0.9388742304309586 0.7390625 0.032541776605101144 0.034375
0 0.0681618293755497 0.58828125 0.03342128408091469 0.0625
0 0.04529463500439754 0.60859375 0.03342128408091469 0.065625
0 0.09586631486367635 0.3953125 0.027264731750219876 0.053125
0 0.19920844327176782 0.37265625 0.028144239226033423 0.0578125
0 0.16358839050131926 0.27421875 0.027264731750219876 0.0515625
0 0.113896218117854 0.13125 0.02990325417766051 0.053125
0 0.12928759894459102 0.17578125 0.027264731750219876 0.046875
0 0.04925241864555849 0.134375 0.024626209322779244 0.0484375
0 0.0870712401055409 0.0453125 0.020228671943711522 0.0421875
0 0.03869832893579595 0.196875 0.024626209322779244 0.046875
0 0.027704485488126648 0.16171875 0.018469656992084433 0.0390625
0 0.056288478452066845 0.25859375 0.027264731750219876 0.0515625