0 0.14116094986807387 0.25546875 0.0316622691292876 0.0625
0 0.12093227792436236 0.225 0.029023746701846966 0.0625
0 0.14116094986807387 0.45390625 0.026385224274406333 0.053125
0 0.23790677220756376 0.515625 0.026385224274406333 0.05625
0 0.18997361477572558 0.596875 0.028144239226033423 0.0515625
0 0.1442392260334213 0.68046875 0.027264731750219876 0.0421875
0 0.12269129287598944 0.7203125 0.027264731750219876 0.046875
0 0.09586631486367635 0.62109375 0.026385224274406333 0.0515625
0 0.06068601583113457 0.6234375 0.024626209322779244 0.046875
0 0.0426561125769569 0.6546875 0.021108179419525065 0.040625
0 0.04573438874230431 0.8609375 0.022867194371152155 0.040625
0 0.08619173262972735 0.790625 0.022867194371152155 0.0390625
0 0.08443271767810026 0.571875 0.024626209322779244 0.046875
0 0.018909410729991204 0.70546875 0.019349164467897976 0.0390625
0 0.004837291116974494 0.74453125 0.009674582233948988 0.0453125
0 0.6108179419525066 0.23046875 0.03605980650835532 0.0640625
0 0.8583992963940194 0.28125 0.03342128408091469 0.0359375