0 0.7708883025505717 0.975 0.018469656992084433 0.015625
0 0.7475813544415127 0.925 0.024626209322779244 0.053125
0 0.8003518029903254 0.95390625 0.024626209322779244 0.0515625
0 0.6776605101143359 0.90078125 0.024626209322779244 0.053125
0 0.6270888302550571 0.7921875 0.024626209322779244 0.0515625
0 0.6086191732629728 0.73203125 0.026385224274406333 0.05625
0 0.5883905013192612 0.59921875 0.02990325417766051 0.0609375
0 0.47493403693931396 0.44140625 0.0316622691292876 0.065625
0 0.39050131926121373 0.23046875 0.029023746701846966 0.065625
0 0.3434476693051891 0.14765625 0.03342128408091469 0.065625
0 0.3175021987686895 0.0890625 0.032541776605101144 0.0703125
0 0.021547933157431837 0.0453125 0.03605980650835532 0.0328125
0 0.044854881266490766 0.35078125 0.040457343887423045 0.0578125
0 0.027264731750219876 0.3140625 0.036939313984168866 0.059375