0 0.4287598944591029 0.97421875 0.023746701846965697 0.03125
0 0.39797713280562885 0.8640625 0.019349164467897976 0.0390625
0 0.45822339489885666 0.82421875 0.011433597185576077 0.0328125
0 0.3491644678979771 0.728125 0.020228671943711522 0.0421875
0 0.1772207563764292 0.953125 0.021108179419525065 0.0359375
0 0.15743183817062445 0.92890625 0.021108179419525065 0.04375
0 0.24450307827616535 0.96953125 0.019349164467897976 0.0328125
0 0.24098504837291118 0.63125 0.01759014951627089 0.04375
0 0.2515391380826737 0.615625 0.022867194371152155 0.0453125
0 0.056288478452066845 0.28515625 0.020228671943711522 0.0546875
0 0.07651715039577836 0.2765625 0.021108179419525065 0.05625
0 0.0998240985048373 0.2640625 0.02198768689533861 0.0609375
0 0.12093227792436236 0.25390625 0.019349164467897976 0.059375
0 0.14819700967458224 0.24375 0.0316622691292876 0.0515625
0 0.007036059806508356 0.1421875 0.014072119613016711 0.071875
0 0.01802990325417766 0.1296875 0.03518029903254178 0.0734375
0 0.08003518029903255 0.09765625 0.028144239226033423 0.0671875
0 0.4146877748460862 0.11875 0.03605980650835532 0.0421875
0 0.4665787159190853 0.1015625 0.036939313984168866 0.0390625
0 0.5140721196130167 0.08203125 0.0395778364116095 0.040625
0 0.565523306948109 0.05625 0.0395778364116095 0.04375
0 0.6055408970976254 0.01640625 0.04133685136323659 0.0328125