0 0.08355321020228672 0.50234375 0.03869832893579595 0.0515625
0 0.06640281442392261 0.534375 0.03518029903254178 0.0546875
0 0.0043975373790677225 0.67421875 0.008795074758135445 0.0421875
0 0.18117854001759015 0.93203125 0.0395778364116095 0.04375
0 0.34784520668425684 0.74296875 0.030782761653474055 0.065625
0 0.37247141600703604 0.6890625 0.032541776605101144 0.0640625
0 0.41864555848724716 0.6109375 0.0316622691292876 0.0609375
0 0.4973614775725594 0.41640625 0.0316622691292876 0.059375
0 0.6244503078276166 0.14375 0.025505716798592787 0.0546875
0 0.6433597185576078 0.08515625 0.023746701846965697 0.0484375
0 0.6772207563764292 0.09296875 0.027264731750219876 0.05625