0 0.5175901495162709 0.1375 0.020228671943711522 0.040625
0 0.4529463500439754 0.2484375 0.02198768689533861 0.04375
0 0.5426561125769569 0.25703125 0.020228671943711522 0.0390625
0 0.021547933157431837 0.43125 0.021108179419525065 0.053125
0 0.12445030782761654 0.53828125 0.021108179419525065 0.0578125
0 0.14160070360598065 0.5578125 0.02198768689533861 0.059375
0 0.15963060686015831 0.57734375 0.02198768689533861 0.059375
0 0.1789797713280563 0.596875 0.02198768689533861 0.0625
0 0.2009674582233949 0.6171875 0.0316622691292876 0.05625
0 0.0505716798592788 0.646875 0.040457343887423045 0.06875
0 0.07036059806508356 0.665625 0.03781882145998241 0.0703125
0 0.11961301671064203 0.72109375 0.032541776605101144 0.0671875
0 0.11125769569041337 0.88359375 0.025505716798592787 0.0328125
0 0.4287598944591029 0.86171875 0.03781882145998241 0.0578125
0 0.47493403693931396 0.9046875 0.040457343887423045 0.0546875
0 0.5184696569920845 0.94921875 0.04221635883905013 0.059375
0 0.565523306948109 0.9828125 0.04397537379067722 0.03125