0 0.6662269129287599 0.9875 0.020228671943711522 0.021875
0 0.6231310466138962 0.89609375 0.023746701846965697 0.05
0 0.6068601583113457 0.83671875 0.028144239226033423 0.05625
0 0.6358839050131926 0.834375 0.028144239226033423 0.059375
0 0.48504837291116976 0.5484375 0.032541776605101144 0.059375
0 0.4102902374670185 0.3421875 0.030782761653474055 0.0609375
0 0.3658751099384345 0.2625 0.0316622691292876 0.059375
0 0.3434476693051891 0.203125 0.030782761653474055 0.0640625
0 0.14072119613016712 0.02421875 0.03869832893579595 0.0484375
0 0.07080035180299032 0.42265625 0.03869832893579595 0.0546875
0 0.05408970976253298 0.3890625 0.036939313984168866 0.0578125