0 0.6134564643799473 0.54453125 0.028144239226033423 0.0546875
0 0.6262093227792436 0.41953125 0.030782761653474055 0.0578125
0 0.7110817941952506 0.48203125 0.027264731750219876 0.0484375
0 0.667985927880387 0.6234375 0.027264731750219876 0.0515625
0 0.6983289357959542 0.2828125 0.03342128408091469 0.0609375
0 0.716358839050132 0.2546875 0.032541776605101144 0.0671875
0 0.7440633245382586 0.74453125 0.029023746701846966 0.0484375
0 0.7203166226912929 0.70625 0.027264731750219876 0.0453125
0 0.8223394898856641 0.68046875 0.020228671943711522 0.040625
0 0.8034300791556728 0.6515625 0.025505716798592787 0.0453125
0 0.7752858399296394 0.59921875 0.024626209322779244 0.0484375
0 0.830255057167986 0.88359375 0.022867194371152155 0.0453125
0 0.787598944591029 0.815625 0.02198768689533861 0.0390625
0 0.8715919085312225 0.76875 0.02198768689533861 0.040625
0 0.8491644678979772 0.7296875 0.021108179419525065 0.0375
0 0.218117854001759 0.26328125 0.036939313984168866 0.0609375