0 0.4758135444151275 0.67109375 0.032541776605101144 0.0515625
0 0.449868073878628 0.68671875 0.03605980650835532 0.0609375
0 0.5237467018469657 0.78671875 0.03518029903254178 0.0625
0 0.575197889182058 0.85625 0.03518029903254178 0.059375
0 0.6160949868073878 0.91015625 0.03518029903254178 0.0609375
0 0.6706244503078276 0.9140625 0.04221635883905013 0.0640625
0 0.7220756376429199 0.95703125 0.0395778364116095 0.034375
0 0.5 0.29609375 0.025505716798592787 0.040625
0 0.42700087950747584 0.39609375 0.027264731750219876 0.046875
0 0.3966578715919085 0.4046875 0.027264731750219876 0.046875
0 0.6363236587510994 0.0171875 0.019349164467897976 0.034375
0 0.6864555848724714 0.0359375 0.02198768689533861 0.0421875
0 0.30299032541776605 0.5171875 0.03430079155672823 0.053125
0 0.22911169744942833 0.31484375 0.023746701846965697 0.0421875
0 0.2260334212840809 0.26171875 0.025505716798592787 0.04375
0 0.22163588390501318 0.21875 0.025505716798592787 0.0390625
0 0.13500439753737906 0.1515625 0.028144239226033423 0.0390625
0 0.12928759894459102 0.11015625 0.02198768689533861 0.0390625
0 0.1534740545294635 0.1359375 0.02198768689533861 0.040625
0 0.18425681618293754 0.65546875 0.03781882145998241 0.0546875