0 0.5294635004397538 0.478125 0.026385224274406333 0.053125
0 0.4810905892700088 0.26796875 0.022867194371152155 0.0515625
0 0.3658751099384345 0.34296875 0.027264731750219876 0.0296875
0 0.08135444151275285 0.03203125 0.03342128408091469 0.034375
0 0.0633245382585752 0.07109375 0.02990325417766051 0.0328125
0 0.1723834652594547 0.01171875 0.03342128408091469 0.0234375
0 0.16490765171503957 0.0453125 0.0316622691292876 0.03125
0 0.1437994722955145 0.10390625 0.03781882145998241 0.03125
0 0.14907651715039577 0.084375 0.03518029903254178 0.0375
0 0.15743183817062445 0.0625 0.032541776605101144 0.03125
0 0.20052770448548812 0.08671875 0.036939313984168866 0.0328125
0 0.19656992084432717 0.10625 0.028144239226033423 0.03125
0 0.1917326297273527 0.12421875 0.030782761653474055 0.028125
0 0.25813544415127526 0.17578125 0.021108179419525065 0.0234375
0 0.03781882145998241 0.0109375 0.022867194371152155 0.021875
0 0.4155672823218997 0.71484375 0.03869832893579595 0.059375
0 0.6829375549692173 0.93515625 0.03605980650835532 0.071875
0 0.9832893579595426 0.65625 0.022867194371152155 0.04375
0 0.8135444151275286 0.98671875 0.040457343887423045 0.0234375
0 0.9217238346525946 0.40546875 0.029023746701846966 0.046875