0 0.7203166226912929 0.85 0.03781882145998241 0.05
0 0.4841688654353562 0.52578125 0.024626209322779244 0.0375
0 0.46130167106420406 0.5359375 0.028144239226033423 0.0421875
0 0.49296394019349166 0.3015625 0.025505716798592787 0.0359375
0 0.45910290237467016 0.3515625 0.020228671943711522 0.040625
0 0.3623570800351803 0.38125 0.023746701846965697 0.0328125
0 0.39841688654353563 0.35859375 0.027264731750219876 0.034375
0 0.3940193491644679 0.39921875 0.024626209322779244 0.0421875
0 0.2906772207563764 0.49453125 0.025505716798592787 0.040625
0 0.2357080035180299 0.4890625 0.02990325417766051 0.0390625
0 0.22911169744942833 0.17734375 0.019349164467897976 0.025
0 0.27880386983289357 0.17421875 0.020228671943711522 0.028125
0 0.20448548812664907 0.08515625 0.01759014951627089 0.0296875
0 0.22251539138082674 0.10546875 0.018469656992084433 0.028125
0 0.6829375549692173 0.0703125 0.016710642040457344 0.0328125
0 0.6270888302550571 0.1015625 0.016710642040457344 0.0328125
0 0.6160949868073878 0.084375 0.01759014951627089 0.0296875
0 0.022867194371152155 0.72265625 0.040457343887423045 0.0578125
0 0.8526824978012313 0.978125 0.028144239226033423 0.0203125