0 0.5294635004397538 0.52265625 0.026385224274406333 0.0515625
0 0.4788918205804749 0.73125 0.022867194371152155 0.0515625
0 0.36455584872471414 0.653125 0.026385224274406333 0.028125
0 0.07695690413368514 0.9546875 0.032541776605101144 0.0328125
0 0.058927000879507474 0.91484375 0.029023746701846966 0.0328125
0 0.1772207563764292 0.99375 0.032541776605101144 0.009375
0 0.16710642040457344 0.98359375 0.0316622691292876 0.03125
0 0.16051011433597184 0.94375 0.030782761653474055 0.03125
0 0.13984168865435356 0.88515625 0.03781882145998241 0.03125
0 0.14511873350923482 0.9046875 0.03518029903254178 0.0359375
0 0.1534740545294635 0.92734375 0.032541776605101144 0.0296875
0 0.1961301671064204 0.90390625 0.03605980650835532 0.03125
0 0.19261213720316622 0.884375 0.027264731750219876 0.03125
0 0.1882145998240985 0.86640625 0.030782761653474055 0.028125
0 0.25505716798592787 0.81640625 0.021108179419525065 0.0234375
0 0.03562005277044855 0.99140625 0.025505716798592787 0.0140625
0 0.032981530343007916 0.978125 0.02198768689533861 0.0265625
0 0.4177660510114336 0.28203125 0.03869832893579595 0.0578125
0 0.6873350923482849 0.07109375 0.03605980650835532 0.0703125
0 0.9846086191732629 0.359375 0.021108179419525065 0.0453125
0 0.8183817062445031 0.01796875 0.0395778364116095 0.0359375
0 0.920844327176781 0.6078125 0.028144239226033423 0.046875