0 0.35839929639401935 0.33984375 0.029023746701846966 0.0328125
0 0.5175901495162709 0.45546875 0.028144239226033423 0.05625
0 0.41072999120492526 0.7359375 0.040457343887423045 0.05625
0 0.6495162708883025 0.87109375 0.032541776605101144 0.071875
0 0.9340369393139841 0.40078125 0.0316622691292876 0.046875
0 0.0633245382585752 0.0125 0.03342128408091469 0.025
0 0.044415127528583995 0.04921875 0.029023746701846966 0.0296875
0 0.14951627088830255 0.01796875 0.032541776605101144 0.03125
0 0.1442392260334213 0.0375 0.03518029903254178 0.03125
0 0.13280562884784522 0.0609375 0.03430079155672823 0.03125
0 0.1284080914687775 0.08203125 0.03781882145998241 0.034375
0 0.1864555848724714 0.06328125 0.036939313984168866 0.0328125
0 0.18337730870712401 0.084375 0.029023746701846966 0.0328125
0 0.1789797713280563 0.10546875 0.029023746701846966 0.0296875
0 0.24802110817941952 0.159375 0.023746701846965697 0.0265625