0 0.7207563764291997 0.771875 0.021108179419525065 0.0359375
0 0.7176781002638523 0.8390625 0.021108179419525065 0.0296875
0 0.7717678100263852 0.87890625 0.02198768689533861 0.034375
0 0.7902374670184696 0.934375 0.014951627088830254 0.03125
0 0.7735268249780123 0.91171875 0.019349164467897976 0.028125
0 0.5650835532102023 0.67890625 0.021108179419525065 0.0359375
0 0.4287598944591029 0.85 0.022867194371152155 0.034375
0 0.41996481970096744 0.8265625 0.020228671943711522 0.0359375
0 0.480650835532102 0.79921875 0.020228671943711522 0.0296875
0 0.4766930518909411 0.725 0.02198768689533861 0.0390625
0 0.6147757255936676 0.55234375 0.029023746701846966 0.0453125
0 0.5321020228671943 0.5203125 0.022867194371152155 0.046875
0 0.5189094107299912 0.45 0.029023746701846966 0.040625
0 0.5430958663148637 0.44453125 0.029023746701846966 0.0453125
0 0.45030782761653476 0.3078125 0.03342128408091469 0.0484375
0 0.36939313984168864 0.1890625 0.032541776605101144 0.05
0 0.2075637642919965 0.04765625 0.04309586631486367 0.0515625
0 0.24010554089709762 0.03359375 0.0395778364116095 0.05
0 0.3051890941072999 0.9015625 0.018469656992084433 0.034375
0 0.7713280562884784 0.51328125 0.032541776605101144 0.05
0 0.7854001759014951 0.38203125 0.029023746701846966 0.0515625