0 0.658311345646438 0.59921875 0.029023746701846966 0.034375
0 0.48856640281442393 0.55078125 0.029023746701846966 0.05625
0 0.5567282321899736 0.234375 0.04133685136323659 0.0578125
0 0.3073878627968338 0.1984375 0.03342128408091469 0.0734375
0 0.1266490765171504 0.1046875 0.03518029903254178 0.059375
0 0.08970976253298153 0.76953125 0.0316622691292876 0.0484375
0 0.9854881266490765 0.80859375 0.027264731750219876 0.0390625
0 0.9925241864555848 0.75859375 0.013192612137203167 0.0328125
0 0.9023746701846965 0.8296875 0.03342128408091469 0.03125
0 0.9050131926121372 0.80859375 0.03605980650835532 0.0328125
0 0.9133685136323659 0.78125 0.03518029903254178 0.0328125
0 0.9146877748460862 0.75859375 0.03781882145998241 0.0359375
0 0.899736147757256 0.875 0.03605980650835532 0.034375
0 0.8918205804749341 0.89765625 0.03605980650835532 0.0359375
0 0.8605980650835532 0.8 0.036939313984168866 0.034375
0 0.8614775725593667 0.77890625 0.029023746701846966 0.034375
0 0.862796833773087 0.75625 0.02990325417766051 0.03125
0 0.7884784520668425 0.73125 0.024626209322779244 0.0265625