0 0.6613896218117854 0.43359375 0.029023746701846966 0.0328125
0 0.9916446789797714 0.21484375 0.014951627088830254 0.0390625
0 0.9780123131046614 0.10859375 0.03869832893579595 0.0203125
0 0.9120492524186455 0.18984375 0.03430079155672823 0.034375
0 0.9164467897977133 0.21328125 0.036939313984168866 0.0359375
0 0.9243623570800352 0.240625 0.03869832893579595 0.0375
0 0.9261213720316622 0.26640625 0.040457343887423045 0.0375
0 0.8689533861037819 0.22265625 0.036939313984168866 0.034375
0 0.8698328935795955 0.24375 0.02990325417766051 0.034375
0 0.8715919085312225 0.26875 0.02990325417766051 0.0328125
0 0.909410729991205 0.14375 0.0395778364116095 0.0359375
0 0.9023746701846965 0.12109375 0.036939313984168866 0.0375
0 0.8979771328056289 0.09921875 0.03430079155672823 0.0328125
0 0.7959542656112577 0.29375 0.02198768689533861 0.0296875
0 0.6020228671943711 0.20859375 0.028144239226033423 0.05625
0 0.5048372911169745 0.4453125 0.027264731750219876 0.05625
0 0.5576077396657871 0.81015625 0.0395778364116095 0.0578125
0 0.34520668425681617 0.7640625 0.03518029903254178 0.071875
0 0.0773966578715919 0.25703125 0.03430079155672823 0.05625