0 0.28232189973614774 0.49453125 0.040457343887423045 0.0328125
0 0.3337730870712401 0.490625 0.03430079155672823 0.03125
0 0.3988566402814424 0.47734375 0.03518029903254178 0.0359375
0 0.4388742304309587 0.47890625 0.0395778364116095 0.034375
0 0.5008795074758136 0.46484375 0.03869832893579595 0.0328125
0 0.49560246262093227 0.5328125 0.03869832893579595 0.0390625
0 0.4388742304309587 0.65703125 0.04309586631486367 0.0359375
0 0.6288478452066842 0.446875 0.036939313984168866 0.0328125
0 0.6895338610378188 0.62890625 0.04221635883905013 0.0359375
0 0.48988566402814426 0.64921875 0.0395778364116095 0.034375
0 0.23702726473175023 0.6890625 0.03518029903254178 0.034375
0 0.3412489006156552 0.675 0.03518029903254178 0.0296875
0 0.7977132805628848 0.1390625 0.018469656992084433 0.0703125
0 0.895778364116095 0.3125 0.022867194371152155 0.071875
0 0.9674582233948988 0.5203125 0.03869832893579595 0.0375
0 0.10949868073878628 0.06640625 0.02198768689533861 0.059375