0 0.28232189973614774 0.5125 0.040457343887423045 0.0328125
0 0.3337730870712401 0.51484375 0.03430079155672823 0.0296875
0 0.3992963940193492 0.52578125 0.03518029903254178 0.034375
0 0.4393139841688654 0.52265625 0.0395778364116095 0.034375
0 0.5008795074758136 0.53515625 0.03869832893579595 0.03125
0 0.4951627088830255 0.46796875 0.03869832893579595 0.0375
0 0.43755496921723835 0.3453125 0.04309586631486367 0.0359375
0 0.6292875989445911 0.54921875 0.036939313984168866 0.03125
0 0.6882145998240985 0.365625 0.04221635883905013 0.0359375
0 0.48856640281442393 0.35078125 0.0395778364116095 0.034375
0 0.23526824978012312 0.31953125 0.03518029903254178 0.0328125
0 0.33948988566402816 0.3296875 0.03518029903254178 0.028125
0 0.8012313104661389 0.8515625 0.018469656992084433 0.0703125
0 0.8975373790677221 0.67578125 0.022867194371152155 0.071875
0 0.9670184696569921 0.46484375 0.03869832893579595 0.0359375
0 0.113896218117854 0.94609375 0.021108179419525065 0.059375