0 0.4155672823218997 0.8796875 0.03605980650835532 0.0625
0 0.4837291116974494 0.90234375 0.03342128408091469 0.0578125
0 0.5263852242744064 0.7828125 0.0316622691292876 0.053125
0 0.5527704485488126 0.79765625 0.03605980650835532 0.053125
0 0.6934916446789797 0.74765625 0.027264731750219876 0.053125
0 0.752858399296394 0.41640625 0.019349164467897976 0.0390625
0 0.7563764291996482 0.3640625 0.02198768689533861 0.040625
0 0.7572559366754618 0.32421875 0.022867194371152155 0.0328125
0 0.837730870712401 0.21640625 0.020228671943711522 0.03125
0 0.8175021987686896 0.2421875 0.020228671943711522 0.0328125
0 0.9722955145118733 0.04375 0.013192612137203167 0.0234375
0 0.9551451187335093 0.065625 0.021108179419525065 0.03125
0 0.9322779243623571 0.09453125 0.018469656992084433 0.028125
0 0.9190853122251539 0.1125 0.014951627088830254 0.0234375
0 0.8887423043095867 0.19609375 0.022867194371152155 0.034375
0 0.4995602462620932 0.41796875 0.026385224274406333 0.04375
0 0.405452946350044 0.23359375 0.021108179419525065 0.0328125
0 0.2858399296394019 0.01015625 0.01759014951627089 0.0203125
0 0.28100263852242746 0.04140625 0.014951627088830254 0.0375
0 0.3302550571679859 0.075 0.01759014951627089 0.0265625
0 0.30562884784520666 0.19921875 0.019349164467897976 0.0359375
0 0.4283201407211961 0.978125 0.0395778364116095 0.040625
0 0.8126649076517151 0.7375 0.040457343887423045 0.0609375