0 0.480650835532102 0.4671875 0.029023746701846966 0.0453125
0 0.45646437994722955 0.46484375 0.026385224274406333 0.0421875
0 0.4604221635883905 0.56484375 0.019349164467897976 0.0484375
0 0.4234828496042216 0.61484375 0.029023746701846966 0.046875
0 0.405452946350044 0.65390625 0.026385224274406333 0.040625
0 0.28408091468777485 0.809375 0.021108179419525065 0.03125
0 0.2959542656112577 0.8671875 0.020228671943711522 0.028125
0 0.49604221635883905 0.76875 0.020228671943711522 0.03125
0 0.5470536499560247 0.80625 0.02198768689533861 0.034375
0 0.5615655233069481 0.7671875 0.02198768689533861 0.0359375
0 0.5998240985048373 0.83828125 0.020228671943711522 0.0359375
0 0.5628847845206685 0.29296875 0.0316622691292876 0.053125
0 0.6473175021987687 0.1609375 0.03518029903254178 0.053125
0 0.7884784520668425 0.00703125 0.04309586631486367 0.0140625
0 0.26033421284080915 0.47109375 0.03430079155672823 0.0515625
0 0.23175021987686895 0.54921875 0.03518029903254178 0.0453125
0 0.24318381706244502 0.940625 0.021108179419525065 0.0328125
0 0.22559366754617413 0.965625 0.01759014951627089 0.0296875
0 0.21943711521547934 0.9359375 0.021108179419525065 0.03125
0 0.012752858399296393 0.359375 0.025505716798592787 0.0625