0 0.11213720316622691 0.7 0.022867194371152155 0.0734375
0 0.07080035180299032 0.4796875 0.04133685136323659 0.0421875
0 0.3148636763412489 0.38125 0.04133685136323659 0.040625
0 0.37686895338610377 0.56171875 0.03869832893579595 0.040625
0 0.4714160070360598 0.47890625 0.0395778364116095 0.0375
0 0.503957783641161 0.5359375 0.040457343887423045 0.0375
0 0.5646437994722955 0.52421875 0.040457343887423045 0.034375
0 0.6064204045734388 0.52265625 0.03605980650835532 0.0328125
0 0.6693051890941073 0.5078125 0.03605980650835532 0.03125
0 0.723834652594547 0.50390625 0.0395778364116095 0.0328125
0 0.7669305189094108 0.3078125 0.03781882145998241 0.034375
0 0.6605101143359718 0.32421875 0.03342128408091469 0.034375
0 0.5637642919964819 0.34375 0.04309586631486367 0.0375
0 0.5127528583992964 0.3546875 0.03869832893579595 0.0390625
0 0.21152154793315744 0.8703125 0.020228671943711522 0.06875
0 0.899736147757256 0.92421875 0.022867194371152155 0.0546875