0 0.4445910290237467 0.26796875 0.036939313984168866 0.05
0 0.5338610378188214 0.51171875 0.024626209322779244 0.0515625
0 0.47229551451187335 0.66796875 0.024626209322779244 0.046875
0 0.35664028144239224 0.59296875 0.027264731750219876 0.0296875
0 0.17458223394898856 0.76953125 0.0316622691292876 0.028125
0 0.17326297273526825 0.74921875 0.026385224274406333 0.028125
0 0.1706244503078276 0.72890625 0.028144239226033423 0.0234375
0 0.15127528583992964 0.8640625 0.028144239226033423 0.0265625
0 0.13544415127528583 0.79296875 0.029023746701846966 0.0265625
0 0.13896218117854 0.828125 0.029023746701846966 0.0296875
0 0.14775725593667546 0.84765625 0.02990325417766051 0.0265625
0 0.13236587510993844 0.775 0.030782761653474055 0.028125
0 0.12576956904133685 0.75234375 0.03430079155672823 0.03125
0 0.12269129287598944 0.73359375 0.03430079155672823 0.0328125
0 0.05760773966578716 0.7734375 0.029023746701846966 0.03125
0 0.0426561125769569 0.73203125 0.029023746701846966 0.0234375
0 0.08047493403693931 0.86875 0.0316622691292876 0.03125
0 0.08795074758135445 0.88671875 0.029023746701846966 0.0296875
0 0.0043975373790677225 0.74296875 0.008795074758135445 0.0265625
0 0.006596306068601583 0.76171875 0.013192612137203167 0.0296875
0 0.013192612137203167 0.78125 0.026385224274406333 0.028125
0 0.013192612137203167 0.80078125 0.025505716798592787 0.025
0 0.024186455584872472 0.83515625 0.029023746701846966 0.0265625
0 0.03342128408091469 0.87265625 0.0316622691292876 0.03125
0 0.03913808267370272 0.88828125 0.0316622691292876 0.03125
0 0.04661389621811785 0.90625 0.027264731750219876 0.025
0 0.8887423043095867 0.72890625 0.027264731750219876 0.04375
0 0.9824098504837291 0.52578125 0.03342128408091469 0.0515625
0 0.9929639401934917 0.4921875 0.012313104661389622 0.040625
0 0.980650835532102 0.6765625 0.023746701846965697 0.04375
0 0.9758135444151276 0.84609375 0.013192612137203167 0.0296875
0 0.23834652594547054 0.7078125 0.021108179419525065 0.0234375
0 0.8592788038698329 0.134375 0.03781882145998241 0.0671875
0 0.7691292875989446 0.0859375 0.03518029903254178 0.0671875
0 0.8922603342128408 0.09140625 0.04221635883905013 0.05