0 0.465259454705365 0.32890625 0.023746701846965697 0.071875
0 0.28979771328056286 0.11640625 0.018469656992084433 0.06875
0 0.29243623570800353 0.18125 0.0158311345646438 0.0625
0 0.5501319261213721 0.13046875 0.016710642040457344 0.0703125
0 0.6125769569041337 0.228125 0.04221635883905013 0.0375
0 0.613896218117854 0.275 0.04133685136323659 0.04375
0 0.575197889182058 0.4390625 0.040457343887423045 0.05
0 0.7387862796833773 0.39609375 0.04133685136323659 0.0421875
0 0.8689533861037819 0.38046875 0.04309586631486367 0.040625
0 0.9322779243623571 0.37421875 0.04309586631486367 0.040625
0 0.9727352682497801 0.3671875 0.03869832893579595 0.0328125
0 0.9511873350923483 0.55234375 0.047493403693931395 0.0390625
0 0.8975373790677221 0.5609375 0.04397537379067722 0.0390625
0 0.7801231310466139 0.56796875 0.04133685136323659 0.046875
0 0.6952506596306068 0.58671875 0.04133685136323659 0.04375
0 0.26077396657871593 0.9578125 0.022867194371152155 0.075
0 0.04001759014951627 0.79921875 0.04133685136323659 0.0390625