0 0.29023746701846964 0.7984375 0.02198768689533861 0.0375
0 0.2959542656112577 0.86484375 0.02198768689533861 0.03125
0 0.2436235708003518 0.91171875 0.022867194371152155 0.0359375
0 0.22735268249780125 0.96953125 0.0158311345646438 0.0328125
0 0.24318381706244502 0.94453125 0.020228671943711522 0.0296875
0 0.4419525065963061 0.68671875 0.02198768689533861 0.0375
0 0.5848724714160071 0.83984375 0.023746701846965697 0.0359375
0 0.5923482849604221 0.815625 0.021108179419525065 0.0375
0 0.5312225153913809 0.79609375 0.021108179419525065 0.03125
0 0.5321020228671943 0.721875 0.022867194371152155 0.040625
0 0.38786279683377306 0.56640625 0.030782761653474055 0.0484375
0 0.4687774846086192 0.52421875 0.024626209322779244 0.0484375
0 0.4788918205804749 0.453125 0.02990325417766051 0.04375
0 0.4551451187335092 0.45 0.030782761653474055 0.0484375
0 0.5422163588390502 0.30234375 0.03518029903254178 0.053125
0 0.6182937554969217 0.17421875 0.03430079155672823 0.0546875
0 0.7739665787159191 0.02109375 0.04573438874230431 0.0421875
0 0.7405452946350044 0.01484375 0.04221635883905013 0.0296875
0 0.7102022867194371 0.8765625 0.019349164467897976 0.0359375
0 0.22999120492524186 0.546875 0.03430079155672823 0.0546875
0 0.2106420404573439 0.4171875 0.030782761653474055 0.0546875