0 0.8091468777484608 0.90625 0.019349164467897976 0.075
0 0.7559366754617414 0.10703125 0.01759014951627089 0.0625
0 0.7546174142480211 0.1734375 0.018469656992084433 0.0609375
0 0.45822339489885666 0.490625 0.02990325417766051 0.0671875
0 0.5866314863676341 0.33125 0.021108179419525065 0.0703125
0 0.4384344766930519 0.24453125 0.0395778364116095 0.0359375
0 0.43755496921723835 0.2875 0.040457343887423045 0.034375
0 0.5 0.1421875 0.018469656992084433 0.071875
0 0.31618293755496923 0.4203125 0.0395778364116095 0.034375
0 0.29155672823219 0.58359375 0.03781882145998241 0.053125
0 0.3654353562005277 0.61015625 0.040457343887423045 0.0359375
0 0.01759014951627089 0.41171875 0.030782761653474055 0.0328125
0 0.015391380826737027 0.59921875 0.030782761653474055 0.0296875
0 0.079155672823219 0.41171875 0.03869832893579595 0.0328125
0 0.12137203166226913 0.41640625 0.04133685136323659 0.034375
0 0.18557607739665788 0.415625 0.040457343887423045 0.034375
0 0.1090589270008795 0.59765625 0.04661389621811785 0.0375
0 0.16094986807387862 0.6 0.04309586631486367 0.034375