0 0.5338610378188214 0.334375 0.0316622691292876 0.05
0 0.5606860158311345 0.32421875 0.03518029903254178 0.0578125
0 0.49340369393139843 0.21015625 0.03342128408091469 0.0609375
0 0.44591029023746703 0.13125 0.03430079155672823 0.05625
0 0.40853122251539137 0.0703125 0.03430079155672823 0.0578125
0 0.3548812664907652 0.05625 0.040457343887423045 0.0625
0 0.3065083553210202 0.01015625 0.0395778364116095 0.0203125
0 0.48812664907651715 0.70234375 0.024626209322779244 0.0390625
0 0.5664028144239226 0.61640625 0.026385224274406333 0.0453125
0 0.5971855760773966 0.6140625 0.026385224274406333 0.0453125
0 0.335971855760774 0.9546875 0.019349164467897976 0.034375
0 0.287598944591029 0.9265625 0.021108179419525065 0.040625
0 0.6965699208443272 0.51953125 0.03342128408091469 0.05
0 0.758575197889182 0.734375 0.022867194371152155 0.040625
0 0.7581354441512753 0.78828125 0.024626209322779244 0.0421875
0 0.7603342128408092 0.83125 0.024626209322779244 0.0375
0 0.8425681618293756 0.91484375 0.027264731750219876 0.0375
0 0.8456464379947229 0.95703125 0.021108179419525065 0.0375
0 0.8232189973614775 0.9265625 0.021108179419525065 0.0390625
0 0.8232189973614775 0.4046875 0.036939313984168866 0.0515625