0 0.23878627968337732 0.97578125 0.03518029903254178 0.034375
0 0.29023746701846964 0.97421875 0.032541776605101144 0.040625
0 0.34212840809146877 0.921875 0.03869832893579595 0.0640625
0 0.3944591029023747 0.91171875 0.03605980650835532 0.05625
0 0.43447669305189096 0.85390625 0.03605980650835532 0.0609375
0 0.48504837291116976 0.778125 0.03518029903254178 0.05625
0 0.5281442392260334 0.66015625 0.03430079155672823 0.0453125
0 0.5545294635004397 0.67265625 0.03342128408091469 0.053125
0 0.4525065963060686 0.21796875 0.022867194371152155 0.0484375
0 0.5589270008795075 0.3734375 0.027264731750219876 0.0515625
0 0.648636763412489 0.46484375 0.029023746701846966 0.05
0 0.7554969217238346 0.5875 0.03605980650835532 0.0546875
0 0.8153034300791556 0.61953125 0.03869832893579595 0.0546875
0 0.7669305189094108 0.1890625 0.02198768689533861 0.0359375
0 0.7638522427440633 0.234375 0.025505716798592787 0.0453125
0 0.7616534740545294 0.28984375 0.02198768689533861 0.0421875
0 0.8605980650835532 0.1078125 0.024626209322779244 0.0375
0 0.8544415127528584 0.07578125 0.018469656992084433 0.0359375
0 0.8333333333333334 0.1015625 0.022867194371152155 0.0359375
0 0.29991204925241866 0.05546875 0.021108179419525065 0.0421875