0 0.7167985927880387 0.4609375 0.040457343887423045 0.0328125
0 0.6653474054529463 0.46484375 0.03430079155672823 0.0296875
0 0.5993843447669305 0.46171875 0.03518029903254178 0.034375
0 0.559806508355321 0.46953125 0.0395778364116095 0.034375
0 0.4973614775725594 0.46484375 0.03869832893579595 0.03125
0 0.5057167985927881 0.53203125 0.03869832893579595 0.0375
0 0.5686015831134564 0.646875 0.04309586631486367 0.0359375
0 0.36895338610378187 0.46640625 0.036939313984168866 0.03125
0 0.3175021987686895 0.6578125 0.04221635883905013 0.0359375
0 0.5175901495162709 0.64765625 0.0395778364116095 0.034375
0 0.7713280562884784 0.64765625 0.03518029903254178 0.0328125
0 0.6666666666666666 0.65 0.03518029903254178 0.028125
0 0.18601583113456466 0.18671875 0.018469656992084433 0.0703125
0 0.09674582233948989 0.37421875 0.022867194371152155 0.071875
0 0.03562005277044855 0.59296875 0.03869832893579595 0.0359375
0 0.8685136323658751 0.01875 0.02198768689533861 0.0375