0 0.63896218117854 0.053125 0.020228671943711522 0.06875
0 0.644678979771328 0.11796875 0.018469656992084433 0.065625
0 0.4947229551451187 0.3265625 0.024626209322779244 0.071875
0 0.38698328935795956 0.16640625 0.013192612137203167 0.0734375
0 0.3386103781882146 0.284375 0.04133685136323659 0.04375
0 0.34212840809146877 0.32421875 0.04309586631486367 0.040625
0 0.41204925241864554 0.4640625 0.0395778364116095 0.0390625
0 0.23526824978012312 0.4921875 0.0395778364116095 0.0390625
0 0.30035180299032543 0.665625 0.04309586631486367 0.0375
0 0.20976253298153033 0.68203125 0.04221635883905013 0.040625
0 0.1077396657871592 0.525 0.04309586631486367 0.040625
0 0.044854881266490766 0.54453125 0.04221635883905013 0.040625
0 0.09894459102902374 0.7125 0.04221635883905013 0.040625
0 0.048812664907651716 0.72734375 0.047493403693931395 0.0421875
0 0.011873350923482849 0.54765625 0.023746701846965697 0.03125
0 0.7717678100263852 0.896875 0.020228671943711522 0.078125
0 0.9648197009674582 0.62734375 0.044854881266490766 0.040625