0 0.2911169744942832 0.05390625 0.016710642040457344 0.028125
0 0.29683377308707126 0.13203125 0.016710642040457344 0.034375
0 0.3654353562005277 0.20703125 0.020228671943711522 0.03125
0 0.2963940193491645 0.23515625 0.020228671943711522 0.04375
0 0.5153913808267371 0.4609375 0.023746701846965697 0.05
0 0.5369393139841688 0.8078125 0.03342128408091469 0.05625
0 0.5642040457343888 0.81953125 0.03342128408091469 0.0546875
0 0.49648197009674583 0.93515625 0.03781882145998241 0.0578125
0 0.3970976253298153 0.96796875 0.03781882145998241 0.0609375
0 0.7550571679859279 0.3609375 0.024626209322779244 0.0421875
0 0.7546174142480211 0.41328125 0.023746701846965697 0.040625
0 0.9656992084432717 0.01328125 0.011433597185576077 0.021875
0 0.9467897977132805 0.0375 0.019349164467897976 0.0328125
0 0.9261213720316622 0.065625 0.01759014951627089 0.0296875
0 0.9129287598944591 0.084375 0.014951627088830254 0.025
0 0.8755496921723834 0.190625 0.023746701846965697 0.0390625
0 0.832014072119613 0.203125 0.019349164467897976 0.034375
0 0.8139841688654353 0.228125 0.01759014951627089 0.034375
0 0.7532981530343008 0.3171875 0.022867194371152155 0.0390625
0 0.8236587510993844 0.73359375 0.03605980650835532 0.0578125
0 0.9050131926121372 0.93984375 0.0395778364116095 0.0609375
0 0.7620932277924363 0.840625 0.03518029903254178 0.0625