0 0.4947229551451187 0.51171875 0.03781882145998241 0.046875
0 0.45118733509234826 0.453125 0.036939313984168866 0.0375
0 0.4019349164467898 0.64140625 0.03869832893579595 0.0390625
0 0.579155672823219 0.4484375 0.04133685136323659 0.0328125
0 0.6424802110817942 0.44765625 0.04133685136323659 0.034375
0 0.6824978012313104 0.44140625 0.03518029903254178 0.0359375
0 0.7480211081794196 0.43828125 0.032541776605101144 0.0296875
0 0.8021108179419525 0.43359375 0.0395778364116095 0.0359375
0 0.7524186455584873 0.625 0.03605980650835532 0.03125
0 0.6543535620052771 0.62734375 0.04221635883905013 0.0328125
0 0.6011433597185576 0.628125 0.03781882145998241 0.0375
0 0.8592788038698329 0.61875 0.036939313984168866 0.0296875
0 0.014951627088830254 0.15 0.018469656992084433 0.065625
0 0.0158311345646438 0.21640625 0.01759014951627089 0.0640625
0 0.26649076517150394 0.17890625 0.01759014951627089 0.0734375
0 0.3232189973614776 0.2796875 0.029023746701846966 0.0359375
0 0.32497801231310464 0.32578125 0.0316622691292876 0.034375
0 0.1820580474934037 0.3734375 0.02198768689533861 0.0703125
0 0.22691292875989447 0.62421875 0.040457343887423045 0.0375
0 0.008355321020228672 0.0609375 0.016710642040457344 0.03125