0 0.08047493403693931 0.64609375 0.030782761653474055 0.0484375
0 0.7264731750219877 0.9421875 0.026385224274406333 0.0515625
0 0.7291116974494283 0.9875 0.026385224274406333 0.021875
0 0.6943711521547933 0.52734375 0.029023746701846966 0.0328125
0 0.9415127528583993 0.93515625 0.03605980650835532 0.0265625
0 0.9467897977132805 0.91171875 0.036939313984168866 0.028125
0 0.955584872471416 0.88515625 0.0395778364116095 0.0328125
0 0.9599824098504838 0.8328125 0.036939313984168866 0.028125
0 0.9656992084432717 0.80546875 0.03869832893579595 0.0296875
0 0.9727352682497801 0.7765625 0.04133685136323659 0.03125
0 0.974934036939314 0.74609375 0.040457343887423045 0.0296875
0 0.9133685136323659 0.79140625 0.040457343887423045 0.03125
0 0.9151275285839929 0.76484375 0.03430079155672823 0.0296875
0 0.9177660510114336 0.7390625 0.03430079155672823 0.025
0 0.8342128408091469 0.69921875 0.022867194371152155 0.0296875
0 0.5967458223394899 0.103125 0.040457343887423045 0.0703125