0 0.33157431838170626 0.08671875 0.01759014951627089 0.065625
0 0.3302550571679859 0.15234375 0.0158311345646438 0.0625
0 0.49340369393139843 0.3265625 0.02198768689533861 0.06875
0 0.5892700087950747 0.14375 0.009674582233948988 0.071875
0 0.6451187335092349 0.25078125 0.0395778364116095 0.0375
0 0.644678979771328 0.29140625 0.04133685136323659 0.034375
0 0.5848724714160071 0.4453125 0.03781882145998241 0.034375
0 0.762532981530343 0.43515625 0.03781882145998241 0.034375
0 0.7097625329815304 0.62109375 0.04133685136323659 0.03125
0 0.8007915567282322 0.61796875 0.040457343887423045 0.034375
0 0.8909410729991205 0.43984375 0.04133685136323659 0.034375
0 0.9547053649956024 0.44609375 0.040457343887423045 0.034375
0 0.9124890061565524 0.62421875 0.040457343887423045 0.034375
0 0.9635004397537379 0.628125 0.04573438874230431 0.0359375
0 0.9876868953386104 0.4421875 0.02198768689533861 0.0265625
0 0.25769569041336854 0.953125 0.016710642040457344 0.075
0 0.047493403693931395 0.72734375 0.04309586631486367 0.034375