0 0.5167106420404574 0.5375 0.028144239226033423 0.04375
0 0.5404573438874231 0.5453125 0.025505716798592787 0.040625
0 0.544415127528584 0.4453125 0.018469656992084433 0.046875
0 0.5848724714160071 0.40546875 0.028144239226033423 0.0453125
0 0.6055408970976254 0.3703125 0.025505716798592787 0.0390625
0 0.7383465259454706 0.246875 0.021108179419525065 0.0296875
0 0.7308707124010554 0.18671875 0.020228671943711522 0.0265625
0 0.525065963060686 0.23515625 0.020228671943711522 0.0296875
0 0.47757255936675463 0.18515625 0.021108179419525065 0.0328125
0 0.4599824098504837 0.2203125 0.021108179419525065 0.034375
0 0.42788038698328934 0.140625 0.019349164467897976 0.034375
0 0.4212840809146878 0.6890625 0.030782761653474055 0.0515625
0 0.32717678100263853 0.79921875 0.03430079155672823 0.0515625
0 0.1279683377308707 0.93125 0.04661389621811785 0.0546875
0 0.1741424802110818 0.9421875 0.04133685136323659 0.059375
0 0.7352682497801232 0.5875 0.03430079155672823 0.05
0 0.7695690413368513 0.5171875 0.03430079155672823 0.04375
0 0.7889182058047494 0.12734375 0.020228671943711522 0.03125
0 0.8082673702726473 0.10703125 0.01759014951627089 0.028125
0 0.8117854001759015 0.1375 0.021108179419525065 0.0296875
0 0.976693051890941 0.76171875 0.03430079155672823 0.059375