0 0.08003518029903255 0.19609375 0.04221635883905013 0.0359375
0 0.3245382585751979 0.88671875 0.022867194371152155 0.06875
0 0.32673702726473175 0.81796875 0.019349164467897976 0.0625
0 0.5 0.67578125 0.027264731750219876 0.071875
0 0.6477572559366754 0.7796875 0.04221635883905013 0.0390625
0 0.6503957783641161 0.73515625 0.04133685136323659 0.0375
0 0.5910290237467019 0.5765625 0.04397537379067722 0.0375
0 0.7744063324538258 0.61875 0.0395778364116095 0.0375
0 0.7339489885664028 0.42421875 0.04309586631486367 0.0421875
0 0.9041336851363236 0.6328125 0.04573438874230431 0.0390625
0 0.9674582233948988 0.6390625 0.04221635883905013 0.040625
0 0.9793315743183817 0.46328125 0.0395778364116095 0.0484375
0 0.9340369393139841 0.4546875 0.047493403693931395 0.04375
0 0.8276165347405453 0.43984375 0.04133685136323659 0.040625