0 0.07783641160949868 0.38046875 0.0316622691292876 0.05
0 0.7172383465259454 0.04375 0.027264731750219876 0.053125
0 0.7198768689533861 0.00625 0.027264731750219876 0.0125
0 0.6939313984168866 0.46015625 0.029023746701846966 0.034375
0 0.9327176781002638 0.0375 0.03605980650835532 0.0296875
0 0.9384344766930519 0.0609375 0.036939313984168866 0.03125
0 0.9481090589270009 0.08671875 0.0395778364116095 0.034375
0 0.9529463500439753 0.1390625 0.036939313984168866 0.03125
0 0.9595426561125769 0.165625 0.03869832893579595 0.0328125
0 0.9670184696569921 0.19453125 0.04133685136323659 0.0328125
0 0.9696569920844327 0.225 0.040457343887423045 0.03125
0 0.907211961301671 0.1828125 0.040457343887423045 0.0328125
0 0.909410729991205 0.209375 0.03430079155672823 0.0328125
0 0.9129287598944591 0.23515625 0.03518029903254178 0.028125
0 0.8298153034300791 0.28046875 0.022867194371152155 0.03125
0 0.604221635883905 0.890625 0.04221635883905013 0.071875