0 0.26649076517150394 0.821875 0.0395778364116095 0.0546875
0 0.5149516270888302 0.52734375 0.026385224274406333 0.040625
0 0.5373790677220757 0.540625 0.02990325417766051 0.0453125
0 0.5149516270888302 0.303125 0.027264731750219876 0.0375
0 0.5466138962181178 0.35703125 0.02198768689533861 0.04375
0 0.6420404573438874 0.39921875 0.025505716798592787 0.0359375
0 0.6068601583113457 0.371875 0.029023746701846966 0.0375
0 0.609938434476693 0.4125 0.026385224274406333 0.0453125
0 0.7088830255057168 0.52109375 0.027264731750219876 0.0421875
0 0.7642919964819701 0.521875 0.0316622691292876 0.0421875
0 0.7832014072119613 0.21171875 0.020228671943711522 0.028125
0 0.7335092348284961 0.20234375 0.021108179419525065 0.03125
0 0.8113456464379947 0.12265625 0.019349164467897976 0.0328125
0 0.7924362357080035 0.140625 0.019349164467897976 0.03125
0 0.33421284080914687 0.0484375 0.018469656992084433 0.0359375
0 0.3887423043095866 0.08671875 0.018469656992084433 0.0359375
0 0.40061565523306947 0.07109375 0.019349164467897976 0.0328125
0 0.9674582233948988 0.78125 0.04221635883905013 0.0625
0 0.1297273526824978 0.934375 0.028144239226033423 0.025