0 0.5263852242744064 0.67578125 0.021108179419525065 0.06875
0 0.6904133685136323 0.91484375 0.0158311345646438 0.065625
0 0.6912928759894459 0.84921875 0.013192612137203167 0.0609375
0 0.4318381706244503 0.86015625 0.013192612137203167 0.06875
0 0.37467018469656993 0.753125 0.040457343887423045 0.03125
0 0.3755496921723835 0.70625 0.0395778364116095 0.0375
0 0.42216358839050133 0.54921875 0.03781882145998241 0.0453125
0 0.256816182937555 0.5671875 0.0395778364116095 0.0359375
0 0.1266490765171504 0.5625 0.04133685136323659 0.034375
0 0.0633245382585752 0.5578125 0.04133685136323659 0.034375
0 0.022427440633245383 0.559375 0.036939313984168866 0.028125
0 0.05321020228671944 0.378125 0.04573438874230431 0.0328125
0 0.10686015831134564 0.378125 0.04221635883905013 0.0328125
0 0.22427440633245382 0.3890625 0.0395778364116095 0.040625
0 0.3095866314863676 0.38359375 0.0395778364116095 0.0375
0 0.7607739665787159 0.08125 0.019349164467897976 0.071875
0 0.9727352682497801 0.27265625 0.0395778364116095 0.0328125