0 0.3043095866314864 0.96484375 0.0158311345646438 0.0265625
0 0.30826737027264733 0.88671875 0.0158311345646438 0.0328125
0 0.37423043095866315 0.8046875 0.019349164467897976 0.0296875
0 0.3043095866314864 0.78359375 0.019349164467897976 0.0421875
0 0.5167106420404574 0.5375 0.023746701846965697 0.0484375
0 0.5277044854881267 0.1890625 0.03342128408091469 0.05625
0 0.5549692172383466 0.175 0.03342128408091469 0.0546875
0 0.4837291116974494 0.06640625 0.03781882145998241 0.0578125
0 0.3834652594547054 0.04296875 0.03781882145998241 0.0609375
0 0.7590149516270889 0.615625 0.023746701846965697 0.040625
0 0.7568161829375549 0.56328125 0.022867194371152155 0.0390625
0 0.9793315743183817 0.94296875 0.011433597185576077 0.021875
0 0.9599824098504838 0.9203125 0.018469656992084433 0.03125
0 0.9384344766930519 0.89453125 0.016710642040457344 0.028125
0 0.924802110817942 0.8765625 0.014072119613016711 0.0234375
0 0.8839050131926122 0.77421875 0.022867194371152155 0.0375
0 0.8403693931398417 0.765625 0.018469656992084433 0.0328125
0 0.8218997361477572 0.7421875 0.016710642040457344 0.0328125
0 0.758575197889182 0.659375 0.02198768689533861 0.0375
0 0.8161829375549692 0.23671875 0.03605980650835532 0.0578125
0 0.8918205804749341 0.0265625 0.040457343887423045 0.053125
0 0.7515391380826737 0.13515625 0.03518029903254178 0.0625