0 0.509674582233949 0.525 0.020228671943711522 0.06875
0 0.37906772207563766 0.33515625 0.02198768689533861 0.06875
0 0.4656992084432718 0.14453125 0.020228671943711522 0.0703125
0 0.5268249780123131 0.246875 0.04221635883905013 0.034375
0 0.5268249780123131 0.29140625 0.0395778364116095 0.0359375
0 0.6495162708883025 0.42265625 0.03781882145998241 0.0359375
0 0.6684256816182937 0.57578125 0.036939313984168866 0.0609375
0 0.6007036059806509 0.61171875 0.0395778364116095 0.0359375
0 0.7792436235708003 0.41796875 0.04221635883905013 0.034375
0 0.8430079155672823 0.41796875 0.04221635883905013 0.03125
0 0.8839050131926122 0.41484375 0.03869832893579595 0.0359375
0 0.9494283201407212 0.4125 0.036939313984168866 0.034375
0 0.990325417766051 0.4078125 0.014072119613016711 0.028125
0 0.9542656112576957 0.5984375 0.03605980650835532 0.03125
0 0.8562005277044855 0.6 0.04573438874230431 0.0390625
0 0.8034300791556728 0.6 0.04221635883905013 0.034375
0 0.2102022867194371 0.1109375 0.016710642040457344 0.0640625
0 0.21152154793315744 0.17734375 0.014072119613016711 0.0625
0 0.15567282321899736 0.90859375 0.01759014951627089 0.075