0 0.6490765171503958 0.62890625 0.029023746701846966 0.03125
0 0.9529463500439753 0.97890625 0.03430079155672823 0.0375
0 0.9656992084432717 0.93125 0.022867194371152155 0.03125
0 0.8623570800351803 0.96640625 0.03430079155672823 0.034375
0 0.8693931398416886 0.94609375 0.036939313984168866 0.034375
0 0.8803869832893579 0.921875 0.03869832893579595 0.0359375
0 0.8856640281442393 0.89765625 0.040457343887423045 0.0359375
0 0.8240985048372911 0.91796875 0.036939313984168866 0.0328125
0 0.828056288478452 0.89765625 0.02990325417766051 0.0328125
0 0.8328935795954265 0.87421875 0.02990325417766051 0.03125
0 0.762532981530343 0.81953125 0.02198768689533861 0.028125
0 0.5624450307827616 0.825 0.027264731750219876 0.05625
0 0.49780123131046616 0.55546875 0.026385224274406333 0.05625
0 0.5954265611257695 0.22109375 0.03869832893579595 0.05625
0 0.38258575197889183 0.18125 0.03430079155672823 0.0703125
0 0.05716798592788039 0.56796875 0.03342128408091469 0.0546875