0 0.3465259454705365 0.38984375 0.028144239226033423 0.028125
0 0.029463500439753737 0.078125 0.03342128408091469 0.0328125
0 0.018469656992084433 0.12734375 0.02198768689533861 0.0296875
0 0.12005277044854881 0.0796875 0.03342128408091469 0.0296875
0 0.113896218117854 0.10078125 0.03605980650835532 0.0296875
0 0.10378188214599825 0.12578125 0.03781882145998241 0.03125
0 0.0998240985048373 0.15078125 0.0395778364116095 0.0328125
0 0.1600703605980651 0.1234375 0.03605980650835532 0.028125
0 0.15699208443271767 0.14453125 0.029023746701846966 0.0296875
0 0.15303430079155672 0.16796875 0.029023746701846966 0.028125
0 0.12708883025505716 0.034375 0.03869832893579595 0.0296875
0 0.1363236587510994 0.015625 0.036939313984168866 0.03125
0 0.14204045734388743 0.0046875 0.03430079155672823 0.009375
0 0.22559366754617413 0.2140625 0.021108179419525065 0.0265625
0 0.42480211081794195 0.18359375 0.025505716798592787 0.053125
0 0.5 0.44453125 0.024626209322779244 0.053125
0 0.4160070360598065 0.790625 0.036939313984168866 0.0515625
0 0.6297273526824978 0.80390625 0.0316622691292876 0.0671875
0 0.9388742304309586 0.37734375 0.0316622691292876 0.0515625