0 0.6956904133685137 0.484375 0.029023746701846966 0.0328125
0 0.7897977132805629 0.95234375 0.023746701846965697 0.025
0 0.6569920844327177 0.721875 0.025505716798592787 0.05
0 0.9656992084432717 0.84609375 0.036939313984168866 0.0296875
0 0.9696569920844327 0.81875 0.03781882145998241 0.0296875
0 0.9775725593667546 0.7921875 0.03781882145998241 0.03125
0 0.9775725593667546 0.73984375 0.03869832893579595 0.0296875
0 0.9793315743183817 0.71328125 0.0395778364116095 0.0328125
0 0.9828496042216359 0.68046875 0.032541776605101144 0.0296875
0 0.9828496042216359 0.6515625 0.032541776605101144 0.03125
0 0.9278803869832893 0.70703125 0.04221635883905013 0.0296875
0 0.9283201407211962 0.68203125 0.032541776605101144 0.028125
0 0.9300791556728232 0.65390625 0.03342128408091469 0.028125
0 0.8408091468777484 0.6296875 0.02990325417766051 0.03125
0 0.5738786279683378 0.07578125 0.04309586631486367 0.0671875
0 0.0901495162708883 0.71953125 0.0316622691292876 0.0578125