0 0.6059806508355321 0.86171875 0.03869832893579595 0.06875
0 0.5400175901495162 0.89765625 0.03605980650835532 0.0625
0 0.490325417766051 0.7859375 0.03430079155672823 0.0578125
0 0.4648197009674582 0.80625 0.03869832893579595 0.059375
0 0.322339489885664 0.78203125 0.02990325417766051 0.05625
0 0.2436235708003518 0.4640625 0.02198768689533861 0.0421875
0 0.23702726473175023 0.4125 0.024626209322779244 0.0453125
0 0.2339489885664028 0.3734375 0.024626209322779244 0.0375
0 0.14731750219876869 0.28125 0.02198768689533861 0.0359375
0 0.1693051890941073 0.30234375 0.02198768689533861 0.0375
0 0.005716798592788039 0.134375 0.011433597185576077 0.028125
0 0.02198768689533861 0.15234375 0.022867194371152155 0.0359375
0 0.04617414248021108 0.17734375 0.020228671943711522 0.03125
0 0.06068601583113457 0.1921875 0.016710642040457344 0.0265625
0 0.09542656112576957 0.2703125 0.024626209322779244 0.0390625
0 0.49560246262093227 0.41796875 0.029023746701846966 0.046875
0 0.5782761653474054 0.21796875 0.022867194371152155 0.0375
0 0.6908531222515392 0.0125 0.018469656992084433 0.025
0 0.6437994722955145 0.04609375 0.019349164467897976 0.0296875
0 0.6759014951627089 0.16484375 0.02198768689533861 0.040625
0 0.5998240985048373 0.96171875 0.04309586631486367 0.0453125
0 0.20316622691292877 0.79453125 0.04309586631486367 0.0671875