0 0.376429199648197 0.95703125 0.04221635883905013 0.0703125
0 0.42744063324538256 0.93359375 0.03869832893579595 0.0625
0 0.4630606860158311 0.8671875 0.03869832893579595 0.0671875
0 0.5070360598065083 0.7796875 0.03781882145998241 0.0609375
0 0.5404573438874231 0.6515625 0.036939313984168866 0.0515625
0 0.5677220756376429 0.6578125 0.03605980650835532 0.0578125
0 0.4309586631486368 0.2328125 0.025505716798592787 0.053125
0 0.548372911169745 0.36015625 0.02990325417766051 0.0546875
0 0.6442392260334213 0.428125 0.0316622691292876 0.0546875
0 0.7598944591029023 0.5234375 0.03869832893579595 0.0609375
0 0.8218997361477572 0.53984375 0.04133685136323659 0.0609375
0 0.7401055408970977 0.12578125 0.024626209322779244 0.040625
0 0.7405452946350044 0.171875 0.028144239226033423 0.0484375
0 0.7427440633245382 0.22734375 0.024626209322779244 0.046875
0 0.826297273526825 0.02265625 0.027264731750219876 0.0421875
0 0.8175021987686896 0.00625 0.02198768689533861 0.0125
0 0.7990325417766051 0.0234375 0.025505716798592787 0.040625
0 0.2669305189094107 0.109375 0.023746701846965697 0.046875