0 0.11829375549692173 0.7359375 0.024626209322779244 0.075
0 0.07080035180299032 0.51953125 0.04221635883905013 0.0453125
0 0.3117854001759015 0.3984375 0.04221635883905013 0.04375
0 0.3786279683377309 0.57265625 0.03869832893579595 0.04375
0 0.470976253298153 0.48203125 0.040457343887423045 0.040625
0 0.5052770448548812 0.5359375 0.04133685136323659 0.040625
0 0.5650835532102023 0.51796875 0.04133685136323659 0.0375
0 0.6068601583113457 0.51328125 0.036939313984168866 0.0359375
0 0.6693051890941073 0.4921875 0.036939313984168866 0.034375
0 0.7233948988566403 0.4828125 0.040457343887423045 0.0359375
0 0.7612137203166227 0.28359375 0.03869832893579595 0.0375
0 0.6552330694810906 0.309375 0.03430079155672823 0.0359375
0 0.5593667546174143 0.33828125 0.04397537379067722 0.0421875
0 0.5083553210202286 0.353125 0.0395778364116095 0.0421875
0 0.22295514511873352 0.896875 0.02198768689533861 0.0703125
0 0.9116094986807388 0.88671875 0.024626209322779244 0.05625