0 0.7058047493403694 0.8765625 0.03869832893579595 0.0515625
0 0.48284960422163586 0.5234375 0.025505716798592787 0.0390625
0 0.4599824098504837 0.53046875 0.029023746701846966 0.04375
0 0.5004397537379067 0.3015625 0.026385224274406333 0.0359375
0 0.4648197009674582 0.346875 0.021108179419525065 0.0421875
0 0.3676341248900616 0.36484375 0.024626209322779244 0.034375
0 0.40413368513632364 0.34609375 0.028144239226033423 0.0359375
0 0.39797713280562885 0.38671875 0.025505716798592787 0.04375
0 0.2911169744942832 0.46875 0.026385224274406333 0.040625
0 0.23658751099384345 0.45703125 0.030782761653474055 0.040625
0 0.2423043095866315 0.14453125 0.020228671943711522 0.0265625
0 0.29199648197009676 0.14765625 0.021108179419525065 0.0296875
0 0.22119613016710643 0.04921875 0.018469656992084433 0.03125
0 0.23878627968337732 0.071875 0.019349164467897976 0.0296875
0 0.6996481970096746 0.09375 0.01759014951627089 0.034375
0 0.6424802110817942 0.11796875 0.01759014951627089 0.034375
0 0.6319261213720316 0.1 0.018469656992084433 0.03125
0 0.018469656992084433 0.66328125 0.036939313984168866 0.0609375