0 0.09586631486367635 0.7484375 0.032541776605101144 0.0515625
0 0.758575197889182 0.88203125 0.028144239226033423 0.0546875
0 0.7656112576956904 0.93359375 0.026385224274406333 0.040625
0 0.6948109058927001 0.4796875 0.02990325417766051 0.0359375
0 0.9714160070360598 0.821875 0.03605980650835532 0.03125
0 0.974934036939314 0.796875 0.03781882145998241 0.0328125
0 0.9802110817941952 0.76875 0.03781882145998241 0.0375
0 0.980650835532102 0.715625 0.036939313984168866 0.034375
0 0.9819700967458224 0.68828125 0.03430079155672823 0.0359375
0 0.9837291116974495 0.6578125 0.030782761653474055 0.0375
0 0.9837291116974495 0.62734375 0.030782761653474055 0.0359375
0 0.9318381706244503 0.68671875 0.04133685136323659 0.0359375
0 0.9318381706244503 0.659375 0.03518029903254178 0.034375
0 0.9322779243623571 0.63359375 0.03518029903254178 0.0296875
0 0.8465259454705365 0.6140625 0.023746701846965697 0.0328125
0 0.5646437994722955 0.08359375 0.04309586631486367 0.0734375