0 0.6398416886543535 0.1609375 0.016710642040457344 0.034375
0 0.6552330694810906 0.17109375 0.016710642040457344 0.034375
0 0.6961301671064204 0.16640625 0.018469656992084433 0.034375
0 0.5083553210202286 0.34765625 0.024626209322779244 0.040625
0 0.470976253298153 0.390625 0.02198768689533861 0.0390625
0 0.41908531222515394 0.415625 0.026385224274406333 0.0390625
0 0.3729111697449428 0.434375 0.026385224274406333 0.0375
0 0.33948988566402816 0.44609375 0.024626209322779244 0.0390625
0 0.2704485488126649 0.5375 0.0316622691292876 0.040625
0 0.23526824978012312 0.50390625 0.030782761653474055 0.0390625
0 0.2955145118733509 0.20234375 0.019349164467897976 0.0296875
0 0.23482849604221637 0.1828125 0.019349164467897976 0.03125
0 0.2264731750219877 0.10703125 0.01759014951627089 0.0328125
0 0.24450307827616535 0.128125 0.018469656992084433 0.0328125
0 0.15699208443271767 0.01484375 0.013192612137203167 0.025
0 0.14599824098504838 0.00546875 0.01759014951627089 0.0109375
0 0.45646437994722955 0.5828125 0.028144239226033423 0.0453125
0 0.480650835532102 0.57734375 0.028144239226033423 0.04375
0 0.7568161829375549 0.9859375 0.04309586631486367 0.025
0 0.015391380826737027 0.70234375 0.030782761653474055 0.0609375