0 0.644678979771328 0.1546875 0.040457343887423045 0.059375
0 0.7537379067722075 0.00859375 0.04221635883905013 0.0171875
0 0.4947229551451187 0.6859375 0.027264731750219876 0.040625
0 0.4815303430079156 0.4765625 0.029023746701846966 0.0484375
0 0.4569041336851363 0.4734375 0.02990325417766051 0.0453125
0 0.44547053649956025 0.7 0.026385224274406333 0.04375
0 0.46262093227792433 0.6421875 0.018469656992084433 0.04375
0 0.6416007036059806 0.86484375 0.021108179419525065 0.040625
0 0.6416007036059806 0.83984375 0.018469656992084433 0.028125
0 0.7159190853122251 0.8734375 0.01759014951627089 0.0375
0 0.23878627968337732 0.584375 0.030782761653474055 0.046875
0 0.31838170624450307 0.58515625 0.028144239226033423 0.046875
0 0.37467018469656993 0.60234375 0.02990325417766051 0.046875
0 0.40589270008795075 0.68203125 0.026385224274406333 0.0390625
0 0.3100263852242744 0.8859375 0.019349164467897976 0.03125
0 0.2717678100263852 0.875 0.021108179419525065 0.03125
0 0.2590149516270888 0.96796875 0.020228671943711522 0.034375
0 0.2423043095866315 0.98671875 0.02198768689533861 0.0234375
0 0.014511873350923483 0.415625 0.029023746701846966 0.059375