0 0.6574318381706244 0.93671875 0.03342128408091469 0.0734375
0 0.6231310466138962 0.85859375 0.0395778364116095 0.071875
0 0.5822339489885664 0.92109375 0.03781882145998241 0.0796875
0 0.5492524186455585 0.84375 0.03430079155672823 0.0671875
0 0.5672823218997362 0.71015625 0.032541776605101144 0.0703125
0 0.5391380826737028 0.64453125 0.029023746701846966 0.0640625
0 0.4160070360598065 0.33515625 0.022867194371152155 0.0578125
0 0.3935795954265611 0.28203125 0.030782761653474055 0.0703125
0 0.35883905013192613 0.20078125 0.0316622691292876 0.0671875
0 0.3333333333333333 0.1359375 0.023746701846965697 0.0546875
0 0.2497801231310466 0.32421875 0.03430079155672823 0.0625
0 0.21767810026385223 0.26484375 0.02990325417766051 0.0578125
0 0.19656992084432717 0.21171875 0.024626209322779244 0.053125
0 0.11565523306948108 0.246875 0.02198768689533861 0.059375
0 0.13060686015831136 0.02109375 0.030782761653474055 0.0421875
0 0.09454705364995603 0.2375 0.018469656992084433 0.0484375