0 0.3830255057167986 0.0625 0.028144239226033423 0.084375
0 0.40061565523306947 0.1484375 0.028144239226033423 0.0734375
0 0.484608619173263 0.11015625 0.026385224274406333 0.075
0 0.5391380826737028 0.36328125 0.018469656992084433 0.0421875
0 0.45118733509234826 0.68046875 0.036939313984168866 0.04375
0 0.5848724714160071 0.70546875 0.01759014951627089 0.046875
0 0.6226912928759895 0.76015625 0.02198768689533861 0.053125
0 0.6116974494283202 0.82734375 0.018469656992084433 0.0453125
0 0.6640281442392261 0.46640625 0.03605980650835532 0.0359375
0 0.7102022867194371 0.4640625 0.03869832893579595 0.0390625
0 0.7150395778364116 0.4203125 0.03605980650835532 0.046875
0 0.7634124890061565 0.39765625 0.040457343887423045 0.046875
0 0.7717678100263852 0.42421875 0.03781882145998241 0.0453125
0 0.8051890941072999 0.478125 0.03781882145998241 0.0453125
0 0.8179419525065963 0.4015625 0.036939313984168866 0.0375
0 0.9366754617414248 0.3328125 0.04221635883905013 0.04375
0 0.9278803869832893 0.3015625 0.040457343887423045 0.04375
0 0.9819700967458224 0.26953125 0.02990325417766051 0.0453125
0 0.9617414248021108 0.4453125 0.040457343887423045 0.0453125
0 0.14907651715039577 0.89609375 0.0316622691292876 0.0375