0 0.9142480211081794 0.5734375 0.04221635883905013 0.040625
0 0.8122251539138082 0.490625 0.04221635883905013 0.0453125
0 0.7550571679859279 0.5109375 0.04397537379067722 0.05
0 0.7757255936675461 0.553125 0.04397537379067722 0.0484375
0 0.6196130167106421 0.415625 0.027264731750219876 0.08125
0 0.5923482849604221 0.3953125 0.022867194371152155 0.0671875
0 0.4204045734388742 0.52890625 0.04397537379067722 0.0515625
0 0.391820580474934 0.4703125 0.04221635883905013 0.0453125
0 0.32189973614775724 0.55625 0.03869832893579595 0.046875
0 0.2673702726473175 0.56484375 0.04397537379067722 0.0484375
0 0.1996481970096746 0.5828125 0.047493403693931395 0.053125
0 0.13016710642040458 0.6046875 0.04573438874230431 0.05
0 0.1693051890941073 0.02421875 0.03781882145998241 0.0484375
0 0.14028144239226034 0.021875 0.02198768689533861 0.04375
0 0.6336851363236587 0.16171875 0.026385224274406333 0.071875