0 0.9177660510114336 0.9234375 0.04221635883905013 0.0421875
0 0.8935795954265612 0.9796875 0.04573438874230431 0.0375
0 0.7884784520668425 0.96640625 0.04221635883905013 0.05
0 0.588830255057168 0.09296875 0.019349164467897976 0.05625
0 0.5809146877748461 0.1484375 0.016710642040457344 0.0546875
0 0.5514511873350924 0.33515625 0.020228671943711522 0.0625
0 0.47977132805628847 0.4375 0.02198768689533861 0.065625
0 0.49560246262093227 0.5109375 0.022867194371152155 0.0703125
0 0.46701846965699206 0.52421875 0.025505716798592787 0.0703125
0 0.335971855760774 0.72421875 0.04133685136323659 0.0484375
0 0.23878627968337732 0.6265625 0.0395778364116095 0.04375
0 0.16226912928759896 0.70078125 0.04661389621811785 0.0515625