0 0.3131046613896218 0.9125 0.024626209322779244 0.0796875
0 0.3232189973614776 0.821875 0.022867194371152155 0.078125
0 0.43271767810026385 0.675 0.022867194371152155 0.075
0 0.32717678100263853 0.27578125 0.03518029903254178 0.0421875
0 0.24406332453825857 0.31640625 0.032541776605101144 0.040625
0 0.5571679859278804 0.44296875 0.03869832893579595 0.0375
0 0.600263852242744 0.434375 0.036939313984168866 0.034375
0 0.6064204045734388 0.47265625 0.03781882145998241 0.0390625
0 0.6539138082673702 0.48671875 0.040457343887423045 0.0421875
0 0.6596306068601583 0.45546875 0.03869832893579595 0.0375
0 0.7036059806508356 0.46796875 0.03342128408091469 0.03125
0 0.8073878627968337 0.5359375 0.036939313984168866 0.0328125
0 0.8139841688654353 0.50390625 0.0395778364116095 0.0390625
0 0.862796833773087 0.553125 0.04133685136323659 0.0375
0 0.8970976253298153 0.53359375 0.03781882145998241 0.03125
0 0.9639401934916447 0.6546875 0.04397537379067722 0.0359375
0 0.9683377308707124 0.56015625 0.040457343887423045 0.03125
0 0.9415127528583993 0.43359375 0.03605980650835532 0.0328125
0 0.8962181178540017 0.41640625 0.036939313984168866 0.0359375
0 0.8293755496921724 0.39296875 0.03605980650835532 0.0390625