0 0.3540017590149516 0.090625 0.03342128408091469 0.0890625
0 0.37730870712401055 0.17265625 0.032541776605101144 0.078125
0 0.45822339489885666 0.115625 0.030782761653474055 0.08125
0 0.5294635004397538 0.35625 0.02198768689533861 0.046875
0 0.46394019349164467 0.68984375 0.0395778364116095 0.0515625
0 0.5980650835532102 0.68515625 0.020228671943711522 0.05
0 0.6394019349164468 0.73203125 0.024626209322779244 0.0578125
0 0.633245382585752 0.80078125 0.021108179419525065 0.05
0 0.6605101143359718 0.43125 0.03869832893579595 0.0421875
0 0.7062445030782761 0.41875 0.04133685136323659 0.046875
0 0.7080035180299032 0.375 0.03869832893579595 0.053125
0 0.7541776605101144 0.34140625 0.04397537379067722 0.0546875
0 0.7647317502198768 0.36640625 0.040457343887423045 0.053125
0 0.8012313104661389 0.4125 0.040457343887423045 0.053125
0 0.8087071240105541 0.33359375 0.0395778364116095 0.0453125
0 0.9221635883905013 0.2390625 0.044854881266490766 0.0515625
0 0.911169744942832 0.21015625 0.04309586631486367 0.0515625
0 0.9626209322779243 0.16640625 0.03342128408091469 0.05
0 0.9547053649956024 0.3453125 0.04309586631486367 0.053125
0 0.1785400175901495 0.96953125 0.03430079155672823 0.04375