0 0.6200527704485488 0.80625 0.03342128408091469 0.08125
0 0.592788038698329 0.7296875 0.03342128408091469 0.0765625
0 0.5299032541776605 0.84296875 0.03430079155672823 0.08125
0 0.4371152154793316 0.59140625 0.029023746701846966 0.0734375
0 0.3966578715919085 0.396875 0.025505716798592787 0.05625
0 0.370712401055409 0.41484375 0.022867194371152155 0.0484375
0 0.05408970976253298 0.796875 0.04573438874230431 0.059375
0 0.040457343887423045 0.76953125 0.04661389621811785 0.05625
0 0.148636763412489 0.659375 0.040457343887423045 0.0546875
0 0.19569041336851364 0.6125 0.04309586631486367 0.0546875
0 0.2075637642919965 0.6375 0.048372911169744945 0.059375
0 0.25285839929639403 0.59375 0.0395778364116095 0.0578125
0 0.2519788918205805 0.5484375 0.04221635883905013 0.053125
0 0.2959542656112577 0.52890625 0.04221635883905013 0.0453125
0 0.2247141600703606 0.48984375 0.03781882145998241 0.0578125
0 0.35312225153913807 0.284375 0.025505716798592787 0.053125
0 0.26561125769569044 0.13125 0.022867194371152155 0.0515625
0 0.48197009674582236 0.2328125 0.036939313984168866 0.05
0 0.6789797713280563 0.93515625 0.028144239226033423 0.046875