0 0.6072999120492524 0.0390625 0.022867194371152155 0.0625
0 0.6094986807387863 0.10625 0.020228671943711522 0.0703125
0 0.6134564643799473 0.2125 0.021108179419525065 0.0765625
0 0.617854001759015 0.28828125 0.020228671943711522 0.05625
0 0.6292875989445911 0.515625 0.016710642040457344 0.053125
0 0.6336851363236587 0.56953125 0.0158311345646438 0.0515625
0 0.6341248900615655 0.62109375 0.016710642040457344 0.0546875
0 0.6402814423922604 0.69609375 0.014951627088830254 0.046875
0 0.6442392260334213 0.7390625 0.020228671943711522 0.0515625
0 0.6503957783641161 0.83046875 0.014951627088830254 0.0453125
0 0.6521547933157432 0.9109375 0.014072119613016711 0.040625
0 0.5941072999120492 0.87734375 0.0158311345646438 0.0390625
0 0.5219876868953386 0.578125 0.01759014951627089 0.0515625
0 0.49780123131046616 0.39375 0.02198768689533861 0.05
0 0.4920844327176781 0.33671875 0.018469656992084433 0.0546875
0 0.48768689533861037 0.26015625 0.02198768689533861 0.065625
0 0.4252418645558487 0.48203125 0.024626209322779244 0.0359375
0 0.43447669305189096 0.4578125 0.027264731750219876 0.0390625
0 0.4393139841688654 0.43515625 0.025505716798592787 0.0375