0 0.9014951627088831 0.57578125 0.03605980650835532 0.0546875
0 0.8403693931398417 0.5484375 0.0395778364116095 0.059375
0 0.7660510114335972 0.4953125 0.04133685136323659 0.0578125
0 0.8535620052770448 0.31953125 0.03869832893579595 0.05625
0 0.9327176781002638 0.2796875 0.036939313984168866 0.0515625
0 0.9639401934916447 0.25390625 0.03430079155672823 0.0484375
0 0.5668425681618294 0.7 0.03781882145998241 0.0578125
0 0.5290237467018469 0.68984375 0.036939313984168866 0.0609375
0 0.3988566402814424 0.52421875 0.0316622691292876 0.065625
0 0.4283201407211961 0.53203125 0.032541776605101144 0.0734375
0 0.4102902374670185 0.45 0.029023746701846966 0.0625
0 0.3311345646437995 0.36015625 0.029023746701846966 0.065625
0 0.28935795954265614 0.1765625 0.025505716798592787 0.05625
0 0.2774846086191733 0.121875 0.024626209322779244 0.05625
0 0.9938434476693052 0.41328125 0.010554089709762533 0.0421875