0 0.45954265611257694 0.70390625 0.036939313984168866 0.06875
0 0.43051890941073 0.721875 0.036939313984168866 0.0625
0 0.5153913808267371 0.8328125 0.0395778364116095 0.0671875
0 0.6631486367634125 0.9484375 0.044854881266490766 0.0515625
0 0.5672823218997362 0.90703125 0.03781882145998241 0.0625
0 0.609938434476693 0.9546875 0.036939313984168866 0.0578125
0 0.20844327176781002 0.4015625 0.03869832893579595 0.0578125
0 0.13324538258575197 0.7015625 0.03781882145998241 0.0703125
0 0.06464379947229551 0.86015625 0.04309586631486367 0.053125
0 0.11521547933157432 0.13828125 0.0395778364116095 0.06875
0 0.13016710642040458 0.22265625 0.03605980650835532 0.0609375
0 0.044854881266490766 0.2796875 0.0395778364116095 0.0640625