0 0.3966578715919085 0.0640625 0.0316622691292876 0.0765625
0 0.1248900615655233 0.48125 0.04309586631486367 0.053125
0 0.17106420404573439 0.4046875 0.044854881266490766 0.059375
0 0.20052770448548812 0.44296875 0.04309586631486367 0.053125
0 0.2233948988566403 0.3703125 0.04309586631486367 0.059375
0 0.590589270008795 0.31875 0.03518029903254178 0.04375
0 0.6508355321020228 0.29375 0.04397537379067722 0.0515625
0 0.7532981530343008 0.35625 0.04221635883905013 0.053125
0 0.8043095866314863 0.32734375 0.044854881266490766 0.0578125
0 0.9019349164467898 0.2921875 0.04309586631486367 0.0546875
0 0.9494283201407212 0.26953125 0.04397537379067722 0.0515625
0 0.7937554969217239 0.23984375 0.04573438874230431 0.053125
0 0.3891820580474934 0.0078125 0.030782761653474055 0.015625