0 0.4489885664028144 0.9765625 0.024626209322779244 0.0375
0 0.5224274406332454 0.8734375 0.029023746701846966 0.046875
0 0.5167106420404574 0.76328125 0.029023746701846966 0.05
0 0.6301671064204045 0.5953125 0.036939313984168866 0.053125
0 0.530782761653474 0.35859375 0.03605980650835532 0.0609375
0 0.5589270008795075 0.34296875 0.03605980650835532 0.0625
0 0.48021108179419525 0.24453125 0.036939313984168866 0.0625
0 0.3276165347405453 0.12265625 0.04397537379067722 0.071875
0 0.38214599824098505 0.12265625 0.03781882145998241 0.0625
0 0.4256816182937555 0.171875 0.03781882145998241 0.0640625
0 0.2726473175021988 0.07109375 0.04397537379067722 0.0703125
0 0.7383465259454706 0.3390625 0.03605980650835532 0.059375
0 0.8364116094986808 0.3578125 0.03869832893579595 0.0578125
0 0.8988566402814424 0.2609375 0.032541776605101144 0.0609375
0 0.8759894459102903 0.8890625 0.032541776605101144 0.0390625
0 0.8179419525065963 0.8390625 0.026385224274406333 0.05
0 0.8113456464379947 0.7875 0.028144239226033423 0.0515625
0 0.8047493403693932 0.72734375 0.02990325417766051 0.0421875
0 0.8781882145998241 0.68828125 0.0316622691292876 0.0484375