0 0.051890941072999124 0.14140625 0.05013192612137203 0.05625
0 0.12576956904133685 0.1078125 0.04925241864555849 0.0625
0 0.14028144239226034 0.16875 0.04397537379067722 0.05625
0 0.17985927880386984 0.11640625 0.047493403693931395 0.059375
0 0.30299032541776605 0.78203125 0.025505716798592787 0.0734375
0 0.5408970976253298 0.35703125 0.03605980650835532 0.04375
0 0.5989445910290238 0.378125 0.04397537379067722 0.0484375
0 0.7361477572559367 0.42734375 0.04397537379067722 0.0515625
0 0.6741424802110818 0.503125 0.04133685136323659 0.0484375
0 0.7251539138082673 0.51484375 0.04397537379067722 0.0515625
0 0.8157431838170625 0.54921875 0.04133685136323659 0.0515625
0 0.8588390501319261 0.559375 0.04309586631486367 0.05