0 0.5378188214599824 0.9484375 0.032541776605101144 0.071875
0 0.5 0.85546875 0.03605980650835532 0.08125
0 0.4890061565523307 0.6609375 0.0316622691292876 0.078125
0 0.455584872471416 0.59296875 0.03781882145998241 0.075
0 0.41688654353562005 0.65234375 0.032541776605101144 0.0796875
0 0.37906772207563766 0.5734375 0.0316622691292876 0.0671875
0 0.4001759014951627 0.4625 0.030782761653474055 0.065625
0 0.3733509234828496 0.40390625 0.027264731750219876 0.06875
0 0.2497801231310466 0.12890625 0.022867194371152155 0.0546875
0 0.22823218997361477 0.084375 0.026385224274406333 0.059375
0 0.0919085312225154 0.14140625 0.028144239226033423 0.0625