0 0.05013192612137203 0.80234375 0.04133685136323659 0.0375
0 0.06904133685136324 0.86875 0.04309586631486367 0.040625
0 0.1741424802110818 0.88046875 0.040457343887423045 0.0453125
0 0.44810905892700087 0.0734375 0.016710642040457344 0.0546875
0 0.45074758135444154 0.13046875 0.014072119613016711 0.053125
0 0.46394019349164467 0.32265625 0.01759014951627089 0.0609375
0 0.5255057167985928 0.44375 0.018469656992084433 0.0640625
0 0.5030782761653474 0.51171875 0.019349164467897976 0.06875
0 0.530782761653474 0.5328125 0.02198768689533861 0.0671875
0 0.6420404573438874 0.76640625 0.0395778364116095 0.04375
0 0.747141600703606 0.69765625 0.03869832893579595 0.0375
0 0.8157431838170625 0.7921875 0.044854881266490766 0.0453125