0 0.9239226033421284 0.2296875 0.044854881266490766 0.059375
0 0.8104661389621812 0.2296875 0.03518029903254178 0.0734375
0 0.6459982409850483 0.225 0.040457343887423045 0.05625
0 0.544415127528584 0.25 0.04133685136323659 0.05625
0 0.592788038698329 0.23203125 0.04397537379067722 0.0546875
0 0.6064204045734388 0.2640625 0.0395778364116095 0.05
0 0.5461741424802111 0.28203125 0.0395778364116095 0.05
0 0.5057167985927881 0.29765625 0.03342128408091469 0.0421875
0 0.405452946350044 0.3328125 0.03605980650835532 0.0484375
0 0.40413368513632364 0.3 0.032541776605101144 0.04375
0 0.35664028144239224 0.31796875 0.03781882145998241 0.0546875
0 0.3245382585751979 0.3578125 0.03430079155672823 0.046875
0 0.25857519788918204 0.2890625 0.03605980650835532 0.0453125
0 0.20184696569920843 0.3640625 0.0395778364116095 0.046875
0 0.21899736147757257 0.490625 0.030782761653474055 0.0390625
0 0.31266490765171506 0.41640625 0.030782761653474055 0.040625
0 0.3201407211961302 0.46328125 0.032541776605101144 0.0453125
0 0.3579595426561126 0.45234375 0.03430079155672823 0.0421875
0 0.4155672823218997 0.43515625 0.03430079155672823 0.0421875
0 0.7748460861917327 0.6984375 0.019349164467897976 0.0453125
0 0.8060686015831134 0.7328125 0.019349164467897976 0.0375
0 0.8218997361477572 0.83515625 0.019349164467897976 0.040625
0 0.594547053649956 0.8859375 0.027264731750219876 0.03125
0 0.3482849604221636 0.75390625 0.019349164467897976 0.040625
0 0.3733509234828496 0.7484375 0.020228671943711522 0.040625
0 0.5219876868953386 0.88828125 0.016710642040457344 0.0359375
0 0.5857519788918206 0.85546875 0.025505716798592787 0.0296875
0 0.3834652594547054 0.87734375 0.01759014951627089 0.0375
0 0.39577836411609496 0.875 0.016710642040457344 0.0359375
0 0.49340369393139843 0.96171875 0.01759014951627089 0.03125
0 0.5052770448548812 0.9609375 0.0158311345646438 0.0328125
0 0.5272647317502199 0.959375 0.018469656992084433 0.0375
0 0.5408970976253298 0.7359375 0.027264731750219876 0.0375
0 0.1218117854001759 0.3421875 0.03605980650835532 0.0421875
0 0.18601583113456466 0.50234375 0.030782761653474055 0.040625
0 0.15523306948109059 0.51171875 0.02990325417766051 0.0375
0 0.12576956904133685 0.52109375 0.025505716798592787 0.034375
0 0.07519788918205805 0.49609375 0.030782761653474055 0.0390625
0 0.07519788918205805 0.43515625 0.03605980650835532 0.0390625
0 0.07827616534740545 0.534375 0.02990325417766051 0.040625
0 0.048812664907651716 0.54140625 0.030782761653474055 0.0375
0 0.014951627088830254 0.55078125 0.02990325417766051 0.0359375
0 0.6029023746701847 0.95234375 0.018469656992084433 0.028125
0 0.5501319261213721 0.75390625 0.01759014951627089 0.03125
0 0.39050131926121373 0.79765625 0.018469656992084433 0.03125