0 0.11477572559366754 0.60234375 0.04397537379067722 0.0546875
0 0.2233948988566403 0.6015625 0.040457343887423045 0.0546875
0 0.23878627968337732 0.68359375 0.04573438874230431 0.0625
0 0.2691292875989446 0.65703125 0.04309586631486367 0.0609375
0 0.44327176781002636 0.6640625 0.027264731750219876 0.0703125
0 0.5690413368513633 0.92890625 0.048372911169744945 0.0671875
0 0.6112576956904133 0.89375 0.04573438874230431 0.0609375
0 0.490325417766051 0.45546875 0.0316622691292876 0.0734375
0 0.6728232189973615 0.26484375 0.028144239226033423 0.0671875
0 0.5699208443271768 0.09140625 0.026385224274406333 0.065625
0 0.673702726473175 0.14609375 0.027264731750219876 0.0609375
0 0.3306948109058927 0.93125 0.02990325417766051 0.0609375
0 0.013192612137203167 0.47890625 0.026385224274406333 0.0484375
0 0.8966578715919086 0.16171875 0.04309586631486367 0.046875
0 0.8905013192612137 0.19296875 0.02990325417766051 0.040625
0 0.8869832893579596 0.21875 0.021108179419525065 0.028125
0 0.9832893579595426 0.221875 0.0316622691292876 0.05
0 0.974934036939314 0.27109375 0.03781882145998241 0.046875
0 0.8654353562005277 0.3328125 0.028144239226033423 0.0328125
0 0.8671943711521548 0.44765625 0.02990325417766051 0.0375
0 0.8808267370272648 0.51875 0.032541776605101144 0.0421875
0 0.8918205804749341 0.55078125 0.030782761653474055 0.05
0 0.911169744942832 0.6296875 0.03869832893579595 0.06875
0 0.9379947229551451 0.65703125 0.027264731750219876 0.0609375