0 0.15391380826737028 0.0546875 0.03605980650835532 0.0515625
0 0.06860158311345646 0.090625 0.036939313984168866 0.05625
0 0.24538258575197888 0.2828125 0.040457343887423045 0.0546875
0 0.45118733509234826 0.59921875 0.03605980650835532 0.0625
0 0.4155672823218997 0.6171875 0.03781882145998241 0.0625
0 0.49120492524186454 0.74296875 0.03605980650835532 0.0625
0 0.5417766051011433 0.8296875 0.03342128408091469 0.0609375
0 0.5800351802990326 0.8890625 0.032541776605101144 0.05625
0 0.6314863676341249 0.903125 0.03518029903254178 0.0625
0 0.683377308707124 0.96484375 0.0395778364116095 0.0609375
0 0.12445030782761654 0.53046875 0.03605980650835532 0.0671875
0 0.11125769569041337 0.7765625 0.03518029903254178 0.0625
0 0.048812664907651716 0.6625 0.04397537379067722 0.0578125