0 0.3403693931398417 0.878125 0.032541776605101144 0.078125
0 0.13324538258575197 0.35703125 0.04397537379067722 0.0546875
0 0.16754617414248021 0.45078125 0.04573438874230431 0.0609375
0 0.20184696569920843 0.4265625 0.04397537379067722 0.0546875
0 0.21372031662269128 0.50703125 0.04397537379067722 0.0609375
0 0.5633245382585752 0.71484375 0.03605980650835532 0.0453125
0 0.6182937554969217 0.76484375 0.04397537379067722 0.053125
0 0.7264731750219877 0.7484375 0.04309586631486367 0.0546875
0 0.7717678100263852 0.7984375 0.04573438874230431 0.059375
0 0.8614775725593667 0.87421875 0.04397537379067722 0.05625
0 0.9050131926121372 0.91640625 0.04397537379067722 0.053125
0 0.7497801231310466 0.87890625 0.04661389621811785 0.05625
0 0.3232189973614776 0.94296875 0.030782761653474055 0.0421875