0 0.46394019349164467 0.0453125 0.032541776605101144 0.0734375
0 0.46130167106420406 0.24921875 0.02990325417766051 0.071875
0 0.4872471416007036 0.32578125 0.03342128408091469 0.0765625
0 0.5312225153913809 0.278125 0.030782761653474055 0.0765625
0 0.5567282321899736 0.35234375 0.028144239226033423 0.0671875
0 0.5312225153913809 0.475 0.028144239226033423 0.065625
0 0.5532102022867195 0.53984375 0.029023746701846966 0.0703125
0 0.6503957783641161 0.85625 0.022867194371152155 0.05625
0 0.669744942832014 0.9109375 0.026385224274406333 0.065625
0 0.6987686895338611 0.978125 0.032541776605101144 0.040625
0 0.810905892700088 0.89609375 0.02990325417766051 0.0640625
0 0.837730870712401 0.95859375 0.025505716798592787 0.0546875
0 0.8544415127528584 0.9921875 0.02198768689533861 0.0125