0 0.42744063324538256 0.003125 0.0316622691292876 0.00625
0 0.4608619173262973 0.12421875 0.03781882145998241 0.0703125
0 0.4916446789797713 0.1171875 0.04133685136323659 0.071875
0 0.6785400175901495 0.16953125 0.040457343887423045 0.075
0 0.2862796833773087 0.75 0.032541776605101144 0.0671875
0 0.7203166226912929 0.73515625 0.03605980650835532 0.0609375
0 0.7216358839050132 0.825 0.0395778364116095 0.0703125
0 0.7603342128408092 0.96875 0.04133685136323659 0.059375
0 0.7264731750219877 0.909375 0.03605980650835532 0.065625
0 0.8522427440633246 0.9078125 0.03869832893579595 0.065625
0 0.8078276165347406 0.71640625 0.04133685136323659 0.0640625
0 0.7783641160949868 0.26015625 0.0395778364116095 0.0765625
0 0.7766051011433597 0.13125 0.040457343887423045 0.075
0 0.9142480211081794 0.1296875 0.04661389621811785 0.046875