0 0.9155672823218998 0.45234375 0.04133685136323659 0.0375
0 0.8117854001759015 0.52890625 0.04221635883905013 0.0421875
0 0.7550571679859279 0.50546875 0.04309586631486367 0.046875
0 0.7766051011433597 0.4640625 0.04397537379067722 0.0453125
0 0.617854001759015 0.5921875 0.025505716798592787 0.08125
0 0.5901495162708883 0.61015625 0.02198768689533861 0.065625
0 0.4212840809146878 0.465625 0.04309586631486367 0.0484375
0 0.3909410729991205 0.52265625 0.04221635883905013 0.0421875
0 0.3232189973614776 0.4328125 0.03869832893579595 0.0453125
0 0.2691292875989446 0.4203125 0.04397537379067722 0.0453125
0 0.20140721196130168 0.3984375 0.04661389621811785 0.05
0 0.13280562884784522 0.37265625 0.044854881266490766 0.046875
0 0.15919085312225154 0.965625 0.036939313984168866 0.065625
0 0.1310466138962181 0.959375 0.020228671943711522 0.0484375
0 0.6270888302550571 0.84609375 0.025505716798592787 0.071875