0 0.5606860158311345 0.14296875 0.03342128408091469 0.08125
0 0.5479331574318381 0.23125 0.03342128408091469 0.0765625
0 0.46921723834652596 0.1578125 0.03430079155672823 0.08125
0 0.4239226033421284 0.44765625 0.029023746701846966 0.0734375
0 0.41996481970096744 0.6546875 0.025505716798592787 0.05625
0 0.391820580474934 0.65234375 0.022867194371152155 0.0484375
0 0.024186455584872472 0.4625 0.04573438874230431 0.059375
0 0.020228671943711522 0.49609375 0.040457343887423045 0.0578125
0 0.13808267370272648 0.540625 0.040457343887423045 0.0546875
0 0.19085312225153914 0.56015625 0.04309586631486367 0.0546875
0 0.19788918205804748 0.5296875 0.048372911169744945 0.059375
0 0.2484608619173263 0.54609375 0.0395778364116095 0.0578125
0 0.25549692172383465 0.58984375 0.04221635883905013 0.053125
0 0.3007915567282322 0.584375 0.04221635883905013 0.0453125
0 0.24010554089709762 0.6609375 0.03781882145998241 0.0578125
0 0.3975373790677221 0.7859375 0.025505716798592787 0.053125
0 0.341688654353562 0.97578125 0.023746701846965697 0.0453125
0 0.5294635004397538 0.7640625 0.036939313984168866 0.05
0 0.5949868073878628 0.00625 0.029023746701846966 0.0125