0 0.05013192612137203 0.109375 0.030782761653474055 0.0859375
0 0.04573438874230431 0.6234375 0.02198768689533861 0.0765625
0 0.12708883025505716 0.90703125 0.02198768689533861 0.0640625
0 0.3698328935795954 0.43671875 0.03781882145998241 0.034375
0 0.4371152154793316 0.42109375 0.040457343887423045 0.0375
0 0.509674582233949 0.41875 0.03781882145998241 0.0328125
0 0.5536499560246262 0.41171875 0.036939313984168866 0.034375
0 0.6094986807387863 0.31015625 0.04133685136323659 0.040625
0 0.7744063324538258 0.3875 0.03430079155672823 0.0328125
0 0.8148636763412489 0.38359375 0.0395778364116095 0.0296875
0 0.8803869832893579 0.37109375 0.04573438874230431 0.0390625
0 0.93051890941073 0.365625 0.03605980650835532 0.0359375
0 0.8737906772207564 0.27890625 0.040457343887423045 0.040625
0 0.8693931398416886 0.21953125 0.04397537379067722 0.0375