0 0.351363236587511 0.94609375 0.03430079155672823 0.075
0 0.3839050131926121 0.86640625 0.040457343887423045 0.075
0 0.4261213720316623 0.92578125 0.03869832893579595 0.0828125
0 0.4577836411609499 0.846875 0.03605980650835532 0.0703125
0 0.4371152154793316 0.71484375 0.03342128408091469 0.071875
0 0.46394019349164467 0.646875 0.030782761653474055 0.065625
0 0.5804749340369393 0.33046875 0.023746701846965697 0.059375
0 0.6024626209322779 0.27578125 0.0316622691292876 0.071875
0 0.635004397537379 0.1921875 0.03342128408091469 0.06875
0 0.6596306068601583 0.1265625 0.024626209322779244 0.05625
0 0.7467018469656992 0.30859375 0.03605980650835532 0.065625
0 0.7774846086191732 0.24765625 0.030782761653474055 0.059375
0 0.797273526824978 0.19296875 0.025505716798592787 0.0546875
0 0.8790677220756377 0.2234375 0.023746701846965697 0.0609375
0 0.8601583113456465 0.01015625 0.0316622691292876 0.0203125
0 0.9001759014951627 0.2125 0.019349164467897976 0.0484375