0 0.13720316622691292 0.0984375 0.036939313984168866 0.053125
0 0.05364995602462621 0.1453125 0.03781882145998241 0.0578125
0 0.23746701846965698 0.31484375 0.04133685136323659 0.05625
0 0.4551451187335092 0.60546875 0.036939313984168866 0.0640625
0 0.4204045734388742 0.62734375 0.03869832893579595 0.0640625
0 0.5004397537379067 0.74296875 0.036939313984168866 0.0640625
0 0.5545294635004397 0.8234375 0.03430079155672823 0.0625
0 0.5954265611257695 0.878125 0.03342128408091469 0.0578125
0 0.6468777484608619 0.8859375 0.03605980650835532 0.0640625
0 0.7009674582233949 0.94140625 0.040457343887423045 0.0625
0 0.1266490765171504 0.57734375 0.036939313984168866 0.06875
0 0.12313104661389622 0.8234375 0.03605980650835532 0.0640625
0 0.056288478452066845 0.71796875 0.044854881266490766 0.0609375