0 0.5549692172383466 0.09765625 0.03518029903254178 0.08125
0 0.5395778364116095 0.2984375 0.02990325417766051 0.075
0 0.5620052770448549 0.37734375 0.03605980650835532 0.0765625
0 0.6068601583113457 0.3359375 0.0316622691292876 0.0765625
0 0.6319261213720316 0.4203125 0.02990325417766051 0.0609375
0 0.5980650835532102 0.53046875 0.027264731750219876 0.0640625
0 0.6160949868073878 0.59609375 0.027264731750219876 0.0671875
0 0.6983289357959542 0.925 0.023746701846965697 0.05625
0 0.7132805628847845 0.96875 0.02990325417766051 0.059375
0 0.8562005277044855 0.97265625 0.030782761653474055 0.0515625
0 0.534740545294635 0.01875 0.021108179419525065 0.03125