0 0.5413368513632366 0.45078125 0.03342128408091469 0.06875
0 0.47977132805628847 0.16953125 0.03781882145998241 0.06875
0 0.5101143359718557 0.15859375 0.03781882145998241 0.06875
0 0.44019349164467897 0.028125 0.0395778364116095 0.05625
0 0.8003518029903254 0.278125 0.036939313984168866 0.0640625
0 0.7436235708003518 0.1296875 0.030782761653474055 0.0625
0 0.841688654353562 0.81640625 0.03605980650835532 0.0640625
0 0.8452066842568162 0.72734375 0.0395778364116095 0.0625
0 0.7537379067722075 0.75390625 0.03605980650835532 0.059375
0 0.7598944591029023 0.8421875 0.0395778364116095 0.0671875
0 0.8012313104661389 0.97578125 0.03869832893579595 0.0453125
0 0.7656112576956904 0.92890625 0.03518029903254178 0.0609375
0 0.9234828496042217 0.13125 0.04661389621811785 0.04375
0 0.2418645558487247 0.9453125 0.022867194371152155 0.0328125