0 0.8944591029023746 0.66484375 0.0316622691292876 0.0484375
0 0.8693931398416886 0.6203125 0.029023746701846966 0.05
0 0.7840809146877749 0.47578125 0.032541776605101144 0.0546875
0 0.6829375549692173 0.45 0.032541776605101144 0.053125
0 0.6772207563764292 0.3703125 0.03518029903254178 0.059375
0 0.6459982409850483 0.38515625 0.032541776605101144 0.0609375
0 0.5628847845206685 0.215625 0.02990325417766051 0.0625
0 0.47977132805628847 0.33828125 0.029023746701846966 0.0609375
0 0.38522427440633245 0.5921875 0.0316622691292876 0.059375
0 0.23878627968337732 0.7359375 0.029023746701846966 0.05625
0 0.21591908531222515 0.68046875 0.027264731750219876 0.0546875
0 0.25241864555848725 0.96015625 0.028144239226033423 0.0515625
0 0.3100263852242744 0.878125 0.029023746701846966 0.053125
0 0.37423043095866315 0.034375 0.0395778364116095 0.065625
0 0.3276165347405453 0.05703125 0.0395778364116095 0.0640625
0 0.1363236587510994 0.95 0.026385224274406333 0.05
0 0.08355321020228672 0.97109375 0.026385224274406333 0.0484375