0 0.09762532981530343 0.43671875 0.03518029903254178 0.0546875
0 0.15919085312225154 0.4625 0.03869832893579595 0.0578125
0 0.2339489885664028 0.51328125 0.040457343887423045 0.05625
0 0.14819700967458224 0.69140625 0.03869832893579595 0.0546875
0 0.06948109058927 0.73359375 0.036939313984168866 0.05
0 0.03825857519788918 0.76015625 0.03430079155672823 0.0484375
0 0.4313984168865435 0.3015625 0.036939313984168866 0.05625
0 0.46921723834652596 0.3109375 0.03605980650835532 0.0609375
0 0.6007036059806509 0.47265625 0.030782761653474055 0.065625
0 0.5716798592788038 0.465625 0.0316622691292876 0.071875
0 0.5901495162708883 0.54765625 0.029023746701846966 0.0625
0 0.6701846965699209 0.634375 0.028144239226033423 0.065625
0 0.7137203166226913 0.8171875 0.024626209322779244 0.0546875
0 0.7260334212840809 0.87109375 0.023746701846965697 0.0546875
0 0.006156552330694811 0.603125 0.012313104661389622 0.040625