0 0.3469656992084433 0.10234375 0.024626209322779244 0.075
0 0.45030782761653476 0.24375 0.016710642040457344 0.046875
0 0.35048372911169745 0.653125 0.03781882145998241 0.0390625
0 0.5074758135444152 0.7265625 0.01759014951627089 0.0515625
0 0.4925241864555849 0.78515625 0.016710642040457344 0.046875
0 0.5105540897097626 0.91171875 0.0158311345646438 0.046875
0 0.8922603342128408 0.39296875 0.04133685136323659 0.0328125
0 0.9718557607739666 0.5171875 0.03605980650835532 0.034375
0 0.924802110817942 0.53125 0.0395778364116095 0.03125
0 0.855321020228672 0.55390625 0.03605980650835532 0.0375
0 0.841688654353562 0.4421875 0.03869832893579595 0.0328125
0 0.8364116094986808 0.40859375 0.03605980650835532 0.03125
0 0.7537379067722075 0.528125 0.03430079155672823 0.0328125
0 0.7286719437115216 0.47109375 0.03430079155672823 0.03125
0 0.6838170624450308 0.48671875 0.036939313984168866 0.0296875
0 0.6789797713280563 0.45546875 0.036939313984168866 0.0390625
0 0.6306068601583114 0.46640625 0.03781882145998241 0.0359375
0 0.623570800351803 0.50625 0.036939313984168866 0.0328125
0 0.5800351802990326 0.496875 0.036939313984168866 0.03125
0 0.9890061565523307 0.871875 0.014951627088830254 0.0515625
0 0.9854881266490765 0.29609375 0.014951627088830254 0.028125
0 0.021108179419525065 0.7984375 0.02198768689533861 0.0296875
0 0.33773087071240104 0.03515625 0.018469656992084433 0.034375
0 0.7884784520668425 0.9453125 0.032541776605101144 0.0375