0 0.18249780123131046 0.98828125 0.0395778364116095 0.0203125
0 0.09498680738786279 0.97734375 0.040457343887423045 0.0421875
0 0.2594547053649956 0.76328125 0.04309586631486367 0.0609375
0 0.44547053649956025 0.41015625 0.03869832893579595 0.06875
0 0.4094107299912049 0.39921875 0.040457343887423045 0.06875
0 0.4766930518909411 0.26015625 0.03869832893579595 0.06875
0 0.5219876868953386 0.16484375 0.03605980650835532 0.065625
0 0.5567282321899736 0.09765625 0.03518029903254178 0.0609375
0 0.6068601583113457 0.07421875 0.03781882145998241 0.0671875
0 0.6547933157431838 0.01875 0.04309586631486367 0.0375
0 0.1248900615655233 0.5390625 0.0395778364116095 0.0734375
0 0.09718557607739665 0.29765625 0.03781882145998241 0.0671875
0 0.04177660510114336 0.421875 0.04661389621811785 0.065625