0 0.3254177660510114 0.109375 0.021108179419525065 0.0609375
0 0.3333333333333333 0.175 0.018469656992084433 0.0703125
0 0.3465259454705365 0.27890625 0.020228671943711522 0.0765625
0 0.3540017590149516 0.35390625 0.019349164467897976 0.05625
0 0.3781882145998241 0.578125 0.0158311345646438 0.0515625
0 0.38258575197889183 0.63203125 0.014951627088830254 0.05
0 0.39006156552330695 0.68203125 0.0158311345646438 0.053125
0 0.39533861037818824 0.75703125 0.014072119613016711 0.0453125
0 0.39841688654353563 0.80078125 0.020228671943711522 0.05
0 0.40633245382585753 0.89140625 0.014072119613016711 0.04375
0 0.4177660510114336 0.96953125 0.013192612137203167 0.0390625
0 0.4678979771328056 0.909375 0.0158311345646438 0.0390625
0 0.49076517150395776 0.5859375 0.016710642040457344 0.0515625
0 0.4859278803869833 0.396875 0.021108179419525065 0.0484375
0 0.4824098504837291 0.3390625 0.01759014951627089 0.0546875
0 0.47493403693931396 0.26328125 0.021108179419525065 0.065625
0 0.5690413368513633 0.44609375 0.023746701846965697 0.034375
0 0.5567282321899736 0.42734375 0.026385224274406333 0.0375
0 0.5479331574318381 0.4078125 0.024626209322779244 0.0359375