0 0.5800351802990326 0.66484375 0.020228671943711522 0.0390625
0 0.49120492524186454 0.57265625 0.025505716798592787 0.0421875
0 0.4076517150395778 0.4859375 0.029023746701846966 0.04375
0 0.4023746701846966 0.40390625 0.029023746701846966 0.0453125
0 0.401495162708883 0.35546875 0.030782761653474055 0.0484375
0 0.7022867194371152 0.77265625 0.020228671943711522 0.0390625
0 0.4648197009674582 0.1296875 0.032541776605101144 0.053125
0 0.43491644678979774 0.1203125 0.032541776605101144 0.05625
0 0.5057167985927881 0.01328125 0.0316622691292876 0.0265625
0 0.16314863676341249 0.18828125 0.0395778364116095 0.0546875
0 0.08795074758135445 0.109375 0.022867194371152155 0.05
0 0.15963060686015831 0.7125 0.027264731750219876 0.028125
0 0.2260334212840809 0.6453125 0.022867194371152155 0.04375
0 0.22867194371152155 0.596875 0.024626209322779244 0.040625
0 0.22955145118733508 0.5453125 0.026385224274406333 0.0375
0 0.020228671943711522 0.93125 0.021108179419525065 0.040625
0 0.0426561125769569 0.9015625 0.016710642040457344 0.03125
0 0.05760773966578716 0.8859375 0.013192612137203167 0.021875
0 0.1424802110817942 0.76640625 0.01759014951627089 0.0359375
0 0.1627088830255057 0.73671875 0.021108179419525065 0.0359375