0 0.8803869832893579 0.25078125 0.03518029903254178 0.0546875
0 0.8583992963940194 0.30078125 0.032541776605101144 0.05625
0 0.783641160949868 0.4625 0.03605980650835532 0.0609375
0 0.6851363236587511 0.51015625 0.03605980650835532 0.059375
0 0.6846965699208444 0.590625 0.03869832893579595 0.0671875
0 0.6525945470536499 0.58203125 0.03605980650835532 0.0671875
0 0.5817941952506597 0.76875 0.03430079155672823 0.06875
0 0.49120492524186454 0.66484375 0.03342128408091469 0.0671875
0 0.37994722955145116 0.43359375 0.03518029903254178 0.065625
0 0.2247141600703606 0.32265625 0.032541776605101144 0.0625
0 0.20580474934036938 0.38203125 0.030782761653474055 0.0609375
0 0.22251539138082674 0.096875 0.0316622691292876 0.0578125
0 0.2854001759014952 0.165625 0.032541776605101144 0.059375
0 0.4076517150395778 0.975 0.044854881266490766 0.046875
0 0.3592788038698329 0.96953125 0.044854881266490766 0.0578125
0 0.10817941952506596 0.13203125 0.02990325417766051 0.0546875
0 0.05452946350043975 0.12265625 0.02990325417766051 0.053125