0 0.4731750219876869 0.95703125 0.03430079155672823 0.075
0 0.46613896218117856 0.753125 0.0316622691292876 0.0734375
0 0.490325417766051 0.675 0.03518029903254178 0.078125
0 0.5356200527704486 0.71953125 0.032541776605101144 0.078125
0 0.559806508355321 0.64375 0.029023746701846966 0.0671875
0 0.5316622691292876 0.5234375 0.029023746701846966 0.065625
0 0.5527704485488126 0.45625 0.030782761653474055 0.071875
0 0.6433597185576078 0.13515625 0.023746701846965697 0.0578125
0 0.6613896218117854 0.07890625 0.027264731750219876 0.0671875
0 0.6886543535620053 0.015625 0.03342128408091469 0.03125
0 0.802990325417766 0.08515625 0.030782761653474055 0.065625
0 0.8289357959542656 0.025 0.027264731750219876 0.05