0 0.39489885664028146 0.95 0.03605980650835532 0.075
0 0.4076517150395778 0.75078125 0.03342128408091469 0.0734375
0 0.44239226033421286 0.67578125 0.03518029903254178 0.0765625
0 0.4793315743183817 0.73984375 0.032541776605101144 0.0796875
0 0.4973614775725594 0.5421875 0.030782761653474055 0.0671875
0 0.5237467018469657 0.48359375 0.028144239226033423 0.065625
0 0.6490765171503958 0.19296875 0.023746701846965697 0.0578125
0 0.6706244503078276 0.14375 0.027264731750219876 0.065625
0 0.7058047493403694 0.07265625 0.02990325417766051 0.06875
0 0.8091468777484608 0.19609375 0.02990325417766051 0.0625
0 0.8412489006156553 0.14140625 0.029023746701846966 0.0578125
0 0.8614775725593667 0.09140625 0.025505716798592787 0.0515625
0 0.5131926121372031 0.66796875 0.0316622691292876 0.0703125
0 0.9428320140721196 0.12421875 0.019349164467897976 0.0359375
0 0.9595426561125769 0.11796875 0.014951627088830254 0.0359375