0 0.558047493403694 0.31015625 0.03518029903254178 0.065625
0 0.5883905013192612 0.3 0.03518029903254178 0.059375
0 0.5140721196130167 0.1671875 0.03781882145998241 0.0640625
0 0.3786279683377309 0.01796875 0.04309586631486367 0.0359375
0 0.46921723834652596 0.0796875 0.03605980650835532 0.059375
0 0.43227792436235707 0.02421875 0.03605980650835532 0.0484375
0 0.7792436235708003 0.67890625 0.03781882145998241 0.0546875
0 0.8799472295514512 0.403125 0.03605980650835532 0.0671875
0 0.9617414248021108 0.265625 0.04133685136323659 0.0484375
0 0.8482849604221636 0.9640625 0.03781882145998241 0.065625
0 0.8408091468777484 0.8765625 0.03518029903254178 0.0578125
0 0.9300791556728232 0.84453125 0.03781882145998241 0.0609375