0 0.5514511873350924 0.06015625 0.036939313984168866 0.0796875
0 0.5334212840809147 0.26171875 0.03430079155672823 0.0765625
0 0.4995602462620932 0.3265625 0.036939313984168866 0.078125
0 0.4604221635883905 0.265625 0.036939313984168866 0.0828125
0 0.42656112576956906 0.3296875 0.03342128408091469 0.071875
0 0.4393139841688654 0.45703125 0.02990325417766051 0.0734375
0 0.41116974494283204 0.51328125 0.02990325417766051 0.071875
0 0.2796833773087071 0.784375 0.029023746701846966 0.065625
0 0.256816182937555 0.83046875 0.032541776605101144 0.06875
0 0.11785400175901495 0.76328125 0.030782761653474055 0.0671875
0 0.08619173262972735 0.81640625 0.028144239226033423 0.0546875
0 0.21767810026385223 0.89765625 0.0316622691292876 0.0609375
0 0.06508355321020229 0.8609375 0.024626209322779244 0.046875