0 0.45822339489885666 0.54765625 0.03430079155672823 0.06875
0 0.5171503957783641 0.83046875 0.03869832893579595 0.0703125
0 0.48636763412489004 0.840625 0.03869832893579595 0.0703125
0 0.55584872471416 0.971875 0.040457343887423045 0.053125
0 0.19744942832014073 0.7125 0.03781882145998241 0.065625
0 0.25241864555848725 0.86328125 0.0316622691292876 0.0625
0 0.16182937554969218 0.17265625 0.036939313984168866 0.065625
0 0.15743183817062445 0.26171875 0.040457343887423045 0.0625
0 0.24890061565523308 0.23828125 0.03605980650835532 0.0609375
0 0.2436235708003518 0.15 0.040457343887423045 0.0671875
0 0.20360598065083554 0.01953125 0.0395778364116095 0.0390625
0 0.23834652594547054 0.06328125 0.03605980650835532 0.0625
0 0.07299912049252419 0.85546875 0.04661389621811785 0.0453125
0 0.762532981530343 0.0625 0.022867194371152155 0.0328125