0 0.9164467897977133 0.509375 0.040457343887423045 0.034375
0 0.8104661389621812 0.4421875 0.040457343887423045 0.0390625
0 0.7546174142480211 0.47109375 0.04133685136323659 0.04375
0 0.7774846086191732 0.51015625 0.04221635883905013 0.0421875
0 0.6147757255936676 0.39765625 0.023746701846965697 0.078125
0 0.5870712401055409 0.38125 0.020228671943711522 0.0640625
0 0.42216358839050133 0.54140625 0.04133685136323659 0.0453125
0 0.39050131926121373 0.4875 0.040457343887423045 0.0390625
0 0.3254177660510114 0.58359375 0.036939313984168866 0.0421875
0 0.2717678100263852 0.60078125 0.04221635883905013 0.0421875
0 0.20492524186455585 0.62890625 0.044854881266490766 0.046875
0 0.13676341248900617 0.66171875 0.04309586631486367 0.04375
0 0.14599824098504838 0.0625 0.03430079155672823 0.0703125
0 0.11785400175901495 0.07578125 0.019349164467897976 0.046875
0 0.6165347405452947 0.14296875 0.023746701846965697 0.06875