0 0.8693931398416886 0.71953125 0.040457343887423045 0.0453125
0 0.762532981530343 0.68515625 0.036939313984168866 0.046875
0 0.7392260334212841 0.76171875 0.04221635883905013 0.053125
0 0.7119613016710642 0.72578125 0.0395778364116095 0.053125
0 0.5395778364116095 0.6796875 0.022867194371152155 0.065625
0 0.39006156552330695 0.9015625 0.044854881266490766 0.0578125
0 0.3518029903254178 0.853125 0.04309586631486367 0.0515625
0 0.29155672823219 0.97109375 0.04221635883905013 0.04375
0 0.5140721196130167 0.459375 0.027264731750219876 0.06875
0 0.3526824978012313 0.21484375 0.023746701846965697 0.0609375
0 0.470976253298153 0.0765625 0.02198768689533861 0.0609375
0 0.36367634124890064 0.0984375 0.023746701846965697 0.0546875
0 0.6253298153034301 0.9734375 0.028144239226033423 0.05
0 0.9841688654353562 0.6296875 0.027264731750219876 0.040625
0 0.1424802110817942 0.04453125 0.040457343887423045 0.0375
0 0.14511873350923482 0.07734375 0.027264731750219876 0.034375
0 0.14643799472295516 0.10390625 0.019349164467897976 0.0234375
0 0.047493403693931395 0.07578125 0.03605980650835532 0.040625
0 0.05452946350043975 0.128125 0.03518029903254178 0.0390625
0 0.1565523306948109 0.22265625 0.026385224274406333 0.028125
0 0.1437994722955145 0.33515625 0.027264731750219876 0.03125
0 0.12313104661389622 0.40078125 0.02990325417766051 0.0359375
0 0.1090589270008795 0.42890625 0.027264731750219876 0.04375
0 0.0822339489885664 0.50078125 0.03518029903254178 0.0609375
0 0.05321020228671944 0.51953125 0.023746701846965697 0.0546875
0 0.012313104661389622 0.1640625 0.018469656992084433 0.0359375