0 0.4758135444151275 0.0484375 0.030782761653474055 0.06875
0 0.5105540897097626 0.14453125 0.03342128408091469 0.078125
0 0.5158311345646438 0.340625 0.02990325417766051 0.0765625
0 0.5470536499560247 0.4109375 0.03605980650835532 0.0734375
0 0.5875109938434476 0.35546875 0.030782761653474055 0.0765625
0 0.6226912928759895 0.4375 0.02990325417766051 0.065625
0 0.5985048372911169 0.546875 0.029023746701846966 0.0640625
0 0.623570800351803 0.6078125 0.025505716798592787 0.0671875
0 0.7392260334212841 0.89375 0.021108179419525065 0.053125
0 0.7594547053649956 0.93984375 0.024626209322779244 0.0578125
0 0.8970976253298153 0.89609375 0.027264731750219876 0.0609375