0 0.030343007915567283 0.703125 0.026385224274406333 0.028125
0 0.06464379947229551 0.68671875 0.027264731750219876 0.0296875
0 0.09366754617414248 0.67109375 0.023746701846965697 0.0296875
0 0.13896218117854 0.64609375 0.023746701846965697 0.0265625
0 0.16534740545294635 0.62890625 0.027264731750219876 0.0296875
0 0.19569041336851364 0.6140625 0.026385224274406333 0.0296875
0 0.227792436235708 0.59375 0.028144239226033423 0.028125
0 0.1741424802110818 0.57890625 0.028144239226033423 0.0359375
0 0.1868953386103782 0.5125 0.029023746701846966 0.0328125
0 0.202726473175022 0.4703125 0.0316622691292876 0.0359375
0 0.3258575197889182 0.540625 0.0316622691292876 0.0375
0 0.3627968337730871 0.5203125 0.032541776605101144 0.03125
0 0.4173262972735268 0.4890625 0.030782761653474055 0.0375
0 0.3302550571679859 0.43125 0.03342128408091469 0.0375
0 0.35048372911169745 0.390625 0.03430079155672823 0.0421875
0 0.4001759014951627 0.3921875 0.03342128408091469 0.0390625
0 0.39621811785400174 0.36171875 0.03342128408091469 0.0375
0 0.49428320140721194 0.33359375 0.0316622691292876 0.0375
0 0.5343007915567283 0.3078125 0.03605980650835532 0.040625
0 0.590589270008795 0.27734375 0.036939313984168866 0.04375
0 0.5312225153913809 0.278125 0.03605980650835532 0.046875
0 0.6279683377308707 0.228125 0.03781882145998241 0.05
0 0.5747581354441513 0.24921875 0.040457343887423045 0.0484375
0 0.7590149516270889 0.4390625 0.019349164467897976 0.053125
0 0.8671943711521548 0.85390625 0.014072119613016711 0.028125
0 0.9045734388742305 0.934375 0.013192612137203167 0.028125
0 0.8557607739665787 0.10703125 0.03869832893579595 0.053125
0 0.9032541776605101 0.16640625 0.04309586631486367 0.05
0 0.376429199648197 0.82265625 0.018469656992084433 0.034375
0 0.401495162708883 0.81328125 0.01759014951627089 0.0359375
0 0.42172383465259455 0.940625 0.016710642040457344 0.0328125
0 0.4318381706244503 0.9328125 0.014072119613016711 0.0328125
0 0.6328056288478452 0.8953125 0.024626209322779244 0.0265625
0 0.6209322779243623 0.86796875 0.024626209322779244 0.021875
0 0.5589270008795075 0.91640625 0.014072119613016711 0.0265625
0 0.5659630606860159 0.7609375 0.02198768689533861 0.0265625
0 0.5716798592788038 0.98359375 0.01759014951627089 0.0296875
0 0.25065963060686014 0.3859375 0.03518029903254178 0.0421875
0 0.12093227792436236 0.4703125 0.02990325417766051 0.034375
0 0.016270888302550572 0.48359375 0.027264731750219876 0.0328125