0 0.3518029903254178 0.89296875 0.030782761653474055 0.0765625
0 0.1297273526824978 0.39140625 0.04221635883905013 0.0515625
0 0.16666666666666666 0.48203125 0.044854881266490766 0.0578125
0 0.20008795074758134 0.45390625 0.04221635883905013 0.0515625
0 0.21459982409850484 0.53359375 0.04309586631486367 0.0578125
0 0.56948109058927 0.70859375 0.03518029903254178 0.0421875
0 0.6262093227792436 0.753125 0.04309586631486367 0.05
0 0.7335092348284961 0.7265625 0.04133685136323659 0.0515625
0 0.7801231310466139 0.77265625 0.044854881266490766 0.05625
0 0.8720316622691293 0.83984375 0.04221635883905013 0.053125
0 0.9164467897977133 0.878125 0.04309586631486367 0.05
0 0.7607739665787159 0.8546875 0.044854881266490766 0.0515625
0 0.33641160949868076 0.95859375 0.02990325417766051 0.040625