0 0.3051890941072999 0.90078125 0.026385224274406333 0.08125
0 0.316622691292876 0.8109375 0.024626209322779244 0.078125
0 0.4291996481970097 0.6703125 0.023746701846965697 0.075
0 0.33157431838170626 0.26484375 0.03605980650835532 0.04375
0 0.24802110817941952 0.30078125 0.03342128408091469 0.0421875
0 0.558047493403694 0.446875 0.03869832893579595 0.0390625
0 0.6015831134564644 0.440625 0.03781882145998241 0.0359375
0 0.6068601583113457 0.47890625 0.03781882145998241 0.0421875
0 0.6539138082673702 0.496875 0.040457343887423045 0.04375
0 0.6605101143359718 0.465625 0.03869832893579595 0.0390625
0 0.7040457343887423 0.48046875 0.03430079155672823 0.0328125
0 0.8065083553210203 0.5546875 0.03781882145998241 0.034375
0 0.8139841688654353 0.5234375 0.0395778364116095 0.040625
0 0.8614775725593667 0.57578125 0.04133685136323659 0.0390625
0 0.8962181178540017 0.5578125 0.03869832893579595 0.0328125
0 0.9604221635883905 0.6828125 0.044854881266490766 0.0390625
0 0.9670184696569921 0.5890625 0.04133685136323659 0.0328125
0 0.9428320140721196 0.4609375 0.036939313984168866 0.0359375
0 0.8975373790677221 0.44140625 0.03781882145998241 0.0375
0 0.8311345646437994 0.41328125 0.03605980650835532 0.0421875