0 0.5343007915567283 0.05546875 0.03430079155672823 0.0765625
0 0.5237467018469657 0.25859375 0.0316622691292876 0.075
0 0.4925241864555849 0.32734375 0.03430079155672823 0.075
0 0.45118733509234826 0.27109375 0.03430079155672823 0.0796875
0 0.41996481970096744 0.3390625 0.030782761653474055 0.06875
0 0.43755496921723835 0.4640625 0.028144239226033423 0.0703125
0 0.41204925241864554 0.52421875 0.028144239226033423 0.06875
0 0.2911169744942832 0.8109375 0.026385224274406333 0.0625
0 0.2704485488126649 0.859375 0.02990325417766051 0.0671875
0 0.12884784520668427 0.81015625 0.028144239226033423 0.0640625
0 0.0998240985048373 0.86640625 0.026385224274406333 0.0515625
0 0.2343887423043096 0.93125 0.02990325417766051 0.059375
0 0.08003518029903255 0.9140625 0.022867194371152155 0.0453125