0 0.38786279683377306 0.9390625 0.026385224274406333 0.075
0 0.4762532981530343 0.76796875 0.01759014951627089 0.0484375
0 0.33773087071240104 0.3953125 0.03869832893579595 0.040625
0 0.48548812664907653 0.275 0.018469656992084433 0.053125
0 0.4648197009674582 0.22109375 0.01759014951627089 0.0484375
0 0.4700967458223395 0.09140625 0.016710642040457344 0.0484375
0 0.8966578715919086 0.484375 0.04221635883905013 0.0359375
0 0.9630606860158312 0.3375 0.036939313984168866 0.0359375
0 0.9155672823218998 0.33828125 0.040457343887423045 0.034375
0 0.8447669305189094 0.3375 0.036939313984168866 0.0390625
0 0.8421284080914688 0.4515625 0.0395778364116095 0.034375
0 0.8399296394019349 0.4859375 0.036939313984168866 0.0328125
0 0.747141600703606 0.39453125 0.03518029903254178 0.034375
0 0.727792436235708 0.45859375 0.03518029903254178 0.0328125
0 0.6820580474934037 0.45625 0.036939313984168866 0.03125
0 0.6807387862796834 0.48828125 0.03781882145998241 0.040625
0 0.6319261213720316 0.49296875 0.03869832893579595 0.0375
0 0.6213720316622692 0.45546875 0.03781882145998241 0.034375
0 0.579155672823219 0.478125 0.03781882145998241 0.0328125
0 0.9450307827616534 0.00546875 0.016710642040457344 0.0109375
0 0.9942832014072119 0.5515625 0.009674582233948988 0.03125
0 0.005716798592788039 0.3546875 0.011433597185576077 0.03125
0 0.386103781882146 0.99375 0.021108179419525065 0.009375