0 0.5466138962181178 0.7 0.03518029903254178 0.065625
0 0.5760773966578716 0.71484375 0.03518029903254178 0.059375
0 0.4947229551451187 0.83359375 0.03781882145998241 0.0640625
0 0.35048372911169745 0.9640625 0.04221635883905013 0.0484375
0 0.4445910290237467 0.9125 0.03605980650835532 0.059375
0 0.40413368513632364 0.96484375 0.03518029903254178 0.05625
0 0.7880386983289358 0.37421875 0.03781882145998241 0.0546875
0 0.8720316622691293 0.6671875 0.03605980650835532 0.0671875
0 0.9454705364995603 0.81953125 0.04133685136323659 0.0484375
0 0.8737906772207564 0.103125 0.03781882145998241 0.065625
0 0.86103781882146 0.18828125 0.03518029903254178 0.0578125
0 0.9481090589270009 0.2375 0.03781882145998241 0.0609375