0 0.9498680738786279 0.109375 0.030782761653474055 0.0859375
0 0.9542656112576957 0.6234375 0.02198768689533861 0.0765625
0 0.8729111697449429 0.90703125 0.02198768689533861 0.0640625
0 0.6301671064204045 0.43671875 0.03781882145998241 0.034375
0 0.5628847845206685 0.42109375 0.040457343887423045 0.0375
0 0.490325417766051 0.41875 0.03781882145998241 0.0328125
0 0.4463500439753738 0.41171875 0.036939313984168866 0.034375
0 0.39050131926121373 0.31015625 0.04133685136323659 0.040625
0 0.22559366754617413 0.3875 0.03430079155672823 0.0328125
0 0.1851363236587511 0.38359375 0.0395778364116095 0.0296875
0 0.11961301671064203 0.37109375 0.04573438874230431 0.0390625
0 0.06948109058927 0.365625 0.03605980650835532 0.0359375
0 0.12620932277924363 0.27890625 0.040457343887423045 0.040625
0 0.13060686015831136 0.21953125 0.04397537379067722 0.0375