0 0.044854881266490766 0.8140625 0.03518029903254178 0.0484375
0 0.08091468777484609 0.778125 0.03430079155672823 0.05
0 0.113896218117854 0.73671875 0.03869832893579595 0.0453125
0 0.24582233948988566 0.5796875 0.029023746701846966 0.0484375
0 0.2854001759014952 0.53515625 0.03781882145998241 0.0546875
0 0.3390501319261214 0.48046875 0.03605980650835532 0.0578125
0 0.37159190853122254 0.440625 0.032541776605101144 0.0515625
0 0.5589270008795075 0.22265625 0.036939313984168866 0.0578125
0 0.5976253298153035 0.17734375 0.036939313984168866 0.05
0 0.6811785400175902 0.07109375 0.044854881266490766 0.059375
0 0.7286719437115216 0.028125 0.04133685136323659 0.05625
0 0.6103781882145998 0.034375 0.036939313984168866 0.053125
0 0.20492524186455585 0.334375 0.0395778364116095 0.0578125
0 0.16094986807387862 0.36953125 0.032541776605101144 0.0515625
0 0.12752858399296393 0.41484375 0.030782761653474055 0.05625
0 0.07167985927880387 0.31328125 0.016710642040457344 0.059375
0 0.05452946350043975 0.30859375 0.019349164467897976 0.0671875
0 0.032981530343007916 0.30703125 0.020228671943711522 0.0671875
0 0.016270888302550572 0.56484375 0.0316622691292876 0.053125