0 0.523306948109059 0.68125 0.030782761653474055 0.084375
0 0.5422163588390502 0.59296875 0.028144239226033423 0.0765625
0 0.51363236587511 0.59765625 0.028144239226033423 0.078125
0 0.49780123131046616 0.51796875 0.027264731750219876 0.0765625
0 0.5430958663148637 0.49296875 0.027264731750219876 0.0734375
0 0.5664028144239226 0.48515625 0.028144239226033423 0.075
0 0.8698328935795955 0.43515625 0.04925241864555849 0.0546875
0 0.7647317502198768 0.39375 0.03869832893579595 0.04375
0 0.7251539138082673 0.31484375 0.04573438874230431 0.059375
0 0.4824098504837291 0.11953125 0.0395778364116095 0.05
0 0.554089709762533 0.9828125 0.021108179419525065 0.03125