0 0.3043095866314864 0.28125 0.019349164467897976 0.01875
0 0.33465259454705365 0.2859375 0.01759014951627089 0.01875
0 0.32717678100263853 0.30078125 0.018469656992084433 0.0171875
0 0.4045734388742304 0.43359375 0.010554089709762533 0.0234375
0 0.3491644678979771 0.51328125 0.010554089709762533 0.028125
0 0.4463500439753738 0.73125 0.01759014951627089 0.040625
0 0.3839050131926121 0.81171875 0.018469656992084433 0.05
0 0.4098504837291117 0.87265625 0.019349164467897976 0.0453125
0 0.7453825857519789 0.6703125 0.0158311345646438 0.03125
0 0.8267370272647317 0.65390625 0.0158311345646438 0.03125
0 0.8671943711521548 0.64375 0.018469656992084433 0.03125
0 0.9116094986807388 0.6359375 0.019349164467897976 0.0296875
0 0.934476693051891 0.634375 0.016710642040457344 0.0265625