0 0.28144239226033424 0.634375 0.019349164467897976 0.0171875
0 0.3117854001759015 0.6421875 0.01759014951627089 0.0171875
0 0.30606860158311344 0.625 0.018469656992084433 0.015625
0 0.39841688654353563 0.5265625 0.009674582233948988 0.0234375
0 0.3548812664907652 0.4265625 0.009674582233948988 0.028125
0 0.4766930518909411 0.253125 0.016710642040457344 0.0390625
0 0.4261213720316623 0.15 0.01759014951627089 0.0484375
0 0.45910290237467016 0.10078125 0.01759014951627089 0.04375
0 0.7607739665787159 0.43203125 0.0158311345646438 0.0296875
0 0.837730870712401 0.48046875 0.0158311345646438 0.0296875
0 0.8759894459102903 0.50703125 0.01759014951627089 0.03125
0 0.9182058047493403 0.53203125 0.018469656992084433 0.028125
0 0.940193491644679 0.5421875 0.0158311345646438 0.025