0 0.5817941952506597 0.04296875 0.03605980650835532 0.0859375
0 0.6297273526824978 0.034375 0.03342128408091469 0.06875
0 0.3737906772207564 0.55625 0.028144239226033423 0.06875
0 0.41424802110817943 0.51640625 0.029023746701846966 0.0671875
0 0.3839050131926121 0.6296875 0.025505716798592787 0.0609375
0 0.2959542656112577 0.72734375 0.027264731750219876 0.0625
0 0.24406332453825857 0.91640625 0.025505716798592787 0.0578125
0 0.22867194371152155 0.971875 0.025505716798592787 0.0546875
0 0.8737906772207564 0.54375 0.03430079155672823 0.046875
0 0.8227792436235708 0.803125 0.036939313984168866 0.046875
0 0.8992963940193491 0.84609375 0.03430079155672823 0.04375