0 0.43535620052770446 0.1203125 0.024626209322779244 0.065625
0 0.4995602462620932 0.12265625 0.026385224274406333 0.06875
0 0.5549692172383466 0.03984375 0.028144239226033423 0.0671875
0 0.5549692172383466 0.109375 0.027264731750219876 0.0640625
0 0.490325417766051 0.275 0.020228671943711522 0.0515625
0 0.4160070360598065 0.471875 0.018469656992084433 0.046875
0 0.4762532981530343 0.50546875 0.01759014951627089 0.0390625
0 0.3865435356200528 0.74296875 0.012313104661389622 0.0296875
0 0.34432717678100266 0.66640625 0.012313104661389622 0.0296875
0 0.25285839929639403 0.87890625 0.020228671943711522 0.021875
0 0.28452066842568163 0.890625 0.0158311345646438 0.01875
0 0.2801231310466139 0.8734375 0.020228671943711522 0.0171875
0 0.751099384344767 0.73125 0.01759014951627089 0.0328125
0 0.8289357959542656 0.79453125 0.01759014951627089 0.0328125
0 0.8676341248900615 0.8296875 0.021108179419525065 0.0359375
0 0.9098504837291117 0.8625 0.020228671943711522 0.034375
0 0.9327176781002638 0.8765625 0.018469656992084433 0.0328125