0 0.9617414248021108 0.24765625 0.04309586631486367 0.0359375
0 0.8623570800351803 0.36875 0.04133685136323659 0.03125
0 0.8197009674582234 0.32109375 0.04573438874230431 0.0328125
0 0.8012313104661389 0.371875 0.040457343887423045 0.0375
0 0.7207563764291997 0.7609375 0.018469656992084433 0.06875
0 0.44371152154793314 0.54296875 0.0395778364116095 0.0265625
0 0.46437994722955145 0.47421875 0.04221635883905013 0.0328125
0 0.3671943711521548 0.4828125 0.03605980650835532 0.03125
0 0.4098504837291117 0.41796875 0.036939313984168866 0.0328125
0 0.3153034300791557 0.4890625 0.0395778364116095 0.03125
0 0.24890061565523308 0.4953125 0.04221635883905013 0.03125
0 0.17985927880386984 0.5 0.0395778364116095 0.03125