0 0.35356200527704484 0.03203125 0.026385224274406333 0.0609375
0 0.4072119613016711 0.17109375 0.02990325417766051 0.0765625
0 0.2774846086191733 0.38046875 0.029023746701846966 0.0734375
0 0.2436235708003518 0.2546875 0.024626209322779244 0.06875
0 0.22251539138082674 0.16953125 0.026385224274406333 0.0703125
0 0.5074758135444152 0.6390625 0.028144239226033423 0.075
0 0.48548812664907653 0.71640625 0.028144239226033423 0.0734375
0 0.4744942832014072 0.7546875 0.027264731750219876 0.071875
0 0.44591029023746703 0.64296875 0.026385224274406333 0.0671875
0 0.42216358839050133 0.55703125 0.028144239226033423 0.0734375
0 0.4621811785400176 0.60078125 0.029023746701846966 0.0671875
0 0.9819700967458224 0.7734375 0.03430079155672823 0.053125
0 0.8548812664907651 0.890625 0.03869832893579595 0.05
0 0.016710642040457344 0.78828125 0.03342128408091469 0.0640625
0 0.04529463500439754 0.671875 0.03430079155672823 0.046875
0 0.05452946350043975 0.4515625 0.02990325417766051 0.025
0 0.023306948109058926 0.2515625 0.03781882145998241 0.046875
0 0.03430079155672823 0.709375 0.0316622691292876 0.046875