0 0.8438874230430958 0.66875 0.021108179419525065 0.053125
0 0.8249780123131046 0.90390625 0.01759014951627089 0.053125
0 0.9182058047493403 0.89140625 0.01759014951627089 0.059375
0 0.5914687774846086 0.040625 0.04221635883905013 0.0515625
0 0.530782761653474 0.0671875 0.04133685136323659 0.046875
0 0.5795954265611257 0.1015625 0.04133685136323659 0.046875
0 0.45382585751978893 0.21953125 0.03869832893579595 0.046875
0 0.31574318381706246 0.2859375 0.03781882145998241 0.040625
0 0.27396657871591906 0.30390625 0.03605980650835532 0.0390625
0 0.07783641160949868 0.4 0.03430079155672823 0.0375
0 0.04397537379067722 0.41640625 0.03869832893579595 0.0375