0 0.16358839050131926 0.7109375 0.022867194371152155 0.05625
0 0.1917326297273527 0.94296875 0.019349164467897976 0.05625
0 0.0980650835532102 0.9421875 0.019349164467897976 0.0625
0 0.39050131926121373 0.053125 0.04397537379067722 0.05625
0 0.4525065963060686 0.071875 0.04309586631486367 0.0515625
0 0.4050131926121372 0.1125 0.04309586631486367 0.0515625
0 0.534740545294635 0.21484375 0.040457343887423045 0.0515625
0 0.6754617414248021 0.26328125 0.0395778364116095 0.0453125
0 0.7176781002638523 0.2765625 0.03781882145998241 0.0421875
0 0.9173262972735268 0.3484375 0.03605980650835532 0.040625
0 0.951627088830255 0.36015625 0.040457343887423045 0.0421875