0 0.0505716798592788 0.15625 0.032541776605101144 0.078125
0 0.12532981530343007 0.3671875 0.0316622691292876 0.0640625
0 0.11741424802110818 0.43828125 0.03342128408091469 0.08125
0 0.3258575197889182 0.58828125 0.04221635883905013 0.0515625
0 0.3465259454705365 0.609375 0.040457343887423045 0.053125
0 0.3891820580474934 0.65234375 0.04309586631486367 0.053125
0 0.41116974494283204 0.5734375 0.04133685136323659 0.0515625
0 0.38830255057167984 0.540625 0.04221635883905013 0.0515625
0 0.43755496921723835 0.49921875 0.04221635883905013 0.05625
0 0.5395778364116095 0.253125 0.04133685136323659 0.0578125
0 0.6081794195250659 0.1921875 0.04221635883905013 0.0515625
0 0.658311345646438 0.1546875 0.04133685136323659 0.0515625
0 0.7911169744942832 0.0515625 0.04397537379067722 0.0546875
0 0.8390501319261213 0.01796875 0.040457343887423045 0.0359375
0 0.9032541776605101 0.25859375 0.04133685136323659 0.0546875
0 0.7744063324538258 0.3625 0.040457343887423045 0.046875
0 0.7365875109938435 0.3921875 0.040457343887423045 0.0515625
0 0.6525945470536499 0.4875 0.044854881266490766 0.053125