0 0.9076517150395779 0.0234375 0.04573438874230431 0.046875
0 0.8685136323658751 0.0625 0.04221635883905013 0.0578125
0 0.7436235708003518 0.20234375 0.04309586631486367 0.0578125
0 0.714160070360598 0.05703125 0.04309586631486367 0.059375
0 0.5734388742304309 0.2015625 0.04221635883905013 0.06875
0 0.45162708883025504 0.2796875 0.03605980650835532 0.053125
0 0.41380826737027265 0.38125 0.040457343887423045 0.0578125
0 0.36631486367634125 0.1328125 0.032541776605101144 0.078125
0 0.37423043095866315 0.0953125 0.032541776605101144 0.078125
0 0.3970976253298153 0.034375 0.028144239226033423 0.0421875
0 0.33421284080914687 0.04609375 0.024626209322779244 0.04375