0 0.3786279683377309 0.06875 0.040457343887423045 0.09375
0 0.3306948109058927 0.07265625 0.036939313984168866 0.078125
0 0.6297273526824978 0.5203125 0.032541776605101144 0.0734375
0 0.5861917326297273 0.49296875 0.03342128408091469 0.071875
0 0.6262093227792436 0.5953125 0.029023746701846966 0.0671875
0 0.7216358839050132 0.66796875 0.030782761653474055 0.0671875
0 0.7893579595426561 0.840625 0.029023746701846966 0.0640625
0 0.8091468777484608 0.890625 0.029023746701846966 0.0609375
0 0.1345646437994723 0.646875 0.036939313984168866 0.053125
0 0.20800351802990324 0.8890625 0.040457343887423045 0.0546875
0 0.1363236587510994 0.953125 0.036939313984168866 0.05