0 0.46437994722955145 0.675 0.027264731750219876 0.08125
0 0.45162708883025504 0.5828125 0.024626209322779244 0.071875
0 0.47977132805628847 0.59375 0.024626209322779244 0.0734375
0 0.5013192612137203 0.51796875 0.023746701846965697 0.0734375
0 0.4573438874230431 0.48359375 0.023746701846965697 0.0703125
0 0.43535620052770446 0.4703125 0.024626209322779244 0.0703125
0 0.13720316622691292 0.35625 0.047493403693931395 0.0484375
0 0.24450307827616535 0.3375 0.036939313984168866 0.0390625
0 0.28935795954265614 0.26796875 0.04397537379067722 0.053125
0 0.5435356200527705 0.1265625 0.036939313984168866 0.0453125
0 0.4133685136323659 0.97578125 0.016710642040457344 0.04375
0 0.051451187335092345 0.96015625 0.022867194371152155 0.0515625
0 0.019349164467897976 0.959375 0.020228671943711522 0.0484375