0 0.1503957783641161 0.37421875 0.02198768689533861 0.0546875
0 0.1600703605980651 0.1375 0.018469656992084433 0.0546875
0 0.06728232189973615 0.16171875 0.018469656992084433 0.0609375
0 0.42656112576956906 0.9703125 0.04309586631486367 0.053125
0 0.48636763412489004 0.93515625 0.04221635883905013 0.0484375
0 0.436235708003518 0.90703125 0.04221635883905013 0.0484375
0 0.5571679859278804 0.77421875 0.0395778364116095 0.0484375
0 0.6921723834652594 0.690625 0.03869832893579595 0.0421875
0 0.7330694810905892 0.66796875 0.036939313984168866 0.040625
0 0.924802110817942 0.54765625 0.03518029903254178 0.0390625
0 0.9582233948988567 0.52734375 0.0395778364116095 0.0390625