0 0.9410729991204925 0.91796875 0.03781882145998241 0.0765625
0 0.9630606860158312 0.990625 0.0316622691292876 0.015625
0 0.9714160070360598 0.875 0.027264731750219876 0.0703125
0 0.8799472295514512 0.34140625 0.0395778364116095 0.065625
0 0.9256816182937555 0.29296875 0.0395778364116095 0.0625
0 0.9621811785400176 0.25078125 0.03781882145998241 0.059375
0 0.9912049252418645 0.2078125 0.0158311345646438 0.0625
0 0.7559366754617414 0.47734375 0.0395778364116095 0.065625
0 0.7119613016710642 0.52890625 0.0395778364116095 0.0640625
0 0.6442392260334213 0.5984375 0.04221635883905013 0.0640625
0 0.6020228671943711 0.29453125 0.04397537379067722 0.071875
0 0.6943711521547933 0.228125 0.04221635883905013 0.0640625
0 0.7313104661389622 0.18515625 0.0395778364116095 0.0640625
0 0.36455584872471414 0.709375 0.04309586631486367 0.065625
0 0.36631486367634125 0.66640625 0.040457343887423045 0.0609375
0 0.4239226033421284 0.6484375 0.03869832893579595 0.0640625
0 0.470976253298153 0.6 0.04309586631486367 0.0640625
0 0.4226033421284081 0.59453125 0.0395778364116095 0.0625
0 0.14819700967458224 0.565625 0.03605980650835532 0.071875
0 0.3729111697449428 0.58046875 0.0395778364116095 0.065625
0 0.9160070360598065 0.72890625 0.02990325417766051 0.059375
0 0.8913808267370272 0.7484375 0.02990325417766051 0.0625
0 0.8742304309586632 0.7734375 0.025505716798592787 0.0484375
0 0.8016710642040458 0.88125 0.025505716798592787 0.046875
0 0.011433597185576077 0.44453125 0.022867194371152155 0.078125