0 0.8425681618293756 0.89140625 0.04661389621811785 0.059375
0 0.8144239226033422 0.825 0.04661389621811785 0.0640625
0 0.751099384344767 0.740625 0.04397537379067722 0.0546875
0 0.6059806508355321 0.68046875 0.0395778364116095 0.053125
0 0.5620052770448549 0.66171875 0.0395778364116095 0.0484375
0 0.35664028144239224 0.57265625 0.03342128408091469 0.046875
0 0.31882145998240985 0.5578125 0.03869832893579595 0.0515625
0 0.26297273526824977 0.53828125 0.04221635883905013 0.0546875
0 0.21943711521547934 0.51953125 0.032541776605101144 0.0421875
0 0.0743183817062445 0.45390625 0.036939313984168866 0.04375
0 0.036939313984168866 0.43671875 0.03605980650835532 0.04375
0 0.009674582233948988 0.4234375 0.019349164467897976 0.04375
0 0.09586631486367635 0.8515625 0.021108179419525065 0.05
0 0.07783641160949868 0.8625 0.019349164467897976 0.053125
0 0.0584872471416007 0.8796875 0.02198768689533861 0.0546875
0 0.2185576077396658 0.76171875 0.04133685136323659 0.0546875
0 0.1693051890941073 0.75390625 0.03342128408091469 0.05
0 0.13368513632365875 0.7375 0.03342128408091469 0.0515625