0 0.8887423043095867 0.425 0.04133685136323659 0.0546875
0 0.8786279683377308 0.253125 0.04133685136323659 0.05625
0 0.8355321020228672 0.221875 0.040457343887423045 0.059375
0 0.6961301671064204 0.13046875 0.04133685136323659 0.05
0 0.3702726473175022 0.4421875 0.03342128408091469 0.0765625
0 0.3447669305189094 0.3703125 0.03430079155672823 0.0734375
0 0.3306948109058927 0.334375 0.03430079155672823 0.075
0 0.3087071240105541 0.4484375 0.030782761653474055 0.071875
0 0.32981530343007914 0.48515625 0.03342128408091469 0.071875
0 0.2906772207563764 0.5375 0.03342128408091469 0.0765625
0 0.15963060686015831 0.740625 0.03518029903254178 0.078125
0 0.13412489006156553 0.87109375 0.030782761653474055 0.075
0 0.11741424802110818 0.96015625 0.03430079155672823 0.075
0 0.30035180299032543 0.92578125 0.032541776605101144 0.075