0 0.9388742304309586 0.884375 0.0316622691292876 0.078125
0 0.8702726473175022 0.66796875 0.0316622691292876 0.0640625
0 0.8803869832893579 0.596875 0.032541776605101144 0.08125
0 0.6767810026385225 0.428125 0.04221635883905013 0.05
0 0.6565523306948109 0.4046875 0.040457343887423045 0.0515625
0 0.6152154793315743 0.35859375 0.04309586631486367 0.0515625
0 0.590589270008795 0.43515625 0.04133685136323659 0.05
0 0.6130167106420404 0.46953125 0.04221635883905013 0.05
0 0.5624450307827616 0.50625 0.04221635883905013 0.0546875
0 0.45338610378188215 0.74296875 0.04133685136323659 0.05625
0 0.38258575197889183 0.796875 0.04221635883905013 0.05
0 0.33201407211961304 0.8296875 0.04133685136323659 0.05
0 0.19569041336851364 0.92109375 0.04397537379067722 0.053125
0 0.14775725593667546 0.95703125 0.03869832893579595 0.046875
0 0.0901495162708883 0.70390625 0.04133685136323659 0.053125
0 0.22163588390501318 0.61171875 0.0395778364116095 0.0453125
0 0.26077396657871593 0.5859375 0.040457343887423045 0.05
0 0.34740545294635006 0.4984375 0.044854881266490766 0.0515625