0 0.6086191732629728 0.06796875 0.016710642040457344 0.0609375
0 0.604221635883905 0.13671875 0.020228671943711522 0.065625
0 0.5976253298153035 0.240625 0.02198768689533861 0.0671875
0 0.5941072999120492 0.31328125 0.016710642040457344 0.05625
0 0.5844327176781002 0.54296875 0.016710642040457344 0.0484375
0 0.5822339489885664 0.59375 0.014951627088830254 0.046875
0 0.579155672823219 0.646875 0.016710642040457344 0.0484375
0 0.5773966578715919 0.72109375 0.013192612137203167 0.04375
0 0.5769569041336852 0.7640625 0.012313104661389622 0.04375
0 0.5756376429199648 0.859375 0.014072119613016711 0.040625
0 0.56948109058927 0.9359375 0.012313104661389622 0.0359375
0 0.4744942832014072 0.5703125 0.014951627088830254 0.0453125
0 0.46701846965699206 0.38125 0.016710642040457344 0.05
0 0.4678979771328056 0.3203125 0.014072119613016711 0.053125
0 0.4714160070360598 0.24296875 0.01759014951627089 0.0625
0 0.40589270008795075 0.4015625 0.022867194371152155 0.0390625
0 0.3966578715919085 0.421875 0.02198768689533861 0.0375
0 0.3865435356200528 0.4453125 0.021108179419525065 0.034375