0 0.43271767810026385 0.0390625 0.027264731750219876 0.0640625
0 0.4388742304309587 0.1359375 0.028144239226033423 0.065625
0 0.5 0.28984375 0.02198768689533861 0.053125
0 0.5395778364116095 0.33046875 0.020228671943711522 0.05625
0 0.5800351802990326 0.23515625 0.02198768689533861 0.0625
0 0.5259454705364995 0.59765625 0.016710642040457344 0.0390625
0 0.5993843447669305 0.6421875 0.0158311345646438 0.04375
0 0.6029023746701847 0.8046875 0.011433597185576077 0.028125
0 0.6525945470536499 0.77109375 0.012313104661389622 0.0296875
0 0.24098504837291118 0.7921875 0.0158311345646438 0.03125
0 0.1600703605980651 0.84609375 0.01759014951627089 0.03125
0 0.11873350923482849 0.87421875 0.018469656992084433 0.03125
0 0.07343887423043095 0.903125 0.020228671943711522 0.03125
0 0.051011433597185574 0.915625 0.0158311345646438 0.03125