0 0.9718557607739666 0.240625 0.04221635883905013 0.04375
0 0.9832893579595426 0.3265625 0.0316622691292876 0.04375
0 0.8456464379947229 0.31484375 0.040457343887423045 0.040625
0 0.7220756376429199 0.26328125 0.04133685136323659 0.040625
0 0.7695690413368513 0.21640625 0.04309586631486367 0.0421875
0 0.7062445030782761 0.2125 0.04133685136323659 0.04375
0 0.09146877748460862 0.0953125 0.040457343887423045 0.04375
0 0.2748460861917326 0.12734375 0.04133685136323659 0.0484375
0 0.39006156552330695 0.13671875 0.04397537379067722 0.04375
0 0.40413368513632364 0.103125 0.03781882145998241 0.040625
0 0.5501319261213721 0.53203125 0.018469656992084433 0.0578125
0 0.48548812664907653 0.87421875 0.0158311345646438 0.0421875
0 0.5180299032541776 0.9328125 0.01759014951627089 0.0421875
0 0.5373790677220757 0.91796875 0.014951627088830254 0.040625
0 0.5932277924362357 0.90859375 0.014951627088830254 0.04375