0 0.886103781882146 0.6109375 0.04221635883905013 0.059375
0 0.8707124010554089 0.78125 0.04221635883905013 0.059375
0 0.8267370272647317 0.80859375 0.04221635883905013 0.0625
0 0.6851363236587511 0.8875 0.04221635883905013 0.0546875
0 0.3685136323658751 0.5453125 0.03518029903254178 0.0796875
0 0.3412489006156552 0.61484375 0.03605980650835532 0.0765625
0 0.3258575197889182 0.64921875 0.03605980650835532 0.078125
0 0.3073878627968338 0.53359375 0.032541776605101144 0.0734375
0 0.32937554969217236 0.4984375 0.03518029903254178 0.075
0 0.29243623570800353 0.44296875 0.03518029903254178 0.0796875
0 0.16710642040457344 0.228125 0.036939313984168866 0.08125
0 0.1455584872471416 0.09609375 0.032541776605101144 0.0765625
0 0.13192612137203166 0.02265625 0.036939313984168866 0.0453125
0 0.3131046613896218 0.05546875 0.03430079155672823 0.0765625