0 0.5914687774846086 0.05625 0.018469656992084433 0.0625
0 0.5897097625329816 0.125 0.022867194371152155 0.0671875
0 0.5875109938434476 0.22890625 0.024626209322779244 0.0703125
0 0.5866314863676341 0.30234375 0.019349164467897976 0.0578125
0 0.5861917326297273 0.53203125 0.018469656992084433 0.05
0 0.5857519788918206 0.58359375 0.016710642040457344 0.0484375
0 0.5844327176781002 0.63671875 0.018469656992084433 0.05
0 0.5861917326297273 0.7109375 0.014951627088830254 0.0453125
0 0.5870712401055409 0.75390625 0.014072119613016711 0.04375
0 0.5892700087950747 0.84921875 0.014951627088830254 0.0421875
0 0.5866314863676341 0.9265625 0.013192612137203167 0.0359375
0 0.47757255936675463 0.5734375 0.016710642040457344 0.046875
0 0.46262093227792433 0.38515625 0.018469656992084433 0.0515625
0 0.4608619173262973 0.32421875 0.0158311345646438 0.0546875
0 0.46130167106420406 0.246875 0.019349164467897976 0.0640625
0 0.4019349164467898 0.41328125 0.023746701846965697 0.040625
0 0.3940193491644679 0.43515625 0.023746701846965697 0.0390625
0 0.38478452066842567 0.459375 0.022867194371152155 0.0359375