0 0.016710642040457344 0.18125 0.03342128408091469 0.040625
0 0.1218117854001759 0.28046875 0.04309586631486367 0.0421875
0 0.1613896218117854 0.22265625 0.048372911169744945 0.04375
0 0.18337730870712401 0.2734375 0.044854881266490766 0.04375
0 0.5299032541776605 0.30078125 0.04309586631486367 0.0375
0 0.5554089709762533 0.36484375 0.0395778364116095 0.0359375
0 0.6279683377308707 0.290625 0.040457343887423045 0.0375
0 0.6807387862796834 0.28359375 0.04309586631486367 0.0375
0 0.7480211081794196 0.275 0.04573438874230431 0.040625
0 0.816622691292876 0.2640625 0.04309586631486367 0.0375
0 0.6917326297273527 0.22890625 0.040457343887423045 0.040625
0 0.9410729991204925 0.75390625 0.023746701846965697 0.0640625
0 0.9006156552330695 0.76640625 0.022867194371152155 0.0609375
0 0.7387862796833773 0.8296875 0.030782761653474055 0.0734375
0 0.29991204925241866 0.6375 0.022867194371152155 0.075
0 0.4472295514511873 0.971875 0.018469656992084433 0.053125
0 0.706684256816183 0.88515625 0.019349164467897976 0.046875
0 0.6904133685136323 0.90390625 0.024626209322779244 0.0546875
0 0.6631486367634125 0.95625 0.024626209322779244 0.040625
0 0.9212840809146877 0.92734375 0.03781882145998241 0.021875
0 0.7664907651715039 0.8203125 0.022867194371152155 0.0578125