0 0.9846086191732629 0.19609375 0.029023746701846966 0.0421875
0 0.8803869832893579 0.2921875 0.04309586631486367 0.04375
0 0.8412489006156553 0.2328125 0.048372911169744945 0.04375
0 0.8188214599824098 0.2828125 0.044854881266490766 0.0453125
0 0.47185576077396657 0.3 0.04309586631486367 0.0390625
0 0.44591029023746703 0.36328125 0.040457343887423045 0.0359375
0 0.37423043095866315 0.28671875 0.040457343887423045 0.0375
0 0.3210202286719437 0.278125 0.04309586631486367 0.0390625
0 0.2541776605101143 0.2671875 0.04573438874230431 0.0421875
0 0.18557607739665788 0.2546875 0.04309586631486367 0.0390625
0 0.31090589270008795 0.22265625 0.040457343887423045 0.040625
0 0.056288478452066845 0.73984375 0.024626209322779244 0.0640625
0 0.09674582233948989 0.75390625 0.023746701846965697 0.0609375
0 0.25813544415127526 0.82265625 0.030782761653474055 0.0734375
0 0.6987686895338611 0.64375 0.023746701846965697 0.075
0 0.5488126649076517 0.971875 0.019349164467897976 0.053125
0 0.28979771328056286 0.87890625 0.020228671943711522 0.046875
0 0.30562884784520666 0.8984375 0.024626209322779244 0.0546875
0 0.3324538258575198 0.95078125 0.024626209322779244 0.0421875
0 0.0743183817062445 0.9140625 0.03781882145998241 0.021875
0 0.23043095866314864 0.81171875 0.023746701846965697 0.0578125