0 0.9560246262093228 0.4234375 0.03518029903254178 0.053125
0 0.8619173262972736 0.37578125 0.032541776605101144 0.0484375
0 0.6701846965699209 0.27578125 0.03781882145998241 0.046875
0 0.5510114335971856 0.21328125 0.04221635883905013 0.0453125
0 0.5430958663148637 0.16953125 0.036939313984168866 0.05
0 0.3355321020228672 0.4609375 0.024626209322779244 0.0625
0 0.22911169744942833 0.096875 0.04309586631486367 0.0578125
0 0.1996481970096746 0.13515625 0.04397537379067722 0.0546875
0 0.1627088830255057 0.06328125 0.048372911169744945 0.0515625
0 0.06508355321020229 0.1078125 0.04309586631486367 0.0515625
0 0.33465259454705365 0.865625 0.020228671943711522 0.04375
0 0.29243623570800353 0.90546875 0.01759014951627089 0.040625
0 0.2770448548812665 0.884375 0.018469656992084433 0.04375
0 0.22207563764291996 0.8453125 0.021108179419525065 0.046875