0 0.03562005277044855 0.22734375 0.03605980650835532 0.0828125
0 0.12005277044854881 0.42578125 0.03518029903254178 0.06875
0 0.11565523306948108 0.49765625 0.036939313984168866 0.0859375
0 0.3306948109058927 0.61484375 0.04397537379067722 0.05625
0 0.35224274406332456 0.6328125 0.04309586631486367 0.0578125
0 0.3970976253298153 0.66875 0.04573438874230431 0.059375
0 0.415127528583993 0.58671875 0.04309586631486367 0.05625
0 0.39050131926121373 0.5578125 0.04397537379067722 0.05625
0 0.43755496921723835 0.50859375 0.044854881266490766 0.0609375
0 0.5272647317502199 0.24765625 0.04397537379067722 0.0625
0 0.592788038698329 0.1765625 0.04397537379067722 0.05625
0 0.6407211961301671 0.13125 0.04309586631486367 0.05625
0 0.7686895338610378 0.01953125 0.047493403693931395 0.0390625
0 0.8896218117854002 0.196875 0.04397537379067722 0.059375
0 0.7669305189094108 0.3203125 0.04221635883905013 0.0515625
0 0.7299912049252418 0.35625 0.04221635883905013 0.05625
0 0.6512752858399297 0.4640625 0.047493403693931395 0.059375