0 0.036499560246262094 0.834375 0.03518029903254178 0.0734375
0 0.011873350923482849 0.93515625 0.023746701846965697 0.0765625
0 0.010993843447669306 0.7859375 0.02198768689533861 0.06875
0 0.13148636763412488 0.27109375 0.03781882145998241 0.0609375
0 0.08883025505716799 0.215625 0.03781882145998241 0.0578125
0 0.054969217238346524 0.16640625 0.03605980650835532 0.05625
0 0.019349164467897976 0.11640625 0.032541776605101144 0.0578125
0 0.24670184696569922 0.4296875 0.03781882145998241 0.0609375
0 0.287598944591029 0.48984375 0.03781882145998241 0.059375
0 0.35048372911169745 0.57109375 0.040457343887423045 0.059375
0 0.41072999120492526 0.2765625 0.04221635883905013 0.0671875
0 0.3227792436235708 0.19375 0.040457343887423045 0.059375
0 0.2884784520668426 0.14453125 0.03781882145998241 0.059375
0 0.6222515391380826 0.73359375 0.04133685136323659 0.0609375
0 0.6231310466138962 0.690625 0.03869832893579595 0.05625
0 0.5668425681618294 0.66171875 0.036939313984168866 0.0609375
0 0.523306948109059 0.6046875 0.04133685136323659 0.059375
0 0.5716798592788038 0.60859375 0.03781882145998241 0.0578125
0 0.8460861917326298 0.63046875 0.03342128408091469 0.06875
0 0.6218117854001759 0.60390625 0.03781882145998241 0.0609375
0 0.07255936675461741 0.65 0.028144239226033423 0.05625
0 0.09630606860158311 0.67421875 0.028144239226033423 0.059375
0 0.11169744942832015 0.703125 0.024626209322779244 0.0453125
0 0.17766051011433598 0.82265625 0.023746701846965697 0.04375
0 0.9890061565523307 0.53515625 0.020228671943711522 0.075