0 0.013632365875109938 0.2109375 0.027264731750219876 0.04375
0 0.11785400175901495 0.30390625 0.04309586631486367 0.0453125
0 0.15611257695690414 0.24375 0.048372911169744945 0.0453125
0 0.1789797713280563 0.29296875 0.04573438874230431 0.046875
0 0.5259454705364995 0.29921875 0.04309586631486367 0.040625
0 0.5527704485488126 0.36171875 0.040457343887423045 0.0375
0 0.623570800351803 0.2828125 0.040457343887423045 0.0390625
0 0.6767810026385225 0.27265625 0.04309586631486367 0.040625
0 0.7436235708003518 0.259375 0.04573438874230431 0.04375
0 0.8117854001759015 0.24453125 0.04309586631486367 0.040625
0 0.6864555848724714 0.2171875 0.040457343887423045 0.0421875
0 0.945910290237467 0.7265625 0.025505716798592787 0.065625
0 0.9058927000879508 0.74140625 0.023746701846965697 0.0625
0 0.7449428320140721 0.81484375 0.0316622691292876 0.0734375
0 0.30255057167985927 0.65 0.023746701846965697 0.075
0 0.45602462620932277 0.97265625 0.020228671943711522 0.0515625
0 0.714160070360598 0.871875 0.020228671943711522 0.046875
0 0.6983289357959542 0.8921875 0.025505716798592787 0.05625
0 0.671943711521548 0.94609375 0.025505716798592787 0.0421875
0 0.9296394019349165 0.90078125 0.03781882145998241 0.0234375
0 0.7726473175021987 0.803125 0.023746701846965697 0.059375