0 0.8148636763412489 0.028125 0.029023746701846966 0.05625
0 0.8328935795954265 0.13359375 0.026385224274406333 0.0859375
0 0.683377308707124 0.44453125 0.044854881266490766 0.0375
0 0.6710642040457344 0.48046875 0.04221635883905013 0.0359375
0 0.6029023746701847 0.49765625 0.04221635883905013 0.040625
0 0.6437994722955145 0.55078125 0.04661389621811785 0.040625
0 0.6156552330694811 0.4515625 0.04133685136323659 0.0421875
0 0.5620052770448549 0.45390625 0.044854881266490766 0.0421875
0 0.4094107299912049 0.31328125 0.04133685136323659 0.04375
0 0.3311345646437995 0.3140625 0.04221635883905013 0.0375
0 0.27924362357080035 0.3203125 0.04221635883905013 0.040625
0 0.13324538258575197 0.3359375 0.04221635883905013 0.0390625
0 0.08311345646437995 0.33828125 0.04221635883905013 0.040625
0 0.036499560246262094 0.34375 0.03869832893579595 0.0359375
0 0.0839929639401935 0.61328125 0.044854881266490766 0.040625
0 0.22559366754617413 0.6015625 0.0395778364116095 0.034375
0 0.2678100263852243 0.5953125 0.04309586631486367 0.0421875
0 0.36631486367634125 0.61328125 0.04397537379067722 0.0390625