0 0.04001759014951627 0.1515625 0.03430079155672823 0.071875
0 0.013632365875109938 0.05078125 0.027264731750219876 0.0734375
0 0.011873350923482849 0.19921875 0.023746701846965697 0.0671875
0 0.12928759894459102 0.7171875 0.036939313984168866 0.059375
0 0.08619173262972735 0.771875 0.036939313984168866 0.05625
0 0.051890941072999124 0.81953125 0.03518029903254178 0.0546875
0 0.0158311345646438 0.86875 0.0316622691292876 0.05625
0 0.24626209322779244 0.5625 0.036939313984168866 0.059375
0 0.287598944591029 0.50390625 0.036939313984168866 0.0578125
0 0.351363236587511 0.42421875 0.0395778364116095 0.0578125
0 0.40853122251539137 0.7203125 0.04133685136323659 0.065625
0 0.3197009674582234 0.80078125 0.0395778364116095 0.0578125
0 0.2849604221635884 0.84921875 0.036939313984168866 0.0578125
0 0.6244503078276166 0.2703125 0.040457343887423045 0.059375
0 0.6248900615655233 0.31328125 0.03781882145998241 0.0546875
0 0.5686015831134564 0.340625 0.03605980650835532 0.059375
0 0.5241864555848724 0.39609375 0.040457343887423045 0.0578125
0 0.5725593667546174 0.39375 0.036939313984168866 0.05625
0 0.8474054529463501 0.38046875 0.032541776605101144 0.0671875
0 0.6226912928759895 0.4 0.036939313984168866 0.059375
0 0.0743183817062445 0.33671875 0.027264731750219876 0.0546875
0 0.0980650835532102 0.31328125 0.027264731750219876 0.0578125
0 0.113896218117854 0.28515625 0.023746701846965697 0.0453125
0 0.18073878627968337 0.1671875 0.023746701846965697 0.04375
0 0.9894459102902374 0.4796875 0.019349164467897976 0.075