0 0.627528583992964 0.82578125 0.024626209322779244 0.065625
0 0.5664028144239226 0.85859375 0.026385224274406333 0.06875
0 0.5281442392260334 0.96640625 0.029023746701846966 0.065625
0 0.5158311345646438 0.9015625 0.027264731750219876 0.0640625
0 0.548372911169745 0.70859375 0.020228671943711522 0.0515625
0 0.5848724714160071 0.48125 0.018469656992084433 0.046875
0 0.5215479331574319 0.48203125 0.01759014951627089 0.0390625
0 0.565523306948109 0.20703125 0.012313104661389622 0.0296875
0 0.6187335092348285 0.25625 0.012313104661389622 0.0296875
0 0.6693051890941073 0.0078125 0.021108179419525065 0.015625
0 0.637203166226913 0.01015625 0.0158311345646438 0.01875
0 0.6442392260334213 0.02421875 0.020228671943711522 0.0171875
0 0.22119613016710643 0.41796875 0.01759014951627089 0.0328125
0 0.1358839050131926 0.40078125 0.01759014951627089 0.0328125
0 0.09278803869832894 0.38828125 0.021108179419525065 0.0359375
0 0.047053649956024624 0.3796875 0.020228671943711522 0.034375
0 0.023306948109058926 0.3796875 0.018469656992084433 0.0328125