0 0.6649076517150396 0.31875 0.04133685136323659 0.0484375
0 0.5804749340369393 0.40625 0.03605980650835532 0.0421875
0 0.6174142480211082 0.48828125 0.040457343887423045 0.05
0 0.6754617414248021 0.5203125 0.04221635883905013 0.05
0 0.6451187335092349 0.5578125 0.040457343887423045 0.046875
0 0.6912928759894459 0.58515625 0.04133685136323659 0.046875
0 0.7788038698328936 0.64765625 0.03869832893579595 0.04375
0 0.8210202286719437 0.67578125 0.0395778364116095 0.0453125
0 0.42963940193491645 0.04375 0.027264731750219876 0.0796875
0 0.45646437994722955 0.02578125 0.022867194371152155 0.0515625
0 0.2510993843447669 0.20390625 0.0395778364116095 0.0546875
0 0.23087071240105542 0.1125 0.04309586631486367 0.05
0 0.25725593667546176 0.08046875 0.04221635883905013 0.0515625
0 0.1297273526824978 0.0078125 0.04133685136323659 0.015625