0 0.797273526824978 0.0640625 0.040457343887423045 0.0609375
0 0.7928759894459103 0.20625 0.03518029903254178 0.071875
0 0.7220756376429199 0.1859375 0.04221635883905013 0.0734375
0 0.7273526824978013 0.12890625 0.0395778364116095 0.0734375
0 0.9032541776605101 0.79609375 0.03518029903254178 0.0609375
0 0.8636763412489006 0.79765625 0.03430079155672823 0.05625
0 0.7031662269129287 0.5703125 0.03781882145998241 0.0640625
0 0.7686895338610378 0.5390625 0.036939313984168866 0.059375
0 0.7044854881266491 0.4265625 0.04133685136323659 0.0703125
0 0.7730870712401056 0.4265625 0.025505716798592787 0.0640625
0 0.5826737027264732 0.3625 0.0395778364116095 0.071875
0 0.5853122251539138 0.15390625 0.0395778364116095 0.065625
0 0.3623570800351803 0.04609375 0.0395778364116095 0.0640625