0 0.013192612137203167 0.309375 0.026385224274406333 0.06875
0 0.02198768689533861 0.38359375 0.04133685136323659 0.0609375
0 0.09850483729111698 0.440625 0.04133685136323659 0.0625
0 0.17150395778364116 0.49609375 0.04309586631486367 0.0671875
0 0.3575197889182058 0.521875 0.03869832893579595 0.05625
0 0.4182058047493404 0.66796875 0.04309586631486367 0.0609375
0 0.43491644678979774 0.6328125 0.04309586631486367 0.0625
0 0.48988566402814426 0.571875 0.04133685136323659 0.0625
0 0.6116974494283202 0.665625 0.04397537379067722 0.0671875
0 0.6517150395778364 0.6375 0.040457343887423045 0.0625
0 0.6974494283201407 0.678125 0.04309586631486367 0.06875
0 0.785839929639402 0.74140625 0.040457343887423045 0.0609375
0 0.8271767810026385 0.7765625 0.04133685136323659 0.059375
0 0.2752858399296394 0.99140625 0.02990325417766051 0.0140625
0 0.2546174142480211 0.9140625 0.03430079155672823 0.0734375
0 0.2849604221635884 0.9 0.03781882145998241 0.084375
0 0.3144239226033421 0.92421875 0.0395778364116095 0.090625
0 0.2963940193491645 0.740625 0.036939313984168866 0.078125
0 0.30474934036939316 0.79453125 0.03605980650835532 0.075
0 0.5721196130167107 0.83828125 0.04397537379067722 0.06875