0 0.7902374670184696 0.16484375 0.020228671943711522 0.0671875
0 0.8060686015831134 0.0515625 0.028144239226033423 0.0671875
0 0.7880386983289358 0.2578125 0.03342128408091469 0.065625
0 0.7620932277924363 0.246875 0.03781882145998241 0.071875
0 0.7370272647317502 0.20546875 0.03869832893579595 0.0765625
0 0.7229551451187335 0.3328125 0.036939313984168866 0.0703125
0 0.7220756376429199 0.38828125 0.03869832893579595 0.06875
0 0.7022867194371152 0.54375 0.036939313984168866 0.0609375
0 0.7801231310466139 0.6421875 0.030782761653474055 0.0640625
0 0.7445030782761654 0.746875 0.03430079155672823 0.0546875
0 0.8531222515391381 0.78203125 0.03430079155672823 0.05625
0 0.8276165347405453 0.8140625 0.0395778364116095 0.065625
0 0.8988566402814424 0.92578125 0.03781882145998241 0.0625
0 0.6037818821459983 0.58125 0.0395778364116095 0.065625
0 0.4868073878627968 0.40546875 0.03869832893579595 0.0640625
0 0.4925241864555849 0.2328125 0.0395778364116095 0.0640625
0 0.4177660510114336 0.16015625 0.03869832893579595 0.0609375
0 0.4793315743183817 0.13671875 0.03869832893579595 0.071875
0 0.36807387862796836 0.28046875 0.036939313984168866 0.0640625
0 0.3306948109058927 0.215625 0.0395778364116095 0.06875
0 0.25769569041336854 0.1015625 0.036939313984168866 0.0671875
0 0.22427440633245382 0.046875 0.03781882145998241 0.0578125