0 0.8197009674582234 0.02734375 0.03869832893579595 0.0546875
0 0.7462620932277925 0.0609375 0.036939313984168866 0.078125
0 0.7225153913808268 0.04609375 0.040457343887423045 0.078125
0 0.6873350923482849 0.14453125 0.03781882145998241 0.0734375
0 0.6912928759894459 0.20234375 0.04397537379067722 0.078125
0 0.7467018469656992 0.28984375 0.02198768689533861 0.0703125
0 0.6745822339489885 0.41171875 0.03781882145998241 0.0640625
0 0.5949868073878628 0.3125 0.03869832893579595 0.0671875
0 0.6530343007915568 0.51875 0.0395778364116095 0.06875
0 0.7990325417766051 0.68828125 0.03869832893579595 0.0625
0 0.8381706244503079 0.6328125 0.03781882145998241 0.0609375
0 0.978891820580475 0.89375 0.030782761653474055 0.053125
0 0.4577836411609499 0.0890625 0.040457343887423045 0.06875
0 0.32365875109938436 0.16796875 0.040457343887423045 0.06875
0 0.28232189973614774 0.10703125 0.04221635883905013 0.075
0 0.6956904133685137 0.02578125 0.04573438874230431 0.0515625