0 0.8016710642040458 0.82734375 0.022867194371152155 0.0703125
0 0.797273526824978 0.725 0.03605980650835532 0.0703125
0 0.7700087950747582 0.74140625 0.03869832893579595 0.078125
0 0.7286719437115216 0.653125 0.040457343887423045 0.071875
0 0.7273526824978013 0.5984375 0.0395778364116095 0.071875
0 0.8737906772207564 0.159375 0.03781882145998241 0.0609375
0 0.8583992963940194 0.1109375 0.04133685136323659 0.0671875
0 0.8034300791556728 0.28359375 0.03518029903254178 0.0640625
0 0.7387862796833773 0.38984375 0.04133685136323659 0.0640625
0 0.6992084432717678 0.31328125 0.03518029903254178 0.059375
0 0.5738786279683378 0.46328125 0.04133685136323659 0.065625
0 0.9274406332453826 0.01484375 0.04309586631486367 0.0296875
0 0.5351802990325418 0.7140625 0.04221635883905013 0.065625
0 0.4810905892700088 0.75078125 0.04309586631486367 0.06875
0 0.4894459102902375 0.86484375 0.04397537379067722 0.0734375
0 0.46437994722955145 0.64453125 0.04133685136323659 0.0703125
0 0.37423043095866315 0.725 0.04221635883905013 0.06875
0 0.3403693931398417 0.7921875 0.040457343887423045 0.0703125
0 0.2700087950747581 0.9109375 0.03605980650835532 0.0609375
0 0.23658751099384345 0.96796875 0.036939313984168866 0.0609375