0 0.6512752858399297 0.715625 0.04221635883905013 0.0515625
0 0.5734388742304309 0.61015625 0.036939313984168866 0.0453125
0 0.6156552330694811 0.53671875 0.04133685136323659 0.053125
0 0.6759014951627089 0.51796875 0.04309586631486367 0.053125
0 0.6477572559366754 0.47421875 0.04133685136323659 0.05
0 0.6961301671064204 0.45703125 0.04221635883905013 0.05
0 0.7867194371152155 0.41328125 0.0395778364116095 0.0484375
0 0.8306948109058927 0.3953125 0.040457343887423045 0.0484375
0 0.3988566402814424 0.9375 0.029023746701846966 0.08125
0 0.4239226033421284 0.96328125 0.023746701846965697 0.05625
0 0.2326297273526825 0.73984375 0.04133685136323659 0.0578125
0 0.20624450307827616 0.82578125 0.04397537379067722 0.053125
0 0.23043095866314864 0.86328125 0.04397537379067722 0.0546875
0 0.0980650835532102 0.92109375 0.04133685136323659 0.0421875