0 0.8689533861037819 0.85390625 0.03869832893579595 0.075
0 0.7924362357080035 0.83828125 0.03781882145998241 0.0796875
0 0.7708883025505717 0.86171875 0.04133685136323659 0.08125
0 0.7247141600703606 0.778125 0.03869832893579595 0.075
0 0.7220756376429199 0.72109375 0.044854881266490766 0.0796875
0 0.7656112576956904 0.6140625 0.022867194371152155 0.0703125
0 0.6807387862796834 0.521875 0.03869832893579595 0.0671875
0 0.6147757255936676 0.6484375 0.040457343887423045 0.0703125
0 0.6477572559366754 0.425 0.04133685136323659 0.0703125
0 0.7704485488126649 0.20546875 0.0395778364116095 0.065625
0 0.8153034300791556 0.2453125 0.03869832893579595 0.0640625
0 0.5065963060686016 0.9171875 0.04221635883905013 0.0703125
0 0.36675461741424803 0.88984375 0.04221635883905013 0.0703125
0 0.3333333333333333 0.9625 0.04397537379067722 0.071875
0 0.748900615655233 0.90703125 0.04573438874230431 0.0828125
0 0.8007915567282322 0.915625 0.028144239226033423 0.046875