0 0.23087071240105542 0.1125 0.02198768689533861 0.0671875
0 0.22207563764291996 0.01640625 0.030782761653474055 0.0328125
0 0.227792436235708 0.20546875 0.03518029903254178 0.0671875
0 0.2541776605101143 0.19921875 0.03869832893579595 0.075
0 0.28188214599824096 0.1625 0.0395778364116095 0.0796875
0 0.2880386983289358 0.2921875 0.03781882145998241 0.0734375
0 0.2854001759014952 0.34765625 0.040457343887423045 0.071875
0 0.2959542656112577 0.50625 0.03869832893579595 0.0640625
0 0.21284080914687775 0.58984375 0.032541776605101144 0.065625
0 0.2423043095866315 0.7 0.03518029903254178 0.0578125
0 0.13236587510993844 0.71484375 0.03518029903254178 0.059375
0 0.15567282321899736 0.7515625 0.04133685136323659 0.0671875
0 0.07827616534740545 0.84921875 0.0395778364116095 0.065625
0 0.3922603342128408 0.56171875 0.04133685136323659 0.0671875
0 0.5184696569920845 0.40859375 0.040457343887423045 0.0671875
0 0.523306948109059 0.2359375 0.04133685136323659 0.065625
0 0.6015831134564644 0.17734375 0.040457343887423045 0.0640625
0 0.5417766051011433 0.14296875 0.0395778364116095 0.075
0 0.6442392260334213 0.30625 0.03869832893579595 0.0671875
0 0.6846965699208444 0.24921875 0.04133685136323659 0.0703125
0 0.7642919964819701 0.14921875 0.03869832893579595 0.0703125
0 0.8007915567282322 0.1 0.03869832893579595 0.0609375