0 0.20624450307827616 0.1734375 0.021108179419525065 0.0671875
0 0.18953386103781883 0.0609375 0.029023746701846966 0.06875
0 0.20932277924362358 0.26640625 0.03430079155672823 0.0671875
0 0.2357080035180299 0.2546875 0.03781882145998241 0.0734375
0 0.26033421284080915 0.2125 0.03869832893579595 0.078125
0 0.2757255936675462 0.3390625 0.036939313984168866 0.071875
0 0.27660510114335973 0.39453125 0.0395778364116095 0.0703125
0 0.29815303430079154 0.55 0.03781882145998241 0.0625
0 0.22119613016710643 0.65078125 0.0316622691292876 0.065625
0 0.25769569041336854 0.75390625 0.03518029903254178 0.05625
0 0.14995602462620933 0.79296875 0.03518029903254178 0.0578125
0 0.17546174142480211 0.82421875 0.040457343887423045 0.065625
0 0.10554089709762533 0.93828125 0.03869832893579595 0.0640625
0 0.3970976253298153 0.584375 0.040457343887423045 0.065625
0 0.5123131046613896 0.4046875 0.0395778364116095 0.065625
0 0.5048372911169745 0.2328125 0.040457343887423045 0.0640625
0 0.5787159190853123 0.1578125 0.0395778364116095 0.0625
0 0.5171503957783641 0.1359375 0.03869832893579595 0.0734375
0 0.6297273526824978 0.2765625 0.03781882145998241 0.065625
0 0.6662269129287599 0.2109375 0.040457343887423045 0.06875
0 0.7383465259454706 0.09453125 0.03781882145998241 0.06875
0 0.7713280562884784 0.03828125 0.03869832893579595 0.059375