0 0.23878627968337732 0.97890625 0.03605980650835532 0.0390625
0 0.24098504837291118 0.88984375 0.027264731750219876 0.06875
0 0.23482849604221637 0.80078125 0.03605980650835532 0.071875
0 0.2616534740545295 0.81015625 0.0395778364116095 0.078125
0 0.28935795954265614 0.84609375 0.044854881266490766 0.0828125
0 0.2937554969217238 0.71484375 0.03869832893579595 0.071875
0 0.2906772207563764 0.659375 0.040457343887423045 0.0734375
0 0.23175021987686895 0.48984375 0.024626209322779244 0.0671875
0 0.3386103781882146 0.5484375 0.040457343887423045 0.0671875
0 0.357080035180299 0.39140625 0.04221635883905013 0.071875
0 0.48856640281442393 0.54765625 0.0395778364116095 0.071875
0 0.5496921723834652 0.8546875 0.03869832893579595 0.0734375
0 0.5760773966578716 0.8109375 0.04133685136323659 0.06875
0 0.6499560246262093 0.6859375 0.03781882145998241 0.0625
0 0.6904133685136323 0.74296875 0.0395778364116095 0.0734375
0 0.6688654353562006 0.896875 0.040457343887423045 0.0671875
0 0.7704485488126649 0.84140625 0.03781882145998241 0.0671875
0 0.8082673702726473 0.88828125 0.03869832893579595 0.0625
0 0.1627088830255057 0.33671875 0.036939313984168866 0.0625
0 0.19656992084432717 0.31015625 0.040457343887423045 0.071875
0 0.18909410729991205 0.23984375 0.03781882145998241 0.0640625
0 0.11785400175901495 0.2171875 0.03781882145998241 0.0640625