0 0.17634124890061564 0.11953125 0.032541776605101144 0.06875
0 0.23218997361477572 0.27890625 0.03342128408091469 0.0734375
0 0.2022867194371152 0.19296875 0.03605980650835532 0.078125
0 0.22999120492524186 0.80078125 0.03518029903254178 0.0609375
0 0.3122251539138083 0.6234375 0.032541776605101144 0.053125
0 0.3913808267370273 0.60390625 0.04221635883905013 0.0625
0 0.08927000879507475 0.8984375 0.03869832893579595 0.0578125
0 0.4182058047493404 0.50234375 0.03869832893579595 0.05625
0 0.5268249780123131 0.4765625 0.040457343887423045 0.0625
0 0.5479331574318381 0.37890625 0.04221635883905013 0.0609375
0 0.6688654353562006 0.365625 0.03342128408091469 0.04375
0 0.7436235708003518 0.3078125 0.048372911169744945 0.0609375
0 0.7167985927880387 0.24453125 0.04309586631486367 0.059375