0 0.15567282321899736 0.18671875 0.04309586631486367 0.065625
0 0.27308707124010556 0.36796875 0.04309586631486367 0.0625
0 0.3817062445030783 0.40234375 0.0395778364116095 0.0625
0 0.45954265611257694 0.29765625 0.036939313984168866 0.078125
0 0.5263852242744064 0.503125 0.047493403693931395 0.0671875
0 0.19569041336851364 0.93203125 0.036939313984168866 0.0734375
0 0.24450307827616535 0.76328125 0.036939313984168866 0.078125
0 0.2198768689533861 0.85078125 0.04133685136323659 0.0796875
0 0.7040457343887423 0.70703125 0.04309586631486367 0.0609375
0 0.8276165347405453 0.7828125 0.052770448548812667 0.0671875
0 0.969217238346526 0.85859375 0.051011433597185574 0.071875