0 0.8236587510993844 0.88046875 0.032541776605101144 0.06875
0 0.7678100263852242 0.72109375 0.03342128408091469 0.0734375
0 0.7977132805628848 0.80703125 0.03605980650835532 0.078125
0 0.7700087950747582 0.19921875 0.03518029903254178 0.0609375
0 0.6877748460861918 0.3765625 0.032541776605101144 0.053125
0 0.6086191732629728 0.39609375 0.04221635883905013 0.0625
0 0.9107299912049253 0.1015625 0.03869832893579595 0.0578125
0 0.5817941952506597 0.49765625 0.03869832893579595 0.05625
0 0.4731750219876869 0.5234375 0.040457343887423045 0.0625
0 0.4520668425681618 0.62109375 0.04221635883905013 0.0609375
0 0.3311345646437995 0.634375 0.03342128408091469 0.04375
0 0.2563764291996482 0.6921875 0.048372911169744945 0.0609375
0 0.2832014072119613 0.75546875 0.04309586631486367 0.059375