0 0.19569041336851364 0.07578125 0.04133685136323659 0.0625
0 0.2911169744942832 0.29296875 0.04133685136323659 0.059375
0 0.3944591029023747 0.3640625 0.03781882145998241 0.059375
0 0.48197009674582236 0.2875 0.03518029903254178 0.075
0 0.5255057167985928 0.51171875 0.04573438874230431 0.0625
0 0.1547933157431838 0.82109375 0.03518029903254178 0.0703125
0 0.22075637642919965 0.671875 0.03518029903254178 0.075
0 0.18733509234828497 0.74921875 0.0395778364116095 0.0765625
0 0.6781002638522428 0.77265625 0.04133685136323659 0.0578125
0 0.7911169744942832 0.88828125 0.051011433597185574 0.0625
0 0.9226033421284081 0.9875 0.051011433597185574 0.021875