0 0.5971855760773966 0.371875 0.04221635883905013 0.0625
0 0.6336851363236587 0.41171875 0.048372911169744945 0.065625
0 0.5285839929639402 0.30859375 0.0395778364116095 0.0734375
0 0.6934916446789797 0.22421875 0.04133685136323659 0.0671875
0 0.7352682497801232 0.24609375 0.04309586631486367 0.0671875
0 0.785839929639402 0.66171875 0.04133685136323659 0.08125
0 0.8227792436235708 0.7359375 0.04221635883905013 0.0796875
0 0.8531222515391381 0.80625 0.03781882145998241 0.071875
0 0.4239226033421284 0.590625 0.04573438874230431 0.059375
0 0.4102902374670185 0.70234375 0.04573438874230431 0.0640625
0 0.3117854001759015 0.71640625 0.052770448548812667 0.0671875
0 0.18425681618293754 0.853125 0.051011433597185574 0.06875
0 0.8408091468777484 0.01171875 0.04573438874230431 0.0234375