0 0.22119613016710643 0.68515625 0.036939313984168866 0.071875
0 0.18865435356200527 0.76640625 0.03781882145998241 0.0765625
0 0.1600703605980651 0.8359375 0.0316622691292876 0.0625
0 0.3777484608619173 0.4359375 0.03781882145998241 0.0546875
0 0.3935795954265611 0.3734375 0.03781882145998241 0.05625
0 0.14775725593667546 0.11328125 0.036939313984168866 0.059375
0 0.23087071240105542 0.2328125 0.03869832893579595 0.0609375
0 0.6939313984168866 0.67578125 0.04661389621811785 0.0546875
0 0.6605101143359718 0.73203125 0.04661389621811785 0.05625
0 0.7726473175021987 0.8421875 0.04661389621811785 0.053125
0 0.951627088830255 0.98125 0.051011433597185574 0.034375