0 0.4766930518909411 0.54140625 0.044854881266490766 0.0671875
0 0.43007915567282323 0.609375 0.04221635883905013 0.059375
0 0.3786279683377309 0.66796875 0.051011433597185574 0.0703125
0 0.32849604221635886 0.73125 0.04661389621811785 0.0625
0 0.7924362357080035 0.628125 0.03869832893579595 0.0765625
0 0.8289357959542656 0.70234375 0.04221635883905013 0.0796875
0 0.864995602462621 0.7671875 0.03781882145998241 0.0734375
0 0.7990325417766051 0.0890625 0.04309586631486367 0.0703125
0 0.7519788918205804 0.21640625 0.04397537379067722 0.0765625
0 0.6961301671064204 0.28671875 0.04133685136323659 0.06875
0 0.4124890061565523 0.11328125 0.040457343887423045 0.075