0 0.37467018469656993 0.63828125 0.04397537379067722 0.0671875
0 0.3992963940193492 0.5203125 0.04397537379067722 0.0625
0 0.5356200527704486 0.38671875 0.04221635883905013 0.0515625
0 0.5839929639401935 0.4203125 0.04221635883905013 0.053125
0 0.6262093227792436 0.3046875 0.040457343887423045 0.059375
0 0.747141600703606 0.19765625 0.0395778364116095 0.0546875
0 0.9784520668425681 0.0890625 0.04133685136323659 0.053125
0 0.9107299912049253 0.0640625 0.04661389621811785 0.05625
0 0.30123131046613894 0.64765625 0.04309586631486367 0.0640625
0 0.07783641160949868 0.95 0.0395778364116095 0.059375
0 0.16578715919085313 0.140625 0.032541776605101144 0.06875
0 0.22515391380826738 0.296875 0.03518029903254178 0.075
0 0.19261213720316622 0.21328125 0.03518029903254178 0.0765625