0 0.09718557607739665 0.14296875 0.032541776605101144 0.053125
0 0.23306948109058928 0.2296875 0.03518029903254178 0.059375
0 0.2119613016710642 0.27890625 0.03781882145998241 0.0609375
0 0.32058047493403696 0.40234375 0.03781882145998241 0.053125
0 0.5338610378188214 0.51484375 0.04133685136323659 0.0578125
0 0.5 0.58046875 0.04309586631486367 0.065625
0 0.8386103781882146 0.74140625 0.05013192612137203 0.065625
0 0.8073878627968337 0.7953125 0.047493403693931395 0.059375
0 0.9265611257695691 0.88125 0.044854881266490766 0.059375
0 0.1820580474934037 0.89765625 0.03430079155672823 0.0703125
0 0.20712401055408972 0.8203125 0.03781882145998241 0.08125
0 0.23614775725593667 0.73515625 0.036939313984168866 0.0796875