0 0.8161829375549692 0.10078125 0.04309586631486367 0.0703125
0 0.7519788918205804 0.21875 0.04221635883905013 0.065625
0 0.6314863676341249 0.40546875 0.044854881266490766 0.071875
0 0.5633245382585752 0.50390625 0.040457343887423045 0.0625
0 0.47845206684256814 0.61015625 0.0395778364116095 0.0578125
0 0.29507475813544415 0.72734375 0.051890941072999124 0.0671875
0 0.39006156552330695 0.72109375 0.04397537379067722 0.0625
0 0.08003518029903255 0.9625 0.04925241864555849 0.0625
0 0.7862796833773087 0.65078125 0.0395778364116095 0.078125
0 0.8214599824098505 0.72890625 0.040457343887423045 0.08125
0 0.8522427440633246 0.7953125 0.036939313984168866 0.075