0 0.7638522427440633 0.74375 0.03869832893579595 0.075
0 0.7906772207563765 0.83203125 0.0395778364116095 0.0796875
0 0.8144239226033422 0.90703125 0.03342128408091469 0.065625
0 0.6257695690413368 0.46328125 0.0395778364116095 0.059375
0 0.613896218117854 0.39765625 0.0395778364116095 0.0609375
0 0.876429199648197 0.1921875 0.03869832893579595 0.0625
0 0.785839929639402 0.29375 0.040457343887423045 0.065625
0 0.29507475813544415 0.63203125 0.048372911169744945 0.0578125
0 0.32497801231310464 0.6953125 0.048372911169744945 0.059375
0 0.20580474934036938 0.78046875 0.048372911169744945 0.05625
0 0.022427440633245383 0.89140625 0.044854881266490766 0.0640625