0 0.3482849604221636 0.3515625 0.04221635883905013 0.065625
0 0.44371152154793314 0.52734375 0.04309586631486367 0.05625
0 0.23087071240105542 0.7296875 0.036939313984168866 0.075
0 0.20316622691292877 0.81484375 0.03781882145998241 0.0796875
0 0.1772207563764292 0.88984375 0.03342128408091469 0.065625
0 0.5461741424802111 0.621875 0.04573438874230431 0.05625
0 0.7211961301671064 0.66953125 0.04397537379067722 0.0578125
0 0.7049252418645559 0.73203125 0.05013192612137203 0.059375
0 0.8157431838170625 0.81484375 0.04309586631486367 0.053125
0 0.9907651715039578 0.86484375 0.016710642040457344 0.0546875
0 0.9674582233948988 0.93203125 0.04397537379067722 0.053125
0 0.06200527704485488 0.08203125 0.03869832893579595 0.05625
0 0.13896218117854 0.10390625 0.04573438874230431 0.071875
0 0.17282321899736147 0.21796875 0.04309586631486367 0.0609375