0 0.8232189973614775 0.74921875 0.044854881266490766 0.075
0 0.7392260334212841 0.64921875 0.04133685136323659 0.071875
0 0.5958663148636764 0.50546875 0.04309586631486367 0.065625
0 0.519349164467898 0.43515625 0.04309586631486367 0.0640625
0 0.4160070360598065 0.36015625 0.04133685136323659 0.0609375
0 0.370712401055409 0.40859375 0.051890941072999124 0.0640625
0 0.13720316622691292 0.25078125 0.04925241864555849 0.059375
0 0.3034300791556728 0.2765625 0.04573438874230431 0.0625
0 0.7642919964819701 0.25390625 0.03781882145998241 0.078125
0 0.7915567282321899 0.16640625 0.03781882145998241 0.0765625
0 0.816622691292876 0.08671875 0.036939313984168866 0.0703125