0 0.8711521547933158 0.046875 0.032541776605101144 0.053125
0 0.7431838170624451 0.16640625 0.03518029903254178 0.059375
0 0.768249780123131 0.21015625 0.03781882145998241 0.0609375
0 0.669744942832014 0.359375 0.03781882145998241 0.053125
0 0.46745822339489884 0.52265625 0.04133685136323659 0.0578125
0 0.5061565523306948 0.5796875 0.04309586631486367 0.065625
0 0.18337730870712401 0.82265625 0.05013192612137203 0.065625
0 0.2185576077396658 0.86875 0.047493403693931395 0.059375
0 0.10729991204925242 0.97578125 0.04573438874230431 0.0453125
0 0.8460861917326298 0.81484375 0.03430079155672823 0.0703125
0 0.8153034300791556 0.7453125 0.03781882145998241 0.08125
0 0.7796833773087071 0.6671875 0.036939313984168866 0.0796875