0 0.21943711521547934 0.3234375 0.036939313984168866 0.0734375
0 0.18601583113456466 0.24296875 0.03781882145998241 0.078125
0 0.1565523306948109 0.17421875 0.032541776605101144 0.0640625
0 0.3781882145998241 0.56796875 0.03869832893579595 0.05625
0 0.39489885664028146 0.6296875 0.03869832893579595 0.0578125
0 0.1517150395778364 0.89765625 0.03781882145998241 0.0609375
0 0.23350923482849603 0.775 0.0395778364116095 0.0625
0 0.6921723834652594 0.31875 0.047493403693931395 0.05625
0 0.658311345646438 0.26328125 0.047493403693931395 0.0578125
0 0.7691292875989446 0.14921875 0.047493403693931395 0.0546875
0 0.945910290237467 0.01171875 0.051890941072999124 0.0234375