0 0.10422163588390501 0.88203125 0.0316622691292876 0.0515625
0 0.23878627968337732 0.7859375 0.03430079155672823 0.05625
0 0.21635883905013192 0.7390625 0.036939313984168866 0.0578125
0 0.3227792436235708 0.60859375 0.036939313984168866 0.05
0 0.5338610378188214 0.48359375 0.040457343887423045 0.05625
0 0.49868073878627966 0.41953125 0.04133685136323659 0.0640625
0 0.8337730870712401 0.2375 0.048372911169744945 0.0625
0 0.8012313104661389 0.1859375 0.04661389621811785 0.05625
0 0.9190853122251539 0.0921875 0.04397537379067722 0.0578125
0 0.1741424802110818 0.12265625 0.032541776605101144 0.06875
0 0.2009674582233949 0.19765625 0.036939313984168866 0.078125
0 0.23131046613896217 0.28203125 0.03605980650835532 0.0765625