0 0.5259454705364995 0.4640625 0.04133685136323659 0.059375
0 0.5769569041336852 0.40703125 0.0395778364116095 0.0515625
0 0.6319261213720316 0.359375 0.047493403693931395 0.0609375
0 0.6860158311345647 0.3078125 0.04309586631486367 0.0546875
0 0.2185576077396658 0.309375 0.03518029903254178 0.0703125
0 0.18733509234828497 0.228125 0.03781882145998241 0.071875
0 0.15611257695690414 0.15546875 0.03342128408091469 0.0671875
0 0.17502198768689534 0.84296875 0.03869832893579595 0.0625
0 0.23043095866314864 0.72734375 0.0395778364116095 0.0703125
0 0.2906772207563764 0.66953125 0.03781882145998241 0.0609375
0 0.5602462620932278 0.903125 0.03605980650835532 0.0671875