0 0.6490765171503958 0.3421875 0.04133685136323659 0.0640625
0 0.5567282321899736 0.5234375 0.04221635883905013 0.0546875
0 0.7735268249780123 0.71328125 0.03605980650835532 0.0734375
0 0.8025505716798593 0.79609375 0.03605980650835532 0.078125
0 0.830255057167986 0.86953125 0.032541776605101144 0.0640625
0 0.45602462620932277 0.62421875 0.044854881266490766 0.053125
0 0.28232189973614774 0.6828125 0.04309586631486367 0.05625
0 0.2994722955145119 0.74453125 0.04925241864555849 0.05625
0 0.19041336851363236 0.834375 0.04221635883905013 0.0515625
0 0.012752858399296393 0.896875 0.025505716798592787 0.053125
0 0.04177660510114336 0.96015625 0.04397537379067722 0.05
0 0.9296394019349165 0.05546875 0.03781882145998241 0.0546875
0 0.8526824978012313 0.08203125 0.044854881266490766 0.06875
0 0.8214599824098505 0.1984375 0.04221635883905013 0.059375