0 0.8298153034300791 0.48984375 0.03518029903254178 0.078125
0 0.8056288478452067 0.584375 0.03342128408091469 0.08125
0 0.7752858399296394 0.46953125 0.029023746701846966 0.0828125
0 0.7502198768689534 0.465625 0.029023746701846966 0.0640625
0 0.7506596306068601 0.52734375 0.02990325417766051 0.0734375
0 0.7845206684256816 0.63828125 0.029023746701846966 0.075
0 0.5026385224274407 0.234375 0.047493403693931395 0.0609375
0 0.24450307827616535 0.4078125 0.047493403693931395 0.053125
0 0.27308707124010556 0.54140625 0.04661389621811785 0.053125
0 0.16402814423922604 0.50546875 0.044854881266490766 0.05625
0 0.1218117854001759 0.53671875 0.04309586631486367 0.0453125
0 0.10070360598065084 0.60390625 0.048372911169744945 0.0546875
0 0.3605980650835532 0.63515625 0.04397537379067722 0.0515625
0 0.2911169744942832 0.6984375 0.04221635883905013 0.0484375
0 0.2436235708003518 0.7359375 0.044854881266490766 0.0515625
0 0.1077396657871592 0.84453125 0.04661389621811785 0.0515625
0 0.06156552330694811 0.88828125 0.04221635883905013 0.0515625