0 0.158311345646438 0.86015625 0.040457343887423045 0.040625
0 0.2563764291996482 0.91796875 0.04309586631486367 0.0421875
0 0.8847845206684257 0.771875 0.044854881266490766 0.05625
0 0.7260334212840809 0.84140625 0.047493403693931395 0.046875
0 0.6816182937554969 0.7625 0.0395778364116095 0.0421875
0 0.6992084432717678 0.69453125 0.044854881266490766 0.0421875
0 0.5369393139841688 0.73046875 0.04221635883905013 0.0453125
0 0.9591029023746702 0.60546875 0.04397537379067722 0.04375
0 0.9199648197009674 0.50703125 0.044854881266490766 0.04375
0 0.5101143359718557 0.51015625 0.023746701846965697 0.0703125
0 0.48812664907651715 0.5 0.023746701846965697 0.078125
0 0.5184696569920845 0.45078125 0.024626209322779244 0.06875
0 0.4736147757255937 0.375 0.02198768689533861 0.075
0 0.5013192612137203 0.328125 0.022867194371152155 0.0734375
0 0.8170624450307827 0.05546875 0.032541776605101144 0.065625
0 0.9366754617414248 0.11953125 0.022867194371152155 0.0515625
0 0.86103781882146 0.09140625 0.021108179419525065 0.053125
0 0.8038698328935796 0.03046875 0.025505716798592787 0.0484375
0 0.7581354441512753 0.009375 0.036939313984168866 0.01875
0 0.9916446789797714 0.790625 0.014951627088830254 0.040625