0 0.5461741424802111 0.73125 0.02198768689533861 0.0609375
0 0.49868073878627966 0.60625 0.021108179419525065 0.0640625
0 0.4291996481970097 0.684375 0.020228671943711522 0.059375
0 0.43579595426561124 0.35390625 0.022867194371152155 0.0546875
0 0.18733509234828497 0.37109375 0.03518029903254178 0.0390625
0 0.148636763412489 0.2921875 0.03518029903254178 0.0359375
0 0.1948109058927001 0.27734375 0.03342128408091469 0.034375
0 0.24802110817941952 0.25703125 0.03342128408091469 0.034375
0 0.25505716798592787 0.2890625 0.0316622691292876 0.0328125
0 0.3038698328935796 0.26953125 0.03518029903254178 0.034375
0 0.30474934036939316 0.2390625 0.032541776605101144 0.0296875
0 0.43799472295514513 0.171875 0.019349164467897976 0.05625
0 0.3812664907651715 0.0921875 0.0158311345646438 0.0421875
0 0.3988566402814424 0.053125 0.0158311345646438 0.0421875
0 0.6385224274406333 0.19296875 0.030782761653474055 0.0328125
0 0.6323658751099385 0.13359375 0.0316622691292876 0.028125
0 0.7642919964819701 0.14765625 0.03430079155672823 0.0328125
0 0.7603342128408092 0.10390625 0.0316622691292876 0.028125
0 0.7462620932277925 0.05625 0.0316622691292876 0.034375
0 0.8803869832893579 0.1140625 0.03430079155672823 0.0328125
0 0.9010554089709762 0.18203125 0.03605980650835532 0.0375
0 0.8007915567282322 0.040625 0.032541776605101144 0.0328125
0 0.9683377308707124 0.08046875 0.03518029903254178 0.0359375
0 0.45602462620932277 0.93046875 0.024626209322779244 0.0703125
0 0.5206684256816183 0.975 0.028144239226033423 0.046875
0 0.2620932277924362 0.55625 0.028144239226033423 0.046875
0 0.9498680738786279 0.79296875 0.03781882145998241 0.059375
0 0.9388742304309586 0.8125 0.0395778364116095 0.0484375