0 0.19788918205804748 0.97265625 0.021108179419525065 0.0515625
0 0.2616534740545295 0.84765625 0.01759014951627089 0.0734375
0 0.29463500439753737 0.88203125 0.020228671943711522 0.0765625
0 0.23087071240105542 0.7765625 0.01759014951627089 0.0734375
0 0.2616534740545295 0.7171875 0.016710642040457344 0.071875
0 0.28232189973614774 0.696875 0.016710642040457344 0.0703125
0 0.2985927880386983 0.75234375 0.019349164467897976 0.0671875
0 0.2510993843447669 0.5796875 0.0316622691292876 0.0765625
0 0.6750219876868954 0.5390625 0.04221635883905013 0.028125
0 0.7532981530343008 0.5390625 0.03869832893579595 0.0234375
0 0.8043095866314863 0.53828125 0.040457343887423045 0.034375
0 0.5092348284960422 0.4 0.03869832893579595 0.0296875
0 0.955584872471416 0.53046875 0.040457343887423045 0.025
0 0.8953386103781882 0.42734375 0.04133685136323659 0.034375
0 0.8658751099384345 0.2671875 0.040457343887423045 0.03125
0 0.820580474934037 0.26875 0.04133685136323659 0.03125
0 0.7216358839050132 0.24453125 0.04309586631486367 0.0359375
0 0.4476693051890941 0.2953125 0.04133685136323659 0.0359375
0 0.23658751099384345 0.13828125 0.018469656992084433 0.0703125
0 0.24098504837291118 0.03828125 0.020228671943711522 0.0578125
0 0.2075637642919965 0.11015625 0.019349164467897976 0.0703125
0 0.8795074758135444 0.8875 0.019349164467897976 0.0703125
0 0.8531222515391381 0.878125 0.019349164467897976 0.078125
0 0.8298153034300791 0.88984375 0.016710642040457344 0.053125
0 0.7365875109938435 0.9125 0.025505716798592787 0.0546875
0 0.6675461741424802 0.97265625 0.025505716798592787 0.0453125