0 0.0505716798592788 0.31328125 0.047493403693931395 0.0578125
0 0.20316622691292877 0.37109375 0.044854881266490766 0.053125
0 0.1248900615655233 0.4328125 0.04661389621811785 0.053125
0 0.1644678979771328 0.4640625 0.04573438874230431 0.0578125
0 0.24450307827616535 0.56796875 0.04925241864555849 0.0640625
0 0.24802110817941952 0.240625 0.04573438874230431 0.0515625
0 0.29507475813544415 0.28359375 0.04309586631486367 0.053125
0 0.3641160949868074 0.3484375 0.04573438874230431 0.053125
0 0.11477572559366754 0.125 0.044854881266490766 0.053125
0 0.06860158311345646 0.07734375 0.048372911169744945 0.0546875
0 0.4995602462620932 0.7546875 0.051011433597185574 0.065625
0 0.7919964819700968 0.59765625 0.03869832893579595 0.0734375
0 0.7744063324538258 0.53828125 0.02990325417766051 0.0796875
0 0.7502198768689534 0.540625 0.029023746701846966 0.06875
0 0.751099384344767 0.4765625 0.032541776605101144 0.0765625
0 0.8087071240105541 0.42578125 0.03430079155672823 0.0765625
0 0.7889182058047494 0.36796875 0.0316622691292876 0.08125
0 0.9551451187335093 0.178125 0.03342128408091469 0.0765625