0 0.48328935795954264 0.93203125 0.025505716798592787 0.0796875
0 0.5255057167985928 0.87421875 0.027264731750219876 0.0796875
0 0.5017590149516271 0.8296875 0.023746701846965697 0.075
0 0.6948109058927001 0.56171875 0.040457343887423045 0.0421875
0 0.7326297273526825 0.62578125 0.044854881266490766 0.0484375
0 0.5448548812664907 0.2703125 0.025505716798592787 0.0671875
0 0.5690413368513633 0.26171875 0.026385224274406333 0.0796875
0 0.5400175901495162 0.2078125 0.025505716798592787 0.0734375
0 0.5883905013192612 0.1390625 0.025505716798592787 0.075
0 0.5615655233069481 0.08984375 0.027264731750219876 0.0765625
0 0.14116094986807387 0.2078125 0.04397537379067722 0.046875
0 0.06552330694810905 0.16484375 0.04397537379067722 0.0453125
0 0.03210202286719437 0.221875 0.03430079155672823 0.046875
0 0.03781882145998241 0.46640625 0.03869832893579595 0.05
0 0.3227792436235708 0.56875 0.04221635883905013 0.0421875
0 0.10861917326297274 0.63125 0.04573438874230431 0.0703125
0 0.969217238346526 0.81640625 0.028144239226033423 0.0421875