0 0.5171503957783641 0.03828125 0.019349164467897976 0.0671875
0 0.5017590149516271 0.17890625 0.02198768689533861 0.071875
0 0.5061565523306948 0.38515625 0.023746701846965697 0.065625
0 0.4758135444151275 0.396875 0.021108179419525065 0.0640625
0 0.06464379947229551 0.27734375 0.0395778364116095 0.04375
0 0.2088830255057168 0.35859375 0.03869832893579595 0.0390625
0 0.2884784520668426 0.3453125 0.036939313984168866 0.03125
0 0.2796833773087071 0.38515625 0.036939313984168866 0.040625
0 0.34212840809146877 0.36796875 0.03781882145998241 0.0359375
0 0.34256816182937555 0.40625 0.03518029903254178 0.034375
0 0.837730870712401 0.63046875 0.03605980650835532 0.0359375
0 0.9023746701846965 0.653125 0.03605980650835532 0.0328125
0 0.9463500439753738 0.66796875 0.03518029903254178 0.034375
0 0.4973614775725594 0.57890625 0.01759014951627089 0.053125
0 0.5021987686895338 0.6453125 0.018469656992084433 0.0546875
0 0.4678979771328056 0.67734375 0.020228671943711522 0.05625
0 0.48856640281442393 0.72578125 0.019349164467897976 0.0546875
0 0.6829375549692173 0.9828125 0.027264731750219876 0.03125