0 0.7906772207563765 0.7765625 0.040457343887423045 0.04375
0 0.7370272647317502 0.7015625 0.040457343887423045 0.0484375
0 0.6525945470536499 0.6578125 0.04133685136323659 0.0453125
0 0.6499560246262093 0.7 0.04573438874230431 0.05
0 0.46262093227792433 0.92421875 0.027264731750219876 0.084375
0 0.4894459102902375 0.96953125 0.027264731750219876 0.0578125
0 0.27924362357080035 0.65546875 0.048372911169744945 0.0453125
0 0.5237467018469657 0.40234375 0.024626209322779244 0.0734375
0 0.5061565523306948 0.38125 0.024626209322779244 0.059375
0 0.5004397537379067 0.32890625 0.024626209322779244 0.065625
0 0.5422163588390502 0.28203125 0.025505716798592787 0.06875
0 0.5206684256816183 0.2203125 0.023746701846965697 0.0671875
0 0.12137203166226913 0.31484375 0.044854881266490766 0.046875
0 0.048812664907651716 0.2765625 0.03869832893579595 0.040625