0 0.48856640281442393 0.9546875 0.023746701846965697 0.0734375
0 0.47977132805628847 0.840625 0.02198768689533861 0.071875
0 0.4788918205804749 0.721875 0.028144239226033423 0.0796875
0 0.4744942832014072 0.62578125 0.024626209322779244 0.0734375
0 0.44547053649956025 0.6625 0.024626209322779244 0.071875
0 0.4586631486367634 0.8734375 0.023746701846965697 0.071875
0 0.4256816182937555 0.91015625 0.024626209322779244 0.071875
0 0.3232189973614776 0.3375 0.04397537379067722 0.046875
0 0.3245382585751979 0.29296875 0.040457343887423045 0.0453125
0 0.08751099384344767 0.3421875 0.04573438874230431 0.05
0 0.9041336851363236 0.18671875 0.04309586631486367 0.0484375
0 0.9797713280562885 0.1796875 0.03869832893579595 0.053125
0 0.48636763412489004 0.06875 0.025505716798592787 0.078125
0 0.5079155672823219 0.07734375 0.024626209322779244 0.0703125
0 0.5206684256816183 0.02890625 0.024626209322779244 0.0578125