0 0.47845206684256814 0.06875 0.02198768689533861 0.078125
0 0.4419525065963061 0.1375 0.023746701846965697 0.0765625
0 0.46921723834652596 0.175 0.021108179419525065 0.0734375
0 0.3021108179419525 0.49375 0.0395778364116095 0.0375
0 0.2590149516270888 0.440625 0.04309586631486367 0.0421875
0 0.4762532981530343 0.7390625 0.02198768689533861 0.0640625
0 0.4525065963060686 0.7546875 0.022867194371152155 0.0765625
0 0.4859278803869833 0.79921875 0.022867194371152155 0.0703125
0 0.4445910290237467 0.88125 0.022867194371152155 0.071875
0 0.47537379067722074 0.921875 0.024626209322779244 0.0734375
0 0.8803869832893579 0.6890625 0.04221635883905013 0.040625
0 0.9586631486367634 0.71015625 0.04309586631486367 0.0390625
0 0.9846086191732629 0.6453125 0.029023746701846966 0.04375
0 0.9591029023746702 0.4046875 0.036939313984168866 0.04375
0 0.6688654353562006 0.38359375 0.04133685136323659 0.0375
0 0.8751099384344767 0.26171875 0.04309586631486367 0.0640625
0 0.011433597185576077 0.31875 0.022867194371152155 0.040625