0 0.2994722955145119 0.9515625 0.023746701846965697 0.06875
0 0.2510993843447669 0.90859375 0.02198768689533861 0.071875
0 0.3073878627968338 0.853125 0.026385224274406333 0.075
0 0.2647317502198769 0.7 0.020228671943711522 0.0609375
0 0.2673702726473175 0.64375 0.019349164467897976 0.059375
0 0.27924362357080035 0.409375 0.01759014951627089 0.04375
0 0.2836411609498681 0.3734375 0.016710642040457344 0.0453125
0 0.2906772207563764 0.27578125 0.012313104661389622 0.034375
0 0.2990325417766051 0.14765625 0.012313104661389622 0.034375
0 0.2994722955145119 0.11796875 0.010554089709762533 0.028125
0 0.3034300791556728 0.0875 0.012313104661389622 0.034375
0 0.37906772207563766 0.11328125 0.012313104661389622 0.03125
0 0.37994722955145116 0.084375 0.011433597185576077 0.028125
0 0.7862796833773087 0.4625 0.02198768689533861 0.053125
0 0.9230430958663148 0.00546875 0.020228671943711522 0.0109375