0 0.14643799472295516 0.4625 0.021108179419525065 0.0515625
0 0.7418645558487247 0.87578125 0.024626209322779244 0.0765625
0 0.7172383465259454 0.91015625 0.024626209322779244 0.0796875
0 0.6987686895338611 0.80390625 0.02198768689533861 0.071875
0 0.6864555848724714 0.7171875 0.019349164467897976 0.0625
0 0.6684256816182937 0.6296875 0.020228671943711522 0.0625
0 0.7260334212840809 0.65703125 0.02198768689533861 0.0625
0 0.6904133685136323 0.46953125 0.019349164467897976 0.0546875
0 0.679419525065963 0.4171875 0.016710642040457344 0.0515625
0 0.637203166226913 0.1953125 0.013192612137203167 0.0390625
0 0.6292875989445911 0.16171875 0.014951627088830254 0.0453125
0 0.6094986807387863 0.0671875 0.012313104661389622 0.0328125