0 0.4648197009674582 0.04140625 0.02198768689533861 0.06875
0 0.48548812664907653 0.1796875 0.024626209322779244 0.0734375
0 0.4894459102902375 0.38671875 0.026385224274406333 0.0671875
0 0.5202286719437115 0.39375 0.023746701846965697 0.065625
0 0.9252418645558487 0.22421875 0.040457343887423045 0.046875
0 0.7849604221635884 0.32265625 0.0395778364116095 0.04375
0 0.7049252418645559 0.31953125 0.03781882145998241 0.0359375
0 0.7154793315743184 0.35859375 0.03781882145998241 0.0453125
0 0.6525945470536499 0.34921875 0.03869832893579595 0.040625
0 0.6534740545294635 0.3875 0.03605980650835532 0.0390625
0 0.16842568161829374 0.671875 0.036939313984168866 0.040625
0 0.10466138962181179 0.70234375 0.036939313984168866 0.0375
0 0.06112576956904134 0.72265625 0.03605980650835532 0.0390625
0 0.5057167985927881 0.578125 0.019349164467897976 0.0546875
0 0.503957783641161 0.6453125 0.020228671943711522 0.05625
0 0.5391380826737028 0.67265625 0.022867194371152155 0.0578125
0 0.5202286719437115 0.72421875 0.021108179419525065 0.05625
0 0.33773087071240104 0.9921875 0.028144239226033423 0.0125