0 0.3337730870712401 0.91171875 0.028144239226033423 0.075
0 0.3733509234828496 0.921875 0.03430079155672823 0.08125
0 0.3834652594547054 0.88046875 0.029023746701846966 0.06875
0 0.4160070360598065 0.91328125 0.030782761653474055 0.0796875
0 0.42656112576956906 0.4828125 0.04309586631486367 0.0625
0 0.3940193491644679 0.3796875 0.04309586631486367 0.0578125
0 0.6591908531222516 0.36796875 0.044854881266490766 0.0609375
0 0.7260334212840809 0.29375 0.04221635883905013 0.0578125
0 0.7695690413368513 0.23671875 0.04309586631486367 0.053125
0 0.8909410729991205 0.09921875 0.03781882145998241 0.05
0 0.6147757255936676 0.07578125 0.04573438874230431 0.059375
0 0.7040457343887423 0.01796875 0.04661389621811785 0.0359375
0 0.9379947229551451 0.05078125 0.04309586631486367 0.0578125
0 0.9107299912049253 0.471875 0.036939313984168866 0.078125
0 0.9722955145118733 0.6296875 0.03518029903254178 0.0765625
0 0.9920844327176781 0.72421875 0.014072119613016711 0.0828125
0 0.7748460861917327 0.80390625 0.04397537379067722 0.0515625
0 0.1693051890941073 0.45390625 0.03518029903254178 0.0796875
0 0.13544415127528583 0.45859375 0.03430079155672823 0.078125
0 0.13676341248900617 0.35546875 0.03781882145998241 0.0828125
0 0.10466138962181179 0.27109375 0.03430079155672823 0.0765625
0 0.08091468777484609 0.1671875 0.03605980650835532 0.0828125
0 0.04397537379067722 0.26953125 0.0316622691292876 0.078125
0 0.8267370272647317 0.60859375 0.032541776605101144 0.0515625
0 0.7735268249780123 0.84296875 0.036939313984168866 0.0421875
0 0.7739665787159191 0.9203125 0.044854881266490766 0.0296875
0 0.9569041336851363 0.78984375 0.032541776605101144 0.0671875
0 0.9379947229551451 0.4546875 0.02198768689533861 0.053125
0 0.9942832014072119 0.5859375 0.009674582233948988 0.075
0 0.8988566402814424 0.503125 0.024626209322779244 0.0515625
0 0.41204925241864554 0.9921875 0.027264731750219876 0.0125
0 0.449868073878628 0.99296875 0.027264731750219876 0.0109375