0 0.6671064204045735 0.453125 0.028144239226033423 0.075
0 0.6917326297273527 0.45625 0.029023746701846966 0.0828125
0 0.6666666666666666 0.51875 0.030782761653474055 0.0734375
0 0.7233948988566403 0.57265625 0.030782761653474055 0.0734375
0 0.7022867194371152 0.62734375 0.030782761653474055 0.0765625
0 0.8342128408091469 0.76953125 0.030782761653474055 0.078125
0 0.7058047493403694 0.14765625 0.04397537379067722 0.0546875
0 0.4182058047493404 0.22265625 0.047493403693931395 0.0609375
0 0.4098504837291117 0.34453125 0.044854881266490766 0.05625
0 0.1600703605980651 0.396875 0.04661389621811785 0.0578125
0 0.07871591908531222 0.49453125 0.04573438874230431 0.05625
0 0.14599824098504838 0.4828125 0.04573438874230431 0.05625
0 0.2783641160949868 0.62265625 0.044854881266490766 0.053125
0 0.20844327176781002 0.6875 0.0395778364116095 0.046875
0 0.15963060686015831 0.72421875 0.04309586631486367 0.046875
0 0.03781882145998241 0.525 0.04309586631486367 0.0546875
0 0.3909410729991205 0.98671875 0.025505716798592787 0.0234375
0 0.31574318381706246 0.98984375 0.021108179419525065 0.0171875
0 0.4415127528583993 0.98984375 0.026385224274406333 0.0171875
0 0.032541776605101144 0.83046875 0.027264731750219876 0.0421875