0 0.5197889182058048 0.9109375 0.023746701846965697 0.0796875
0 0.4920844327176781 0.96484375 0.029023746701846966 0.0671875
0 0.3412489006156552 0.63046875 0.03781882145998241 0.0375
0 0.34256816182937555 0.67265625 0.04133685136323659 0.040625
0 0.26868953386103783 0.65703125 0.040457343887423045 0.0453125
0 0.2357080035180299 0.7171875 0.0395778364116095 0.040625
0 0.7119613016710642 0.67421875 0.04925241864555849 0.0421875
0 0.8834652594547053 0.35625 0.040457343887423045 0.040625
0 0.9551451187335093 0.328125 0.04133685136323659 0.0375
0 0.48021108179419525 0.39296875 0.020228671943711522 0.06875
0 0.49912049252418644 0.37578125 0.020228671943711522 0.059375
0 0.5061565523306948 0.32265625 0.020228671943711522 0.0609375
0 0.4665787159190853 0.2765625 0.022867194371152155 0.0671875
0 0.4894459102902375 0.215625 0.019349164467897976 0.065625