0 0.5083553210202286 0.0859375 0.025505716798592787 0.0703125
0 0.4744942832014072 0.190625 0.023746701846965697 0.059375
0 0.523306948109059 0.3015625 0.022867194371152155 0.0609375
0 0.56948109058927 0.40390625 0.019349164467897976 0.05
0 0.592788038698329 0.3859375 0.018469656992084433 0.0484375
0 0.6917326297273527 0.3625 0.03605980650835532 0.0390625
0 0.7383465259454706 0.33203125 0.03518029903254178 0.0359375
0 0.6934916446789797 0.39296875 0.032541776605101144 0.0375
0 0.7475813544415127 0.3625 0.03430079155672823 0.0375
0 0.7981530343007915 0.32890625 0.036939313984168866 0.0421875
0 0.8434476693051891 0.30234375 0.03869832893579595 0.04375
0 0.6152154793315743 0.6109375 0.0158311345646438 0.040625
0 0.6319261213720316 0.6921875 0.016710642040457344 0.04375
0 0.6160949868073878 0.71796875 0.016710642040457344 0.0453125
0 0.6490765171503958 0.9078125 0.0158311345646438 0.0359375
0 0.6983289357959542 0.9109375 0.014951627088830254 0.0328125
0 0.49340369393139843 0.53671875 0.030782761653474055 0.034375
0 0.3891820580474934 0.56953125 0.02990325417766051 0.0296875
0 0.31398416886543534 0.5578125 0.030782761653474055 0.034375
0 0.2827616534740545 0.67734375 0.03342128408091469 0.0375
0 0.2326297273526825 0.70390625 0.030782761653474055 0.0328125
0 0.19788918205804748 0.7265625 0.030782761653474055 0.034375
0 0.10422163588390501 0.77890625 0.029023746701846966 0.034375
0 0.07387862796833773 0.79921875 0.029023746701846966 0.0296875
0 0.04309586631486367 0.8140625 0.029023746701846966 0.028125
0 0.05716798592788039 0.71015625 0.032541776605101144 0.034375
0 0.1943711521547933 0.63125 0.03518029903254178 0.040625
0 0.11961301671064203 0.5953125 0.03518029903254178 0.0390625
0 0.25769569041336854 0.971875 0.01759014951627089 0.0390625
0 0.2805628847845207 0.95859375 0.018469656992084433 0.0375
0 0.49120492524186454 0.984375 0.02198768689533861 0.025
0 0.3034300791556728 0.98984375 0.019349164467897976 0.0171875
0 0.4441512752858399 0.91171875 0.019349164467897976 0.0328125
0 0.7194371152154794 0.0546875 0.02990325417766051 0.053125