0 0.6781002638522428 0.1046875 0.026385224274406333 0.0734375
0 0.63896218117854 0.090625 0.032541776605101144 0.0796875
0 0.627528583992964 0.13046875 0.027264731750219876 0.0671875
0 0.5958663148636764 0.09453125 0.029023746701846966 0.078125
0 0.5725593667546174 0.52421875 0.04133685136323659 0.059375
0 0.6024626209322779 0.63046875 0.04221635883905013 0.0546875
0 0.33729111697449426 0.6171875 0.04397537379067722 0.0578125
0 0.26824978012313105 0.684375 0.04133685136323659 0.053125
0 0.22295514511873352 0.7375 0.04221635883905013 0.05
0 0.0980650835532102 0.8640625 0.036939313984168866 0.046875
0 0.3729111697449428 0.9125 0.044854881266490766 0.05625
0 0.28232189973614774 0.97265625 0.04573438874230431 0.0515625
0 0.2423043095866315 0.99296875 0.04309586631486367 0.0109375
0 0.09498680738786279 0.97734375 0.04573438874230431 0.0421875
0 0.04925241864555849 0.9078125 0.04221635883905013 0.0546875
0 0.08883025505716799 0.48984375 0.03518029903254178 0.075
0 0.03210202286719437 0.3265625 0.03342128408091469 0.0734375
0 0.010993843447669306 0.23046875 0.02198768689533861 0.0796875
0 0.23482849604221637 0.17109375 0.04309586631486367 0.0484375
0 0.8289357959542656 0.5765625 0.03342128408091469 0.0765625
0 0.8632365875109939 0.575 0.032541776605101144 0.0765625
0 0.8583992963940194 0.678125 0.03605980650835532 0.08125
0 0.8878627968337731 0.765625 0.032541776605101144 0.0734375
0 0.9089709762532981 0.87109375 0.03430079155672823 0.0796875
0 0.9485488126649076 0.77265625 0.02990325417766051 0.0765625
0 0.17678100263852242 0.3609375 0.0316622691292876 0.0484375
0 0.23658751099384345 0.13203125 0.03605980650835532 0.0390625
0 0.23878627968337732 0.0546875 0.044854881266490766 0.025
0 0.052330694810905895 0.16796875 0.030782761653474055 0.065625
0 0.06112576956904134 0.50390625 0.020228671943711522 0.0515625
0 0.006596306068601583 0.36796875 0.013192612137203167 0.0734375
0 0.10202286719437115 0.459375 0.023746701846965697 0.05
0 0.6033421284080914 0.01171875 0.026385224274406333 0.0234375
0 0.565523306948109 0.009375 0.026385224274406333 0.01875