0 0.1948109058927001 0.27890625 0.03869832893579595 0.0375
0 0.25241864555848725 0.34375 0.03781882145998241 0.0421875
0 0.3390501319261214 0.371875 0.03869832893579595 0.0390625
0 0.3390501319261214 0.3296875 0.04309586631486367 0.0421875
0 0.5123131046613896 0.07109375 0.022867194371152155 0.0796875
0 0.4837291116974494 0.02890625 0.024626209322779244 0.0578125
0 0.7102022867194371 0.30390625 0.04661389621811785 0.0375
0 0.4824098504837291 0.6015625 0.021108179419525065 0.0703125
0 0.5008795074758136 0.61953125 0.02198768689533861 0.0546875
0 0.509674582233949 0.66953125 0.021108179419525065 0.0609375
0 0.470976253298153 0.725 0.02198768689533861 0.0640625
0 0.49604221635883905 0.78203125 0.020228671943711522 0.0640625
0 0.8874230430958663 0.61328125 0.04221635883905013 0.0390625
0 0.9617414248021108 0.63828125 0.036939313984168866 0.034375