0 0.05716798592788039 0.978125 0.04397537379067722 0.040625
0 0.17941952506596306 0.8984375 0.04397537379067722 0.053125
0 0.39489885664028146 0.7671875 0.04221635883905013 0.046875
0 0.6059806508355321 0.8046875 0.047493403693931395 0.053125
0 0.5461741424802111 0.73203125 0.04397537379067722 0.0515625
0 0.8751099384344767 0.6859375 0.04397537379067722 0.05
0 0.855321020228672 0.6265625 0.04309586631486367 0.040625
0 0.9635004397537379 0.60390625 0.044854881266490766 0.0484375
0 0.772207563764292 0.43515625 0.040457343887423045 0.0421875
0 0.8460861917326298 0.38671875 0.040457343887423045 0.0453125
0 0.8970976253298153 0.36015625 0.04573438874230431 0.0421875
0 0.37423043095866315 0.51875 0.025505716798592787 0.059375
0 0.35048372911169745 0.5125 0.023746701846965697 0.071875
0 0.3786279683377309 0.4546875 0.025505716798592787 0.06875
0 0.32717678100263853 0.390625 0.026385224274406333 0.071875
0 0.3518029903254178 0.34140625 0.026385224274406333 0.0734375
0 0.21416007036059806 0.07734375 0.023746701846965697 0.0703125
0 0.7629727352682498 0.04765625 0.018469656992084433 0.0546875
0 0.8557607739665787 0.0265625 0.022867194371152155 0.05
0 0.6860158311345647 0.03359375 0.022867194371152155 0.0546875
0 0.6385224274406333 0.0203125 0.024626209322779244 0.0375