0 0.9432717678100264 0.02109375 0.04309586631486367 0.0421875
0 0.820580474934037 0.1015625 0.04397537379067722 0.053125
0 0.6051011433597185 0.2328125 0.04221635883905013 0.046875
0 0.3940193491644679 0.1953125 0.047493403693931395 0.053125
0 0.45382585751978893 0.26796875 0.04397537379067722 0.0515625
0 0.1248900615655233 0.3140625 0.04397537379067722 0.05
0 0.14467897977132807 0.3734375 0.04309586631486367 0.040625
0 0.036499560246262094 0.39609375 0.044854881266490766 0.0484375
0 0.227792436235708 0.56484375 0.040457343887423045 0.0421875
0 0.15391380826737028 0.61328125 0.040457343887423045 0.0453125
0 0.10290237467018469 0.63984375 0.04573438874230431 0.0421875
0 0.6257695690413368 0.48125 0.025505716798592787 0.059375
0 0.6495162708883025 0.4875 0.023746701846965697 0.071875
0 0.6213720316622692 0.5453125 0.025505716798592787 0.06875
0 0.6728232189973615 0.609375 0.026385224274406333 0.071875
0 0.6481970096745823 0.65859375 0.026385224274406333 0.0734375
0 0.785839929639402 0.92265625 0.023746701846965697 0.0703125
0 0.23702726473175023 0.95234375 0.018469656992084433 0.0546875
0 0.1442392260334213 0.9734375 0.022867194371152155 0.05
0 0.31398416886543534 0.96640625 0.022867194371152155 0.0546875
0 0.36147757255936674 0.9796875 0.024626209322779244 0.0375