0 0.48768689533861037 0.95 0.021108179419525065 0.0671875
0 0.5259454705364995 0.7828125 0.02198768689533861 0.0703125
0 0.5 0.7953125 0.018469656992084433 0.059375
0 0.45382585751978893 0.73125 0.024626209322779244 0.053125
0 0.4841688654353562 0.66953125 0.019349164467897976 0.059375
0 0.1297273526824978 0.634375 0.036939313984168866 0.04375
0 0.22999120492524186 0.59609375 0.03430079155672823 0.0328125
0 0.2858399296394019 0.578125 0.036939313984168866 0.0375
0 0.2937554969217238 0.6125 0.03518029903254178 0.0328125
0 0.34564643799472294 0.59453125 0.03518029903254178 0.0375
0 0.3465259454705365 0.55859375 0.03430079155672823 0.034375
0 0.503957783641161 0.4578125 0.01759014951627089 0.05
0 0.45602462620932277 0.4296875 0.01759014951627089 0.05
0 0.5105540897097626 0.39453125 0.022867194371152155 0.0484375
0 0.47405452946350046 0.3671875 0.01759014951627089 0.0484375
0 0.490325417766051 0.29375 0.016710642040457344 0.053125
0 0.6715039577836411 0.05703125 0.025505716798592787 0.0296875
0 0.9868073878627969 0.521875 0.025505716798592787 0.040625
0 0.9318381706244503 0.44765625 0.03342128408091469 0.0328125
0 0.920844327176781 0.340625 0.03605980650835532 0.03125
0 0.8777484608619174 0.353125 0.03430079155672823 0.03125
0 0.8183817062445031 0.3703125 0.03342128408091469 0.0375
0 0.8812664907651715 0.02265625 0.020228671943711522 0.04375
0 0.8522427440633246 0.03203125 0.019349164467897976 0.0390625
0 0.2906772207563764 0.93125 0.02198768689533861 0.04375