0 0.047053649956024624 0.34140625 0.04661389621811785 0.05625
0 0.2009674582233949 0.38984375 0.04397537379067722 0.0515625
0 0.12357080035180298 0.45625 0.04573438874230431 0.0515625
0 0.16402814423922604 0.48515625 0.044854881266490766 0.05625
0 0.24626209322779244 0.58359375 0.048372911169744945 0.0609375
0 0.24318381706244502 0.25625 0.04573438874230431 0.05
0 0.2906772207563764 0.29609375 0.04221635883905013 0.05
0 0.36147757255936674 0.35703125 0.044854881266490766 0.0515625
0 0.1077396657871592 0.14921875 0.04397537379067722 0.0515625
0 0.060246262093227795 0.10390625 0.047493403693931395 0.0515625
0 0.5043975373790677 0.7546875 0.05013192612137203 0.0625
0 0.7937554969217239 0.5796875 0.03781882145998241 0.071875
0 0.7748460861917327 0.52109375 0.029023746701846966 0.078125
0 0.7506596306068601 0.525 0.028144239226033423 0.0671875
0 0.7502198768689534 0.4609375 0.030782761653474055 0.075
0 0.806948109058927 0.40625 0.03342128408091469 0.075
0 0.785839929639402 0.35 0.030782761653474055 0.0796875
0 0.9485488126649076 0.15 0.0316622691292876 0.075