0 0.509674582233949 0.05 0.023746701846965697 0.0703125
0 0.5400175901495162 0.22265625 0.025505716798592787 0.0734375
0 0.5145118733509235 0.20546875 0.021108179419525065 0.0625
0 0.465259454705365 0.2625 0.026385224274406333 0.0578125
0 0.4925241864555849 0.32890625 0.02198768689533861 0.0625
0 0.1376429199648197 0.309375 0.0395778364116095 0.0484375
0 0.2357080035180299 0.3625 0.03605980650835532 0.0375
0 0.29023746701846964 0.3890625 0.03869832893579595 0.0421875
0 0.30035180299032543 0.35625 0.036939313984168866 0.0375
0 0.35092348284960423 0.38203125 0.036939313984168866 0.0421875
0 0.3500439753737907 0.41796875 0.03605980650835532 0.0390625
0 0.5017590149516271 0.54296875 0.019349164467897976 0.053125
0 0.4529463500439754 0.56328125 0.019349164467897976 0.053125
0 0.5052770448548812 0.60703125 0.024626209322779244 0.0515625
0 0.46745822339489884 0.628125 0.019349164467897976 0.0515625
0 0.48021108179419525 0.70390625 0.018469656992084433 0.05625
0 0.6490765171503958 0.96796875 0.027264731750219876 0.0328125
0 0.9859278803869833 0.55390625 0.027264731750219876 0.04375
0 0.9274406332453826 0.61875 0.03518029903254178 0.0375
0 0.911169744942832 0.7234375 0.03781882145998241 0.0359375
0 0.8689533861037819 0.7046875 0.03605980650835532 0.0359375
0 0.810905892700088 0.678125 0.03518029903254178 0.0421875
0 0.31266490765171506 0.0375 0.024626209322779244 0.046875