0 0.4318381706244503 0.71328125 0.025505716798592787 0.0640625
0 0.49076517150395776 0.6046875 0.024626209322779244 0.0671875
0 0.5518909410729991 0.703125 0.023746701846965697 0.0625
0 0.5773966578715919 0.37578125 0.025505716798592787 0.0578125
0 0.820580474934037 0.46953125 0.036939313984168866 0.0453125
0 0.8663148636763413 0.40390625 0.036939313984168866 0.0421875
0 0.8223394898856641 0.375 0.03518029903254178 0.040625
0 0.772207563764292 0.33828125 0.03518029903254178 0.040625
0 0.7616534740545294 0.36796875 0.032541776605101144 0.0390625
0 0.7154793315743184 0.33359375 0.036939313984168866 0.040625
0 0.7176781002638523 0.303125 0.03342128408091469 0.0359375
0 0.5932277924362357 0.19609375 0.022867194371152155 0.059375
0 0.6565523306948109 0.13515625 0.01759014951627089 0.04375
0 0.6433597185576078 0.090625 0.01759014951627089 0.04375
0 0.3935795954265611 0.1546875 0.0316622691292876 0.0390625
0 0.405452946350044 0.0984375 0.032541776605101144 0.034375
0 0.27396657871591906 0.07109375 0.03518029903254178 0.0390625
0 0.28232189973614774 0.0296875 0.032541776605101144 0.034375
0 0.30123131046613894 0.0046875 0.03430079155672823 0.009375
0 0.16314863676341249 0.01171875 0.03605980650835532 0.0234375
0 0.1363236587510994 0.0625 0.03781882145998241 0.04375
0 0.5013192612137203 0.9375 0.028144239226033423 0.0734375
0 0.4340369393139842 0.9640625 0.029023746701846966 0.0546875
0 0.7286719437115216 0.62890625 0.030782761653474055 0.0515625
0 0.028583992963940194 0.65 0.04133685136323659 0.065625
0 0.03737906772207564 0.67265625 0.04221635883905013 0.0546875