0 0.2546174142480211 0.875 0.02198768689533861 0.0671875
0 0.2119613016710642 0.81640625 0.020228671943711522 0.0703125
0 0.27308707124010556 0.78125 0.024626209322779244 0.0734375
0 0.24758135444151275 0.61640625 0.019349164467897976 0.059375
0 0.2563764291996482 0.5625 0.01759014951627089 0.0578125
0 0.2928759894459103 0.33671875 0.016710642040457344 0.0421875
0 0.30123131046613894 0.30234375 0.0158311345646438 0.04375
0 0.31882145998240985 0.20859375 0.011433597185576077 0.034375
0 0.3403693931398417 0.0859375 0.011433597185576077 0.034375
0 0.34432717678100266 0.05703125 0.009674582233948988 0.028125
0 0.351363236587511 0.028125 0.011433597185576077 0.034375
0 0.4226033421284081 0.07890625 0.011433597185576077 0.03125
0 0.42700087950747584 0.0515625 0.010554089709762533 0.028125
0 0.7849604221635884 0.56015625 0.020228671943711522 0.0515625
0 0.9700967458223395 0.140625 0.018469656992084433 0.040625