0 0.7145998240985049 0.29296875 0.03869832893579595 0.0421875
0 0.8869832893579596 0.1890625 0.04221635883905013 0.040625
0 0.11609498680738786 0.2609375 0.0316622691292876 0.075
0 0.26517150395778366 0.23515625 0.04661389621811785 0.0453125
0 0.11125769569041337 0.440625 0.04397537379067722 0.040625
0 0.2955145118733509 0.4203125 0.04397537379067722 0.0390625
0 0.5171503957783641 0.2578125 0.0395778364116095 0.040625
0 0.06640281442392261 0.5609375 0.04397537379067722 0.040625
0 0.4744942832014072 0.57578125 0.022867194371152155 0.06875
0 0.49780123131046616 0.59296875 0.02198768689533861 0.0765625
0 0.4656992084432718 0.6390625 0.023746701846965697 0.0671875
0 0.5092348284960422 0.71640625 0.021108179419525065 0.0734375
0 0.4793315743183817 0.76015625 0.02198768689533861 0.071875
0 0.9001759014951627 0.12890625 0.0395778364116095 0.04375
0 0.03913808267370272 0.95078125 0.024626209322779244 0.0578125
0 0.11741424802110818 0.9765625 0.023746701846965697 0.04375