0 0.19569041336851364 0.9375 0.04573438874230431 0.0578125
0 0.405452946350044 0.7796875 0.04397537379067722 0.0515625
0 0.617854001759015 0.790625 0.04925241864555849 0.059375
0 0.5549692172383466 0.72578125 0.04573438874230431 0.05625
0 0.8817062445030783 0.6390625 0.04573438874230431 0.0546875
0 0.8592788038698329 0.58203125 0.044854881266490766 0.0453125
0 0.9665787159190853 0.54609375 0.04661389621811785 0.053125
0 0.7691292875989446 0.4015625 0.04221635883905013 0.046875
0 0.8408091468777484 0.34375 0.04221635883905013 0.05
0 0.8905013192612137 0.3109375 0.047493403693931395 0.0484375
0 0.3751099384344767 0.534375 0.028144239226033423 0.0625
0 0.351363236587511 0.53125 0.026385224274406333 0.075
0 0.37730870712401055 0.46953125 0.028144239226033423 0.071875
0 0.3232189973614776 0.4125 0.029023746701846966 0.075
0 0.3460861917326297 0.36015625 0.029023746701846966 0.0765625
0 0.19832893579595426 0.1140625 0.026385224274406333 0.0734375
0 0.7449428320140721 0.02265625 0.021108179419525065 0.0453125
0 0.8368513632365875 0.00546875 0.025505716798592787 0.0109375
0 0.6671064204045735 0.02109375 0.025505716798592787 0.0421875
0 0.6196130167106421 0.01328125 0.027264731750219876 0.0265625