0 0.48021108179419525 0.86953125 0.027264731750219876 0.075
0 0.49648197009674583 0.8046875 0.023746701846965697 0.0609375
0 0.45338610378188215 0.61796875 0.029023746701846966 0.075
0 0.4155672823218997 0.63203125 0.026385224274406333 0.06875
0 0.5857519788918206 0.44140625 0.024626209322779244 0.06875
0 0.604221635883905 0.36796875 0.025505716798592787 0.06875
0 0.5712401055408971 0.1390625 0.027264731750219876 0.0734375
0 0.6613896218117854 0.13671875 0.026385224274406333 0.0703125
0 0.3254177660510114 0.87265625 0.02990325417766051 0.0765625
0 0.45162708883025504 0.9640625 0.028144239226033423 0.0625
0 0.2985927880386983 0.9390625 0.019349164467897976 0.04375
0 0.27616534740545295 0.921875 0.032541776605101144 0.071875
0 0.13192612137203166 0.078125 0.036939313984168866 0.05625
0 0.1437994722955145 0.1015625 0.0316622691292876 0.0515625