0 0.4630606860158311 0.11796875 0.02198768689533861 0.0671875
0 0.4415127528583993 0.08515625 0.022867194371152155 0.071875
0 0.41072999120492526 0.0484375 0.022867194371152155 0.071875
0 0.4621811785400176 0.2328125 0.026385224274406333 0.0765625
0 0.45602462620932277 0.33359375 0.025505716798592787 0.075
0 0.42744063324538256 0.2953125 0.023746701846965697 0.075
0 0.30255057167985927 0.61875 0.044854881266490766 0.0453125
0 0.3038698328935796 0.66171875 0.040457343887423045 0.0390625
0 0.018469656992084433 0.58984375 0.03430079155672823 0.05
0 0.6666666666666666 0.51328125 0.048372911169744945 0.05
0 0.8817062445030783 0.78515625 0.04221635883905013 0.0484375
0 0.9608619173262972 0.7953125 0.04397537379067722 0.046875
0 0.4859278803869833 0.8859375 0.024626209322779244 0.065625
0 0.4635004397537379 0.9 0.024626209322779244 0.0765625
0 0.4973614775725594 0.94296875 0.022867194371152155 0.0703125
0 0.9947229551451188 0.80078125 0.008795074758135445 0.0328125
0 0.4727352682497801 0.0234375 0.024626209322779244 0.0453125