0 0.48021108179419525 0.0890625 0.023746701846965697 0.0796875
0 0.5083553210202286 0.034375 0.028144239226033423 0.06875
0 0.6587510993843447 0.36953125 0.03781882145998241 0.0375
0 0.6574318381706244 0.32734375 0.04133685136323659 0.040625
0 0.7313104661389622 0.34296875 0.040457343887423045 0.0453125
0 0.7642919964819701 0.2828125 0.0395778364116095 0.040625
0 0.2880386983289358 0.32578125 0.04925241864555849 0.0421875
0 0.11653474054529464 0.64375 0.040457343887423045 0.040625
0 0.044854881266490766 0.671875 0.04133685136323659 0.0375
0 0.5197889182058048 0.60703125 0.020228671943711522 0.06875
0 0.5008795074758136 0.62421875 0.020228671943711522 0.059375
0 0.4938434476693052 0.67734375 0.020228671943711522 0.0609375
0 0.5334212840809147 0.7234375 0.022867194371152155 0.0671875
0 0.5105540897097626 0.784375 0.019349164467897976 0.065625