0 0.46965699208443273 0.85078125 0.023746701846965697 0.0703125
0 0.4744942832014072 0.97265625 0.027264731750219876 0.0515625
0 0.519349164467898 0.76953125 0.026385224274406333 0.06875
0 0.4920844327176781 0.71953125 0.026385224274406333 0.071875
0 0.4727352682497801 0.66328125 0.025505716798592787 0.0734375
0 0.8869832893579596 0.72734375 0.040457343887423045 0.053125
0 0.7695690413368513 0.6484375 0.040457343887423045 0.0453125
0 0.7014072119613016 0.65078125 0.03781882145998241 0.0390625
0 0.7119613016710642 0.6140625 0.03869832893579595 0.0421875
0 0.6517150395778364 0.58125 0.03869832893579595 0.0421875
0 0.6495162708883025 0.61875 0.040457343887423045 0.0421875
0 0.5364995602462621 0.4984375 0.022867194371152155 0.0609375
0 0.5030782761653474 0.41484375 0.02198768689533861 0.053125
0 0.5030782761653474 0.35234375 0.021108179419525065 0.053125
0 0.5408970976253298 0.328125 0.022867194371152155 0.05625
0 0.5263852242744064 0.26328125 0.020228671943711522 0.05625
0 0.03605980650835532 0.3234375 0.03869832893579595 0.0421875
0 0.08047493403693931 0.228125 0.03605980650835532 0.0421875
0 0.12269129287598944 0.24921875 0.036939313984168866 0.040625
0 0.18337730870712401 0.2796875 0.03869832893579595 0.04375
0 0.6807387862796834 0.9734375 0.022867194371152155 0.05