0 0.22251539138082674 0.2640625 0.04573438874230431 0.0546875
0 0.1297273526824978 0.321875 0.04661389621811785 0.059375
0 0.1534740545294635 0.35390625 0.04221635883905013 0.053125
0 0.3896218117854002 0.35390625 0.04397537379067722 0.05625
0 0.49780123131046616 0.2140625 0.048372911169744945 0.0609375
0 0.08575197889182058 0.33359375 0.044854881266490766 0.059375
0 0.027704485488126648 0.6234375 0.044854881266490766 0.05625
0 0.17370272647317503 0.5796875 0.044854881266490766 0.05
0 0.22427440633245382 0.56484375 0.04133685136323659 0.0515625
0 0.30255057167985927 0.5375 0.04661389621811785 0.0578125
0 0.8680738786279684 0.24375 0.04573438874230431 0.0609375
0 0.7014072119613016 0.55 0.02990325417766051 0.0703125
0 0.7255936675461742 0.56484375 0.030782761653474055 0.0796875
0 0.6939313984168866 0.6125 0.0316622691292876 0.0765625
0 0.7387862796833773 0.68984375 0.03430079155672823 0.0796875
0 0.7110817941952506 0.7359375 0.03342128408091469 0.08125
0 0.8060686015831134 0.82734375 0.03430079155672823 0.075
0 0.28408091468777485 0.92421875 0.024626209322779244 0.0546875