0 0.8548812664907651 0.8171875 0.0395778364116095 0.0390625
0 0.7594547053649956 0.88671875 0.04221635883905013 0.040625
0 0.1266490765171504 0.81875 0.04397537379067722 0.053125
0 0.2880386983289358 0.86796875 0.04661389621811785 0.04375
0 0.3289357959542656 0.784375 0.03869832893579595 0.040625
0 0.30914687774846084 0.71875 0.04397537379067722 0.0390625
0 0.47229551451187335 0.734375 0.04133685136323659 0.04375
0 0.04573438874230431 0.66171875 0.04309586631486367 0.040625
0 0.08135444151275285 0.559375 0.04397537379067722 0.040625
0 0.490325417766051 0.5109375 0.022867194371152155 0.06875
0 0.5118733509234829 0.49921875 0.02198768689533861 0.0765625
0 0.47977132805628847 0.453125 0.023746701846965697 0.0671875
0 0.5215479331574319 0.371875 0.021108179419525065 0.0734375
0 0.4916446789797713 0.328125 0.02198768689533861 0.071875
0 0.1662269129287599 0.09609375 0.0316622691292876 0.0640625
0 0.04969217238346526 0.175 0.02198768689533861 0.05
0 0.12401055408970976 0.1375 0.020228671943711522 0.0515625
0 0.17810026385224276 0.06953125 0.024626209322779244 0.046875
0 0.22295514511873352 0.0296875 0.03518029903254178 0.040625
0 0.016270888302550572 0.85078125 0.023746701846965697 0.0375