0 0.5087950747581355 0.1 0.022867194371152155 0.0703125
0 0.45162708883025504 0.115625 0.020228671943711522 0.0640625
0 0.4630606860158311 0.40703125 0.020228671943711522 0.0546875
0 0.4331574318381706 0.43125 0.01759014951627089 0.0453125
0 0.4995602462620932 0.4609375 0.018469656992084433 0.0515625
0 0.46174142480211083 0.5578125 0.019349164467897976 0.0515625
0 0.3390501319261214 0.47265625 0.03605980650835532 0.028125
0 0.31838170624450307 0.525 0.03605980650835532 0.034375
0 0.2700087950747581 0.5015625 0.0316622691292876 0.0328125
0 0.3179419525065963 0.55546875 0.02990325417766051 0.0296875
0 0.2620932277924362 0.53046875 0.03518029903254178 0.0328125
0 0.2102022867194371 0.50546875 0.03342128408091469 0.0359375
0 0.16578715919085313 0.48515625 0.03518029903254178 0.0359375
0 0.47493403693931396 0.69609375 0.022867194371152155 0.0421875
0 0.4204045734388742 0.65390625 0.014072119613016711 0.0421875
0 0.4076517150395778 0.73671875 0.018469656992084433 0.0484375
0 0.3548812664907652 0.9703125 0.014072119613016711 0.0328125
0 0.5589270008795075 0.6703125 0.030782761653474055 0.0234375
0 0.7423043095866315 0.68828125 0.030782761653474055 0.0375
0 0.741424802110818 0.7859375 0.030782761653474055 0.0328125
0 0.7946350043975374 0.81171875 0.03342128408091469 0.0328125
0 0.8324538258575198 0.82578125 0.030782761653474055 0.0328125
0 0.8803869832893579 0.75234375 0.03605980650835532 0.0359375
0 0.9028144239226034 0.68515625 0.03605980650835532 0.0359375
0 0.9300791556728232 0.865625 0.030782761653474055 0.028125
0 0.9648197009674582 0.884375 0.030782761653474055 0.03125
0 0.28232189973614774 0.2328125 0.028144239226033423 0.046875
0 0.990325417766051 0.0703125 0.01759014951627089 0.05