0 0.5079155672823219 0.0671875 0.023746701846965697 0.0796875
0 0.46701846965699206 0.128125 0.025505716798592787 0.078125
0 0.4920844327176781 0.17109375 0.022867194371152155 0.075
0 0.3043095866314864 0.45078125 0.040457343887423045 0.040625
0 0.2647317502198769 0.3890625 0.04397537379067722 0.0453125
0 0.4599824098504837 0.73203125 0.023746701846965697 0.065625
0 0.43535620052770446 0.7421875 0.024626209322779244 0.078125
0 0.4656992084432718 0.79453125 0.024626209322779244 0.071875
0 0.41864555848724716 0.86640625 0.024626209322779244 0.0734375
0 0.4463500439753738 0.91328125 0.026385224274406333 0.075
0 0.8645558487247141 0.7703125 0.04309586631486367 0.04375
0 0.9406332453825857 0.8078125 0.04397537379067722 0.0421875
0 0.9727352682497801 0.74921875 0.03342128408091469 0.0453125
0 0.9621811785400176 0.50546875 0.03781882145998241 0.046875
0 0.6754617414248021 0.4203125 0.04221635883905013 0.040625
0 0.8887423043095867 0.34453125 0.044854881266490766 0.0671875
0 0.025065963060686015 0.2125 0.027264731750219876 0.040625