0 0.47053649956024624 0.878125 0.024626209322779244 0.078125
0 0.4969217238346526 0.92109375 0.022867194371152155 0.075
0 0.2801231310466139 0.63984375 0.04221635883905013 0.0453125
0 0.1169744942832014 0.66328125 0.0316622691292876 0.075
0 0.14204045734388743 0.38984375 0.04221635883905013 0.040625
0 0.08267370272647317 0.30078125 0.044854881266490766 0.040625
0 0.7357080035180299 0.71875 0.036939313984168866 0.0375
0 0.7748460861917327 0.67421875 0.04221635883905013 0.04375
0 0.6657871591908531 0.590625 0.03781882145998241 0.040625
0 0.49120492524186454 0.31328125 0.023746701846965697 0.0640625
0 0.5149516270888302 0.3015625 0.019349164467897976 0.075
0 0.4837291116974494 0.253125 0.02198768689533861 0.0703125
0 0.5294635004397538 0.178125 0.026385224274406333 0.071875
0 0.5017590149516271 0.13046875 0.026385224274406333 0.071875
0 0.455584872471416 0.9703125 0.022867194371152155 0.0546875
0 0.4837291116974494 0.98359375 0.019349164467897976 0.0296875