0 0.5215479331574319 0.8859375 0.019349164467897976 0.065625
0 0.5422163588390502 0.92109375 0.021108179419525065 0.0703125
0 0.5712401055408971 0.96171875 0.021108179419525065 0.0703125
0 0.5272647317502199 0.77109375 0.023746701846965697 0.075
0 0.5373790677220757 0.67109375 0.022867194371152155 0.0734375
0 0.5646437994722955 0.71328125 0.021108179419525065 0.0734375
0 0.7014072119613016 0.40625 0.04397537379067722 0.040625
0 0.7018469656992085 0.36328125 0.0395778364116095 0.0359375
0 0.9832893579595426 0.4703125 0.0316622691292876 0.046875
0 0.33421284080914687 0.465625 0.04661389621811785 0.0453125
0 0.13060686015831136 0.16796875 0.04133685136323659 0.04375
0 0.051890941072999124 0.1484375 0.04309586631486367 0.0421875
0 0.5290237467018469 0.11640625 0.02198768689533861 0.0640625
0 0.5518909410729991 0.10546875 0.02198768689533861 0.075
0 0.5197889182058048 0.05859375 0.020228671943711522 0.06875
0 0.011433597185576077 0.13828125 0.022867194371152155 0.0296875
0 0.5087950747581355 0.97734375 0.023746701846965697 0.0421875