0 0.8298153034300791 0.5 0.03518029903254178 0.0765625
0 0.8047493403693932 0.40625 0.032541776605101144 0.0796875
0 0.7757255936675461 0.521875 0.028144239226033423 0.0828125
0 0.7506596306068601 0.5265625 0.029023746701846966 0.0640625
0 0.7506596306068601 0.46484375 0.029023746701846966 0.0734375
0 0.7832014072119613 0.35234375 0.029023746701846966 0.075
0 0.5052770448548812 0.765625 0.04661389621811785 0.059375
0 0.24538258575197888 0.6 0.047493403693931395 0.0515625
0 0.2726473175021988 0.465625 0.04661389621811785 0.0515625
0 0.16402814423922604 0.5046875 0.044854881266490766 0.0546875
0 0.1218117854001759 0.475 0.04221635883905013 0.0453125
0 0.0998240985048373 0.40859375 0.048372911169744945 0.053125
0 0.3592788038698329 0.36953125 0.04397537379067722 0.05
0 0.28935795954265614 0.30859375 0.04133685136323659 0.0484375
0 0.24142480211081793 0.271875 0.044854881266490766 0.05
0 0.10466138962181179 0.16796875 0.04661389621811785 0.05
0 0.05804749340369393 0.125 0.04221635883905013 0.0515625
0 0.39489885664028146 0.0046875 0.019349164467897976 0.009375