0 0.484608619173263 0.9546875 0.020228671943711522 0.0703125
0 0.5004397537379067 0.8421875 0.018469656992084433 0.06875
0 0.5079155672823219 0.725 0.023746701846965697 0.075
0 0.5180299032541776 0.6296875 0.021108179419525065 0.0703125
0 0.5448548812664907 0.671875 0.021108179419525065 0.06875
0 0.5189094107299912 0.87890625 0.020228671943711522 0.06875
0 0.5496921723834652 0.921875 0.021108179419525065 0.06875
0 0.6851363236587511 0.37109375 0.04133685136323659 0.0390625
0 0.6864555848724714 0.32734375 0.03781882145998241 0.0390625
0 0.9195250659630607 0.41953125 0.04309586631486367 0.0421875
0 0.11653474054529464 0.11328125 0.040457343887423045 0.0421875
0 0.03869832893579595 0.09140625 0.04133685136323659 0.04375
0 0.538698328935796 0.0734375 0.021108179419525065 0.075
0 0.5171503957783641 0.078125 0.021108179419525065 0.0671875
0 0.5070360598065083 0.028125 0.02198768689533861 0.053125