0 0.49648197009674583 0.94453125 0.025505716798592787 0.06875
0 0.47053649956024624 0.55 0.023746701846965697 0.06875
0 0.4648197009674582 0.47265625 0.024626209322779244 0.0671875
0 0.5131926121372031 0.434375 0.029023746701846966 0.075
0 0.5712401055408971 0.40234375 0.026385224274406333 0.0703125
0 0.5321020228671943 0.27734375 0.026385224274406333 0.0734375
0 0.44810905892700087 0.2375 0.022867194371152155 0.0640625
0 0.5026385224274407 0.9859375 0.023746701846965697 0.025
0 0.2854001759014952 0.0734375 0.02990325417766051 0.0515625
0 0.9577836411609498 0.43671875 0.03781882145998241 0.059375
0 0.9415127528583993 0.45234375 0.032541776605101144 0.059375