0 0.4687774846086192 0.05859375 0.021108179419525065 0.0640625
0 0.525065963060686 0.44296875 0.019349164467897976 0.0640625
0 0.5369393139841688 0.51875 0.020228671943711522 0.0625
0 0.4920844327176781 0.56796875 0.023746701846965697 0.0703125
0 0.4371152154793316 0.6140625 0.021108179419525065 0.065625
0 0.48548812664907653 0.728125 0.021108179419525065 0.06875
0 0.5721196130167107 0.746875 0.018469656992084433 0.059375
0 0.45954265611257694 0.01484375 0.020228671943711522 0.0296875
0 0.7458223394898856 0.86953125 0.026385224274406333 0.0453125
0 0.051451187335092345 0.67578125 0.03430079155672823 0.0515625
0 0.06640281442392261 0.65625 0.029023746701846966 0.053125