0 0.5364995602462621 0.909375 0.022867194371152155 0.0671875
0 0.49604221635883905 0.8125 0.021108179419525065 0.05625
0 0.5364995602462621 0.6921875 0.020228671943711522 0.0578125
0 0.5756376429199648 0.58046875 0.01759014951627089 0.046875
0 0.5998240985048373 0.59296875 0.016710642040457344 0.0453125
0 0.6996481970096746 0.59453125 0.03430079155672823 0.034375
0 0.7480211081794196 0.61484375 0.03342128408091469 0.03125
0 0.6996481970096746 0.5640625 0.030782761653474055 0.0328125
0 0.7550571679859279 0.5828125 0.032541776605101144 0.0328125
0 0.8073878627968337 0.60546875 0.03518029903254178 0.0375
0 0.8544415127528584 0.621875 0.036939313984168866 0.0390625
0 0.6068601583113457 0.36484375 0.013192612137203167 0.0390625
0 0.617854001759015 0.28046875 0.014072119613016711 0.040625
0 0.600263852242744 0.25859375 0.014072119613016711 0.0421875
0 0.6200527704485488 0.0625 0.014072119613016711 0.0328125
0 0.6688654353562006 0.04921875 0.013192612137203167 0.03125
0 0.49076517150395776 0.46484375 0.029023746701846966 0.03125
0 0.38522427440633245 0.45546875 0.029023746701846966 0.0265625
0 0.3117854001759015 0.4828125 0.029023746701846966 0.03125
0 0.272207563764292 0.37109375 0.0316622691292876 0.0328125
0 0.22075637642919965 0.35546875 0.029023746701846966 0.0296875
0 0.18425681618293754 0.33984375 0.029023746701846966 0.03125
0 0.08839050131926121 0.30859375 0.027264731750219876 0.03125
0 0.056288478452066845 0.2953125 0.027264731750219876 0.0265625
0 0.025065963060686015 0.2875 0.028144239226033423 0.025
0 0.04573438874230431 0.3875 0.030782761653474055 0.0296875
0 0.18733509234828497 0.4359375 0.03342128408091469 0.0359375
0 0.11609498680738786 0.4875 0.03342128408091469 0.034375
0 0.22735268249780125 0.084375 0.0158311345646438 0.0359375
0 0.25065963060686014 0.0921875 0.016710642040457344 0.034375
0 0.4577836411609499 0.021875 0.021108179419525065 0.021875
0 0.23702726473175023 0.0421875 0.016710642040457344 0.03125
0 0.2704485488126649 0.04921875 0.016710642040457344 0.028125
0 0.41644678979771327 0.103125 0.01759014951627089 0.0296875
0 0.7484608619173263 0.89453125 0.028144239226033423 0.05