0 0.2959542656112577 0.14609375 0.022867194371152155 0.0703125
0 0.33421284080914687 0.12421875 0.029023746701846966 0.0765625
0 0.34784520668425684 0.1609375 0.024626209322779244 0.0625
0 0.37686895338610377 0.11875 0.025505716798592787 0.0734375
0 0.42963940193491645 0.53984375 0.0395778364116095 0.0546875
0 0.4072119613016711 0.6515625 0.040457343887423045 0.0484375
0 0.669744942832014 0.58046875 0.04221635883905013 0.0515625
0 0.7427440633245382 0.6328125 0.0395778364116095 0.0484375
0 0.7911169744942832 0.67578125 0.0395778364116095 0.04375
0 0.9239226033421284 0.77421875 0.03430079155672823 0.0421875
0 0.6547933157431838 0.88203125 0.04309586631486367 0.05
0 0.7493403693931399 0.92421875 0.04309586631486367 0.05
0 0.7911169744942832 0.9546875 0.0395778364116095 0.046875
0 0.9353562005277045 0.89375 0.04309586631486367 0.05
0 0.9753737906772207 0.80703125 0.040457343887423045 0.0484375
0 0.907211961301671 0.40078125 0.0316622691292876 0.071875
0 0.9525065963060686 0.2265625 0.030782761653474055 0.0703125
0 0.9758135444151276 0.12421875 0.03518029903254178 0.0734375
0 0.7409850483729111 0.115625 0.04133685136323659 0.0421875
0 0.1785400175901495 0.64765625 0.02990325417766051 0.0734375
0 0.14467897977132807 0.653125 0.029023746701846966 0.0734375
0 0.1565523306948109 0.7546875 0.032541776605101144 0.0765625
0 0.13324538258575197 0.84765625 0.02990325417766051 0.0703125
0 0.11961301671064203 0.95703125 0.030782761653474055 0.0765625
0 0.07343887423043095 0.86796875 0.026385224274406333 0.071875
0 0.810905892700088 0.2921875 0.029023746701846966 0.0453125
0 0.7361477572559367 0.078125 0.03430079155672823 0.034375
0 0.7286719437115216 0.00625 0.044854881266490766 0.0125
0 0.9217238346525946 0.0734375 0.028144239226033423 0.0625
0 0.9357959542656112 0.409375 0.018469656992084433 0.0484375
0 0.9868073878627969 0.2609375 0.021108179419525065 0.0703125
0 0.8922603342128408 0.3734375 0.02198768689533861 0.046875
0 0.3627968337730871 0.025 0.022867194371152155 0.0421875
0 0.40105540897097625 0.01796875 0.023746701846965697 0.0296875