0 0.8003518029903254 0.38125 0.04397537379067722 0.0515625
0 0.8834652594547053 0.47421875 0.04573438874230431 0.0546875
0 0.8562005277044855 0.49609375 0.04133685136323659 0.05
0 0.6262093227792436 0.40234375 0.04221635883905013 0.053125
0 0.5382585751978892 0.221875 0.047493403693931395 0.05625
0 0.9243623570800352 0.503125 0.04397537379067722 0.05625
0 0.9445910290237467 0.809375 0.04309586631486367 0.053125
0 0.8078276165347406 0.7078125 0.04397537379067722 0.046875
0 0.7603342128408092 0.67265625 0.040457343887423045 0.0484375
0 0.6877748460861918 0.615625 0.044854881266490766 0.053125
0 0.17370272647317503 0.103125 0.044854881266490766 0.0578125
0 0.297273526824978 0.46875 0.028144239226033423 0.06875
0 0.2717678100263852 0.4734375 0.029023746701846966 0.0765625
0 0.29683377308707126 0.53203125 0.02990325417766051 0.0734375
0 0.24318381706244502 0.58984375 0.032541776605101144 0.078125
0 0.2647317502198769 0.6453125 0.0316622691292876 0.0796875
0 0.1600703605980651 0.696875 0.032541776605101144 0.0734375
0 0.6569920844327177 0.9859375 0.024626209322779244 0.025