0 0.44810905892700087 0.059375 0.025505716798592787 0.071875
0 0.5008795074758136 0.21328125 0.026385224274406333 0.075
0 0.4736147757255937 0.20859375 0.02198768689533861 0.0625
0 0.4340369393139842 0.284375 0.027264731750219876 0.0578125
0 0.46921723834652596 0.3375 0.022867194371152155 0.0640625
0 0.12225153913808268 0.4703125 0.0395778364116095 0.0515625
0 0.2247141600703606 0.48046875 0.03605980650835532 0.0390625
0 0.28144239226033424 0.4828125 0.0395778364116095 0.0453125
0 0.28671943711521547 0.44609375 0.036939313984168866 0.0390625
0 0.3390501319261214 0.44921875 0.03781882145998241 0.04375
0 0.3434476693051891 0.484375 0.036939313984168866 0.040625
0 0.5074758135444152 0.540625 0.020228671943711522 0.053125
0 0.4630606860158311 0.58203125 0.020228671943711522 0.053125
0 0.5197889182058048 0.6015625 0.025505716798592787 0.053125
0 0.4859278803869833 0.63828125 0.020228671943711522 0.0515625
0 0.5087950747581355 0.70625 0.020228671943711522 0.05625
0 0.7084432717678101 0.88984375 0.027264731750219876 0.034375
0 0.978891820580475 0.34375 0.028144239226033423 0.0453125
0 0.9309586631486367 0.43203125 0.03518029903254178 0.0390625
0 0.9296394019349165 0.540625 0.03781882145998241 0.0390625
0 0.886103781882146 0.53984375 0.03605980650835532 0.0375
0 0.8258575197889182 0.5390625 0.03605980650835532 0.04375
0 0.9186455584872472 0.865625 0.023746701846965697 0.0484375
0 0.8891820580474934 0.8640625 0.02198768689533861 0.04375
0 0.25505716798592787 0.13203125 0.025505716798592787 0.0484375