0 0.7330694810905892 0.97578125 0.027264731750219876 0.0453125
0 0.7049252418645559 0.98671875 0.027264731750219876 0.0234375
0 0.7009674582233949 0.9046875 0.023746701846965697 0.071875
0 0.7031662269129287 0.8125 0.02198768689533861 0.0640625
0 0.6952506596306068 0.71796875 0.02198768689533861 0.0640625
0 0.7497801231310466 0.77265625 0.022867194371152155 0.0671875
0 0.7405452946350044 0.57265625 0.020228671943711522 0.05625
0 0.7379067722075637 0.515625 0.019349164467897976 0.053125
0 0.7299912049252418 0.28359375 0.014951627088830254 0.0421875
0 0.7260334212840809 0.24453125 0.0158311345646438 0.0421875
0 0.7211961301671064 0.146875 0.014951627088830254 0.034375
0 0.2198768689533861 0.33203125 0.021108179419525065 0.05