0 0.8298153034300791 0.51015625 0.03430079155672823 0.0765625
0 0.8038698328935796 0.603125 0.0316622691292876 0.0796875
0 0.7757255936675461 0.48671875 0.027264731750219876 0.08125
0 0.7506596306068601 0.48125 0.028144239226033423 0.0625
0 0.7502198768689534 0.54296875 0.029023746701846966 0.071875
0 0.781882145998241 0.65625 0.028144239226033423 0.0734375
0 0.5074758135444152 0.234375 0.04661389621811785 0.0578125
0 0.24670184696569922 0.3921875 0.04661389621811785 0.05
0 0.272207563764292 0.52734375 0.04573438874230431 0.05
0 0.16402814423922604 0.484375 0.04397537379067722 0.053125
0 0.12137203166226913 0.51328125 0.04221635883905013 0.04375
0 0.09894459102902374 0.57890625 0.047493403693931395 0.0515625
0 0.3579595426561126 0.6265625 0.04309586631486367 0.0484375
0 0.287598944591029 0.68515625 0.04133685136323659 0.046875
0 0.23922603342128407 0.7203125 0.04397537379067722 0.0484375
0 0.1011433597185576 0.8203125 0.04573438874230431 0.0484375
0 0.05408970976253298 0.8609375 0.04133685136323659 0.05
0 0.39006156552330695 0.99296875 0.018469656992084433 0.0109375