0 0.8447669305189094 0.35390625 0.023746701846965697 0.0546875
0 0.2985927880386983 0.94453125 0.028144239226033423 0.0796875
0 0.32629727352682497 0.9640625 0.02990325417766051 0.06875
0 0.33421284080914687 0.8609375 0.025505716798592787 0.075
0 0.33773087071240104 0.771875 0.022867194371152155 0.065625
0 0.3469656992084433 0.6796875 0.023746701846965697 0.065625
0 0.29243623570800353 0.72421875 0.025505716798592787 0.065625
0 0.3095866314863676 0.52890625 0.022867194371152155 0.0578125
0 0.3153034300791557 0.4734375 0.019349164467897976 0.053125
0 0.33509234828496043 0.2421875 0.014951627088830254 0.0421875
0 0.33948988566402816 0.20703125 0.01759014951627089 0.046875
0 0.3500439753737907 0.1078125 0.014072119613016711 0.0359375