0 0.5351802990325418 0.915625 0.022867194371152155 0.0828125
0 0.5149516270888302 0.78671875 0.025505716798592787 0.0765625
0 0.49648197009674583 0.878125 0.023746701846965697 0.0765625
0 0.06728232189973615 0.7046875 0.040457343887423045 0.0484375
0 0.2770448548812665 0.63125 0.0395778364116095 0.0390625
0 0.27396657871591906 0.58515625 0.0395778364116095 0.04375
0 0.3412489006156552 0.5984375 0.04221635883905013 0.04375
0 0.33992963940193494 0.55625 0.036939313984168866 0.0359375
0 0.9397537379067722 0.2203125 0.03869832893579595 0.040625
0 0.8685136323658751 0.253125 0.04133685136323659 0.04375
0 0.4731750219876869 0.3265625 0.021108179419525065 0.071875
0 0.4894459102902375 0.2984375 0.023746701846965697 0.0609375
0 0.4969217238346526 0.24609375 0.02198768689533861 0.0625
0 0.45646437994722955 0.203125 0.021108179419525065 0.0640625
0 0.4793315743183817 0.15 0.022867194371152155 0.065625
0 0.7053649956024626 0.57421875 0.04925241864555849 0.04375
0 0.9771328056288479 0.203125 0.020228671943711522 0.0375