0 0.1376429199648197 0.7015625 0.04573438874230431 0.0296875
0 0.10510114335971855 0.44453125 0.03781882145998241 0.0265625
0 0.13280562884784522 0.3984375 0.03869832893579595 0.03125
0 0.20052770448548812 0.31015625 0.040457343887423045 0.0328125
0 0.24626209322779244 0.403125 0.03869832893579595 0.0359375
0 0.34432717678100266 0.40546875 0.03869832893579595 0.034375
0 0.19700967458223395 0.70234375 0.036939313984168866 0.028125
0 0.28452066842568163 0.70078125 0.0395778364116095 0.03125
0 0.46613896218117856 0.69921875 0.036939313984168866 0.0296875
0 0.5092348284960422 0.7015625 0.040457343887423045 0.0328125
0 0.5628847845206685 0.70390625 0.03869832893579595 0.0328125
0 0.6068601583113457 0.70390625 0.036939313984168866 0.03125
0 0.7106420404573439 0.71015625 0.03605980650835532 0.0265625
0 0.5145118733509235 0.40859375 0.04133685136323659 0.034375
0 0.5452946350043976 0.27109375 0.0395778364116095 0.0359375
0 0.5277044854881267 0.053125 0.03430079155672823 0.03125
0 0.5263852242744064 0.01875 0.04133685136323659 0.03125
0 0.47977132805628847 0.0234375 0.03430079155672823 0.03125