0 0.4714160070360598 0.84765625 0.021108179419525065 0.075
0 0.4467897977132806 0.82890625 0.02198768689533861 0.075
0 0.08443271767810026 0.57265625 0.0395778364116095 0.03125
0 0.17326297273526825 0.5078125 0.03518029903254178 0.0328125
0 0.38522427440633245 0.571875 0.03869832893579595 0.03125
0 0.44371152154793314 0.5453125 0.03869832893579595 0.0359375
0 0.42656112576956906 0.49296875 0.03605980650835532 0.03125
0 0.4331574318381706 0.4625 0.03518029903254178 0.03125
0 0.32629727352682497 0.37734375 0.03518029903254178 0.03125
0 0.35092348284960423 0.45625 0.0395778364116095 0.03125
0 0.5734388742304309 0.6078125 0.03869832893579595 0.0328125
0 0.5822339489885664 0.553125 0.03781882145998241 0.03125
0 0.7132805628847845 0.54453125 0.04133685136323659 0.0375
0 0.4780123131046614 0.3265625 0.028144239226033423 0.0640625
0 0.558047493403694 0.27578125 0.01759014951627089 0.06875
0 0.5343007915567283 0.25234375 0.018469656992084433 0.0671875
0 0.5620052770448549 0.19375 0.01759014951627089 0.071875
0 0.5993843447669305 0.0453125 0.01759014951627089 0.0640625
0 0.07167985927880387 0.28828125 0.03781882145998241 0.034375