0 0.9665787159190853 0.534375 0.0395778364116095 0.0328125
0 0.9410729991204925 0.58203125 0.040457343887423045 0.0328125
0 0.816622691292876 0.6734375 0.0395778364116095 0.0359375
0 0.8284960422163589 0.58203125 0.040457343887423045 0.0375
0 0.9371152154793315 0.28203125 0.044854881266490766 0.034375
0 0.8795074758135444 0.28125 0.03869832893579595 0.034375
0 0.7950747581354441 0.2890625 0.04221635883905013 0.0328125
0 0.6565523306948109 0.58515625 0.03869832893579595 0.0390625
0 0.6103781882145998 0.29375 0.040457343887423045 0.0328125
0 0.5659630606860159 0.2953125 0.03869832893579595 0.0375
0 0.51363236587511 0.296875 0.0395778364116095 0.034375
0 0.46701846965699206 0.29609375 0.04133685136323659 0.0328125
0 0.36631486367634125 0.29375 0.040457343887423045 0.034375
0 0.3781882145998241 0.58984375 0.04133685136323659 0.034375
0 0.530782761653474 0.725 0.04133685136323659 0.0328125
0 0.5492524186455585 0.94609375 0.0316622691292876 0.028125
0 0.5496921723834652 0.978125 0.03605980650835532 0.0359375
0 0.5998240985048373 0.97109375 0.0395778364116095 0.034375
0 0.01802990325417766 0.35234375 0.03605980650835532 0.0390625