0 0.9476693051890941 0.484375 0.040457343887423045 0.0390625
0 0.8711521547933158 0.55078125 0.03869832893579595 0.0359375
0 0.976693051890941 0.171875 0.044854881266490766 0.040625
0 0.920844327176781 0.16328125 0.04309586631486367 0.034375
0 0.826297273526825 0.14609375 0.0395778364116095 0.0375
0 0.6376429199648197 0.109375 0.0395778364116095 0.0390625
0 0.5932277924362357 0.1015625 0.04397537379067722 0.0421875
0 0.5378188214599824 0.0890625 0.04133685136323659 0.0390625
0 0.490325417766051 0.07890625 0.04397537379067722 0.0390625
0 0.3830255057167986 0.05078125 0.04397537379067722 0.040625
0 0.5426561125769569 0.40390625 0.040457343887423045 0.0546875
0 0.5219876868953386 0.53515625 0.04133685136323659 0.0375
0 0.5729991204925242 0.78671875 0.036939313984168866 0.0359375
0 0.523306948109059 0.78359375 0.036939313984168866 0.0328125
0 0.5246262093227793 0.74921875 0.032541776605101144 0.0390625
0 0.5197889182058048 0.8203125 0.032541776605101144 0.0359375
0 0.2959542656112577 0.90703125 0.020228671943711522 0.0578125
0 0.26341248900615655 0.909375 0.018469656992084433 0.053125
0 0.8324538258575198 0.4625 0.04309586631486367 0.0421875
0 0.05013192612137203 0.04296875 0.040457343887423045 0.0453125
0 0.5677220756376429 0.87734375 0.03430079155672823 0.0375