0 0.9709762532981531 0.4515625 0.03869832893579595 0.028125
0 0.9450307827616534 0.40625 0.0395778364116095 0.0296875
0 0.9445910290237467 0.7109375 0.04221635883905013 0.0296875
0 0.8878627968337731 0.709375 0.03781882145998241 0.03125
0 0.8007915567282322 0.70703125 0.0395778364116095 0.0328125
0 0.6169744942832014 0.70859375 0.03781882145998241 0.0296875
0 0.5879507475813545 0.4125 0.036939313984168866 0.03125
0 0.8324538258575198 0.4125 0.04221635883905013 0.0375
0 0.7515391380826737 0.32734375 0.03869832893579595 0.034375
0 0.5334212840809147 0.27890625 0.03869832893579595 0.03125
0 0.5747581354441513 0.70859375 0.0395778364116095 0.0328125
0 0.5197889182058048 0.70859375 0.03869832893579595 0.0375
0 0.47713280562884786 0.7109375 0.0395778364116095 0.03125
0 0.37467018469656993 0.71640625 0.04309586631486367 0.0328125
0 0.2691292875989446 0.41875 0.04397537379067722 0.034375
0 0.5492524186455585 0.02421875 0.03781882145998241 0.028125
0 0.5976253298153035 0.03203125 0.04133685136323659 0.0375
0 0.5492524186455585 0.0640625 0.0316622691292876 0.0328125
0 0.020228671943711522 0.67265625 0.0395778364116095 0.0359375