0 0.17502198768689534 0.15703125 0.032541776605101144 0.053125
0 0.2339489885664028 0.396875 0.03342128408091469 0.05625
0 0.26868953386103783 0.45390625 0.028144239226033423 0.05625
0 0.32497801231310464 0.546875 0.0316622691292876 0.0578125
0 0.45162708883025504 0.76328125 0.0316622691292876 0.059375
0 0.4824098504837291 0.8171875 0.03781882145998241 0.0703125
0 0.5219876868953386 0.88828125 0.03605980650835532 0.0671875
0 0.5549692172383466 0.9453125 0.03781882145998241 0.0609375
0 0.6759014951627089 0.5390625 0.040457343887423045 0.0625
0 0.7453825857519789 0.36015625 0.03342128408091469 0.05
0 0.7159190853122251 0.28125 0.03869832893579595 0.05625
0 0.7563764291996482 0.3296875 0.03518029903254178 0.0578125
0 0.7713280562884784 0.303125 0.032541776605101144 0.0515625
0 0.014072119613016711 0.3421875 0.028144239226033423 0.05625
0 0.3087071240105541 0.2 0.027264731750219876 0.046875
0 0.3381706244503078 0.18984375 0.028144239226033423 0.0515625
0 0.4102902374670185 0.3078125 0.03430079155672823 0.05625
0 0.040897097625329816 0.059375 0.0316622691292876 0.0546875
0 0.7484608619173263 0.20625 0.03342128408091469 0.0453125