0 0.2695690413368514 0.10078125 0.03869832893579595 0.071875
0 0.33729111697449426 0.2578125 0.03430079155672823 0.0671875
0 0.3280562884784521 0.32109375 0.03342128408091469 0.0640625
0 0.3922603342128408 0.3625 0.03605980650835532 0.0671875
0 0.3496042216358839 0.4671875 0.03518029903254178 0.06875
0 0.4291996481970097 0.58359375 0.0316622691292876 0.059375
0 0.5087950747581355 0.63046875 0.030782761653474055 0.0578125
0 0.41424802110817943 0.66015625 0.03430079155672823 0.0546875
0 0.47713280562884786 0.709375 0.03518029903254178 0.05625
0 0.5312225153913809 0.8109375 0.0316622691292876 0.059375
0 0.6864555848724714 0.92265625 0.0316622691292876 0.05625
0 0.2436235708003518 0.61875 0.03781882145998241 0.0640625
0 0.23658751099384345 0.56796875 0.03518029903254178 0.0625
0 0.19832893579595426 0.628125 0.0395778364116095 0.065625
0 0.10290237467018469 0.69453125 0.03518029903254178 0.059375
0 0.5263852242744064 0.2703125 0.03430079155672823 0.0640625
0 0.5364995602462621 0.315625 0.03869832893579595 0.065625
0 0.8878627968337731 0.48125 0.04133685136323659 0.05
0 0.8698328935795955 0.60078125 0.03342128408091469 0.0359375
0 0.010554089709762533 0.84921875 0.021108179419525065 0.0578125
0 0.45030782761653476 0.78203125 0.030782761653474055 0.059375
0 0.9432717678100264 0.9765625 0.023746701846965697 0.04375
0 0.9252418645558487 0.95234375 0.026385224274406333 0.053125
0 0.9186455584872472 0.92109375 0.018469656992084433 0.028125
0 0.8803869832893579 0.79921875 0.027264731750219876 0.04375
0 0.8676341248900615 0.67890625 0.03518029903254178 0.0296875
0 0.8751099384344767 0.5671875 0.027264731750219876 0.034375
0 0.9098504837291117 0.4453125 0.028144239226033423 0.0453125