0 0.2009674582233949 0.0890625 0.03430079155672823 0.05625
0 0.24318381706244502 0.33984375 0.03518029903254178 0.059375
0 0.27352682497801234 0.4046875 0.02990325417766051 0.059375
0 0.3232189973614776 0.50859375 0.03342128408091469 0.0609375
0 0.4335971855760774 0.75078125 0.03342128408091469 0.0625
0 0.4608619173262973 0.8109375 0.0395778364116095 0.0734375
0 0.4951627088830255 0.88984375 0.03869832893579595 0.0703125
0 0.5241864555848724 0.95390625 0.0395778364116095 0.065625
0 0.671943711521548 0.5765625 0.04221635883905013 0.065625
0 0.7532981530343008 0.41484375 0.03518029903254178 0.053125
0 0.7291116974494283 0.3296875 0.040457343887423045 0.0609375
0 0.7660510114335972 0.3859375 0.036939313984168866 0.0609375
0 0.7827616534740546 0.36328125 0.03430079155672823 0.0546875
0 0.026824978012313105 0.23671875 0.032541776605101144 0.0578125
0 0.3306948109058927 0.1609375 0.028144239226033423 0.05
0 0.3605980650835532 0.15703125 0.02990325417766051 0.0546875
0 0.42436235708003517 0.28984375 0.03605980650835532 0.059375
0 0.7669305189094108 0.2625 0.03430079155672823 0.0484375