0 0.1600703605980651 0.86484375 0.03430079155672823 0.03125
0 0.2106420404573439 0.853125 0.044854881266490766 0.0390625
0 0.27352682497801234 0.84375 0.040457343887423045 0.040625
0 0.31354441512752856 0.8359375 0.032541776605101144 0.0375
0 0.3619173262972735 0.73515625 0.040457343887423045 0.0375
0 0.5321020228671943 0.7765625 0.036939313984168866 0.0375
0 0.5765171503957783 0.77109375 0.03781882145998241 0.040625
0 0.63896218117854 0.653125 0.04221635883905013 0.04375
0 0.7216358839050132 0.73359375 0.040457343887423045 0.04375
0 0.19349164467897978 0.61328125 0.04133685136323659 0.0421875
0 0.14335971855760773 0.61015625 0.03518029903254178 0.034375
0 0.1011433597185576 0.62265625 0.03518029903254178 0.040625
0 0.06596306068601583 0.4828125 0.032541776605101144 0.0578125
0 0.08135444151275285 0.49921875 0.02990325417766051 0.05625
0 0.048372911169744945 0.46015625 0.030782761653474055 0.0546875