0 0.26605101143359716 0.1078125 0.03781882145998241 0.0703125
0 0.33465259454705365 0.26328125 0.03342128408091469 0.0671875
0 0.32629727352682497 0.3265625 0.032541776605101144 0.0640625
0 0.3909410729991205 0.36640625 0.03518029903254178 0.065625
0 0.3491644678979771 0.471875 0.03430079155672823 0.06875
0 0.43007915567282323 0.5859375 0.0316622691292876 0.059375
0 0.5101143359718557 0.6296875 0.030782761653474055 0.0578125
0 0.4160070360598065 0.6625 0.03430079155672823 0.053125
0 0.4793315743183817 0.71015625 0.03518029903254178 0.0546875
0 0.5343007915567283 0.81015625 0.0316622691292876 0.059375
0 0.6908531222515392 0.91640625 0.0316622691292876 0.05625
0 0.24494283201407213 0.6265625 0.036939313984168866 0.0625
0 0.23746701846965698 0.5765625 0.03518029903254178 0.0609375
0 0.1996481970096746 0.63671875 0.03869832893579595 0.0640625
0 0.10510114335971855 0.70625 0.03518029903254178 0.0578125
0 0.5237467018469657 0.26953125 0.03342128408091469 0.0640625
0 0.534740545294635 0.31484375 0.03781882145998241 0.0640625
0 0.8874230430958663 0.46953125 0.040457343887423045 0.0484375
0 0.8707124010554089 0.5890625 0.03342128408091469 0.034375
0 0.012313104661389622 0.86484375 0.024626209322779244 0.0578125
0 0.4529463500439754 0.78359375 0.030782761653474055 0.059375
0 0.9472295514511874 0.96328125 0.02198768689533861 0.04375
0 0.9296394019349165 0.9390625 0.026385224274406333 0.0515625
0 0.9226033421284081 0.9078125 0.018469656992084433 0.028125
0 0.8834652594547053 0.7875 0.026385224274406333 0.0421875
0 0.8693931398416886 0.6671875 0.03518029903254178 0.028125
0 0.8755496921723834 0.55546875 0.027264731750219876 0.034375
0 0.909410729991205 0.4328125 0.027264731750219876 0.0453125