0 0.9481090589270009 0.7578125 0.04133685136323659 0.0359375
0 0.9261213720316622 0.66484375 0.03781882145998241 0.03125
0 0.9793315743183817 0.47890625 0.0395778364116095 0.0359375
0 0.7150395778364116 0.48984375 0.03781882145998241 0.0359375
0 0.6978891820580475 0.67265625 0.03869832893579595 0.0375
0 0.6517150395778364 0.62265625 0.0395778364116095 0.0328125
0 0.6455584872471416 0.54921875 0.03605980650835532 0.0375
0 0.6055408970976254 0.57578125 0.036939313984168866 0.03125
0 0.5545294635004397 0.90546875 0.020228671943711522 0.075
0 0.5290237467018469 0.91640625 0.021108179419525065 0.078125
0 0.5083553210202286 0.64921875 0.03869832893579595 0.0328125
0 0.5571679859278804 0.540625 0.03869832893579595 0.028125
0 0.4450307827616535 0.5890625 0.03605980650835532 0.0296875
0 0.24802110817941952 0.540625 0.040457343887423045 0.034375
0 0.559806508355321 0.3328125 0.016710642040457344 0.0625
0 0.5197889182058048 0.31015625 0.018469656992084433 0.065625
0 0.4947229551451187 0.33046875 0.01759014951627089 0.065625
0 0.49780123131046616 0.2515625 0.018469656992084433 0.0703125
0 0.5030782761653474 0.1046875 0.016710642040457344 0.059375
0 0.4744942832014072 0.0921875 0.01759014951627089 0.0640625