0 0.9573438874230431 0.17109375 0.029023746701846966 0.0828125
0 0.7150395778364116 0.36640625 0.04397537379067722 0.0421875
0 0.7115215479331575 0.46640625 0.04573438874230431 0.053125
0 0.7563764291996482 0.62421875 0.03781882145998241 0.0484375
0 0.7409850483729111 0.6796875 0.04221635883905013 0.0421875
0 0.6495162708883025 0.74140625 0.040457343887423045 0.0421875
0 0.604221635883905 0.63515625 0.04309586631486367 0.04375
0 0.5215479331574319 0.60859375 0.0395778364116095 0.0390625
0 0.4586631486367634 0.58984375 0.04221635883905013 0.0390625
0 0.6600703605980651 0.35078125 0.04133685136323659 0.040625
0 0.5729991204925242 0.32734375 0.0395778364116095 0.0375
0 0.3935795954265611 0.2734375 0.0395778364116095 0.040625
0 0.351363236587511 0.26171875 0.04397537379067722 0.0421875
0 0.29771328056288476 0.2421875 0.04221635883905013 0.0390625
0 0.2532981530343008 0.22890625 0.04309586631486367 0.040625
0 0.15083553210202286 0.19453125 0.036939313984168866 0.034375
0 0.2836411609498681 0.67578125 0.04133685136323659 0.0421875
0 0.32717678100263853 0.9390625 0.029023746701846966 0.0421875
0 0.2849604221635884 0.8984375 0.036939313984168866 0.034375
0 0.2849604221635884 0.934375 0.040457343887423045 0.0390625