0 0.39050131926121373 0.4359375 0.03869832893579595 0.046875
0 0.4102902374670185 0.4015625 0.03869832893579595 0.046875
0 0.4204045734388742 0.9046875 0.028144239226033423 0.0734375
0 0.45910290237467016 0.8875 0.026385224274406333 0.06875
0 0.4630606860158311 0.7484375 0.025505716798592787 0.065625
0 0.5400175901495162 0.56875 0.026385224274406333 0.06875
0 0.6204925241864556 0.3796875 0.026385224274406333 0.065625
0 0.6459982409850483 0.28359375 0.030782761653474055 0.0765625
0 0.6943711521547933 0.33515625 0.027264731750219876 0.0703125
0 0.6965699208443272 0.0875 0.026385224274406333 0.06875
0 0.7282321899736148 0.08359375 0.029023746701846966 0.071875
0 0.6965699208443272 0.75546875 0.040457343887423045 0.0546875
0 0.6956904133685137 0.80234375 0.040457343887423045 0.0453125
0 0.9182058047493403 0.9796875 0.04397537379067722 0.0375
0 0.802990325417766 0.95703125 0.0395778364116095 0.0515625
0 0.4019349164467898 0.971875 0.026385224274406333 0.04375