0 0.6877748460861918 0.91875 0.026385224274406333 0.075
0 0.6152154793315743 0.9703125 0.025505716798592787 0.05625
0 0.6561125769569042 0.9125 0.026385224274406333 0.071875
0 0.6649076517150396 0.79765625 0.027264731750219876 0.0734375
0 0.6187335092348285 0.709375 0.028144239226033423 0.0734375
0 0.0505716798592788 0.95 0.044854881266490766 0.0484375
0 0.16358839050131926 0.95078125 0.04221635883905013 0.0484375
0 0.3034300791556728 0.87265625 0.03869832893579595 0.0453125
0 0.36895338610378187 0.76796875 0.04221635883905013 0.0484375
0 0.4173262972735268 0.69296875 0.04133685136323659 0.0515625
0 0.45074758135444154 0.27109375 0.029023746701846966 0.071875
0 0.5017590149516271 0.22890625 0.027264731750219876 0.075
0 0.5202286719437115 0.328125 0.024626209322779244 0.06875
0 0.7308707124010554 0.40390625 0.03869832893579595 0.046875
0 0.7594547053649956 0.43828125 0.0395778364116095 0.05
0 0.7022867194371152 0.9875 0.023746701846965697 0.021875