0 0.5175901495162709 0.9703125 0.029023746701846966 0.05625
0 0.609938434476693 0.60859375 0.025505716798592787 0.0609375
0 0.6257695690413368 0.540625 0.027264731750219876 0.071875
0 0.6499560246262093 0.43671875 0.0316622691292876 0.0734375
0 0.6706244503078276 0.3515625 0.026385224274406333 0.0609375
0 0.5255057167985928 0.33828125 0.025505716798592787 0.0734375
0 0.5158311345646438 0.2421875 0.025505716798592787 0.06875
0 0.538698328935796 0.24765625 0.027264731750219876 0.065625
0 0.55584872471416 0.17890625 0.029023746701846966 0.0578125
0 0.49868073878627966 0.1421875 0.040457343887423045 0.053125
0 0.49296394019349166 0.11015625 0.036939313984168866 0.046875
0 0.4890061565523307 0.07734375 0.03869832893579595 0.0484375
0 0.4841688654353562 0.03984375 0.036939313984168866 0.046875
0 0.05804749340369393 0.61171875 0.02198768689533861 0.06875
0 0.7427440633245382 0.06328125 0.02990325417766051 0.06875