0 0.12576956904133685 0.38984375 0.04573438874230431 0.034375
0 0.11345646437994723 0.65234375 0.03781882145998241 0.03125
0 0.1442392260334213 0.69140625 0.0395778364116095 0.0359375
0 0.2185576077396658 0.7625 0.04133685136323659 0.0375
0 0.2563764291996482 0.65859375 0.0395778364116095 0.040625
0 0.35312225153913807 0.63203125 0.0395778364116095 0.0390625
0 0.1838170624450308 0.37421875 0.03781882145998241 0.0328125
0 0.27088830255057167 0.35390625 0.040457343887423045 0.0359375
0 0.45074758135444154 0.3109375 0.03781882145998241 0.034375
0 0.49340369393139843 0.29765625 0.04133685136323659 0.0375
0 0.5461741424802111 0.28203125 0.0395778364116095 0.0375
0 0.5901495162708883 0.271875 0.03781882145998241 0.0359375
0 0.6921723834652594 0.23984375 0.03605980650835532 0.03125
0 0.5215479331574319 0.58671875 0.04221635883905013 0.0390625
0 0.5628847845206685 0.715625 0.040457343887423045 0.0390625
0 0.5624450307827616 0.93515625 0.03518029903254178 0.0359375
0 0.5637642919964819 0.9703125 0.04221635883905013 0.0359375
0 0.5171503957783641 0.9765625 0.03518029903254178 0.0359375