0 0.06728232189973615 0.87734375 0.04397537379067722 0.0625
0 0.36939313984168864 0.58984375 0.04133685136323659 0.0546875
0 0.2620932277924362 0.29296875 0.03518029903254178 0.0484375
0 0.27352682497801234 0.38125 0.03869832893579595 0.0515625
0 0.3175021987686895 0.32109375 0.03605980650835532 0.046875
0 0.3210202286719437 0.35703125 0.040457343887423045 0.0484375
0 0.32717678100263853 0.38828125 0.0316622691292876 0.046875
0 0.5101143359718557 0.11640625 0.024626209322779244 0.0546875
0 0.5378188214599824 0.09609375 0.022867194371152155 0.0546875
0 0.6688654353562006 0.5375 0.03869832893579595 0.046875
0 0.5879507475813545 0.96015625 0.04221635883905013 0.059375
0 0.862796833773087 0.49765625 0.03605980650835532 0.0453125
0 0.9076517150395779 0.7390625 0.040457343887423045 0.0515625
0 0.9784520668425681 0.559375 0.03869832893579595 0.05