0 0.34520668425681617 0.053125 0.03342128408091469 0.0578125
0 0.4045734388742304 0.58046875 0.03518029903254178 0.0625
0 0.4393139841688654 0.53515625 0.0316622691292876 0.0546875
0 0.5523306948109059 0.37109375 0.026385224274406333 0.065625
0 0.5743183817062445 0.35078125 0.028144239226033423 0.0734375
0 0.6209322779243623 0.32578125 0.019349164467897976 0.0625
0 0.6420404573438874 0.32265625 0.021108179419525065 0.0703125
0 0.6873350923482849 0.31953125 0.018469656992084433 0.071875
0 0.7119613016710642 0.3375 0.019349164467897976 0.0546875
0 0.762532981530343 0.3546875 0.027264731750219876 0.06875
0 0.8430079155672823 0.43828125 0.0316622691292876 0.065625
0 0.8852242744063324 0.49453125 0.036939313984168866 0.0703125
0 0.8632365875109939 0.4609375 0.03781882145998241 0.0734375
0 0.7937554969217239 0.60234375 0.03781882145998241 0.065625
0 0.8289357959542656 0.646875 0.0316622691292876 0.059375
0 0.7990325417766051 0.74765625 0.03869832893579595 0.0765625
0 0.7480211081794196 0.6765625 0.0395778364116095 0.071875
0 0.6965699208443272 0.60703125 0.036939313984168866 0.0734375
0 0.5021987686895338 0.7015625 0.03430079155672823 0.0625
0 0.42480211081794195 0.8453125 0.030782761653474055 0.0609375
0 0.43799472295514513 0.8796875 0.0395778364116095 0.06875
0 0.4714160070360598 0.9296875 0.03605980650835532 0.0640625
0 0.48768689533861037 0.95390625 0.03518029903254178 0.065625
0 0.604221635883905 0.8703125 0.03605980650835532 0.065625
0 0.6398416886543535 0.915625 0.036939313984168866 0.075
0 0.7058047493403694 0.875 0.032541776605101144 0.0640625
0 0.6561125769569042 0.9421875 0.04133685136323659 0.06875
0 0.6763412489006156 0.95703125 0.03342128408091469 0.046875