0 0.5778364116094987 0.028125 0.028144239226033423 0.05625
0 0.5496921723834652 0.01484375 0.028144239226033423 0.0296875
0 0.8100263852242744 0.28359375 0.036939313984168866 0.05625
0 0.7871591908531222 0.36953125 0.04133685136323659 0.059375
0 0.7484608619173263 0.29453125 0.03430079155672823 0.0546875
0 0.7405452946350044 0.33125 0.03781882145998241 0.05625
0 0.7326297273526825 0.35703125 0.032541776605101144 0.053125
0 0.6657871591908531 0.54140625 0.04309586631486367 0.0609375
0 0.5492524186455585 0.9359375 0.04397537379067722 0.065625
0 0.5083553210202286 0.9015625 0.04397537379067722 0.06875
0 0.4129287598944591 0.81796875 0.04221635883905013 0.0625
0 0.17326297273526825 0.2375 0.03869832893579595 0.053125
0 0.07783641160949868 0.31484375 0.03342128408091469 0.0546875
0 0.025945470536499562 0.2203125 0.036939313984168866 0.0421875
0 0.13060686015831136 0.51015625 0.03781882145998241 0.0609375
0 0.047493403693931395 0.38203125 0.03869832893579595 0.059375
0 0.5989445910290238 0.96484375 0.04133685136323659 0.04375