0 0.9731750219876869 0.67109375 0.0316622691292876 0.06875
0 0.8557607739665787 0.4359375 0.04221635883905013 0.0625
0 0.5 0.65078125 0.040457343887423045 0.0609375
0 0.5105540897097626 0.60703125 0.040457343887423045 0.059375
0 0.22031662269129287 0.87265625 0.0395778364116095 0.08125
0 0.2827616534740545 0.7328125 0.03518029903254178 0.0765625
0 0.29507475813544415 0.6171875 0.0316622691292876 0.0703125
0 0.3381706244503078 0.6203125 0.036939313984168866 0.0765625
0 0.06376429199648197 0.22578125 0.04221635883905013 0.059375
0 0.15919085312225154 0.2890625 0.04397537379067722 0.065625
0 0.2106420404573439 0.30546875 0.04309586631486367 0.0640625
0 0.2040457343887423 0.35703125 0.04133685136323659 0.0625
0 0.3518029903254178 0.37734375 0.03605980650835532 0.0796875
0 0.4019349164467898 0.3328125 0.032541776605101144 0.06875
0 0.45074758135444154 0.36328125 0.030782761653474055 0.0671875
0 0.40853122251539137 0.22578125 0.03430079155672823 0.0703125
0 0.4665787159190853 0.1796875 0.030782761653474055 0.0640625
0 0.41996481970096744 0.1375 0.03430079155672823 0.0671875
0 0.5184696569920845 0.0734375 0.032541776605101144 0.06875
0 0.9802110817941952 0.22421875 0.03781882145998241 0.0609375
0 0.8509234828496042 0.11796875 0.028144239226033423 0.04375
0 0.8355321020228672 0.2421875 0.03342128408091469 0.040625
0 0.8390501319261213 0.31796875 0.03430079155672823 0.04375
0 0.8474054529463501 0.35234375 0.025505716798592787 0.040625
0 0.8777484608619174 0.46953125 0.02990325417766051 0.040625