0 0.5686015831134564 0.9734375 0.029023746701846966 0.05
0 0.5404573438874231 0.9859375 0.029023746701846966 0.025
0 0.8056288478452067 0.7359375 0.03781882145998241 0.0578125
0 0.7845206684256816 0.6484375 0.04221635883905013 0.0625
0 0.7440633245382586 0.72109375 0.03518029903254178 0.05625
0 0.7370272647317502 0.68359375 0.03869832893579595 0.0578125
0 0.7295514511873351 0.6578125 0.03342128408091469 0.0546875
0 0.6662269129287599 0.46875 0.04397537379067722 0.0625
0 0.5576077396657871 0.0671875 0.044854881266490766 0.0671875
0 0.5162708883025505 0.09921875 0.044854881266490766 0.0703125
0 0.41952506596306066 0.1765625 0.04309586631486367 0.065625
0 0.16842568161829374 0.7421875 0.0395778364116095 0.0546875
0 0.0743183817062445 0.65859375 0.03430079155672823 0.0578125
0 0.020668425681618294 0.75 0.03781882145998241 0.04375
0 0.1310466138962181 0.4671875 0.03869832893579595 0.0625
0 0.04529463500439754 0.58984375 0.0395778364116095 0.0609375
0 0.6077396657871592 0.040625 0.04133685136323659 0.046875