0 0.9393139841688655 0.346875 0.0395778364116095 0.0328125
0 0.8707124010554089 0.4359375 0.03781882145998241 0.028125
0 0.9406332453825857 0.02890625 0.04925241864555849 0.03125
0 0.8817062445030783 0.03828125 0.04221635883905013 0.028125
0 0.7867194371152155 0.05078125 0.03869832893579595 0.0296875
0 0.5971855760773966 0.07265625 0.03869832893579595 0.03125
0 0.5527704485488126 0.078125 0.04309586631486367 0.0359375
0 0.4969217238346526 0.08359375 0.040457343887423045 0.0328125
0 0.4494283201407212 0.08828125 0.04309586631486367 0.0328125
0 0.3412489006156552 0.09375 0.04309586631486367 0.034375
0 0.5325417766051012 0.3921875 0.03781882145998241 0.046875
0 0.525065963060686 0.528125 0.040457343887423045 0.03125
0 0.5998240985048373 0.759375 0.03605980650835532 0.0296875
0 0.5505716798592788 0.771875 0.03605980650835532 0.0265625
0 0.5488126649076517 0.7375 0.0316622691292876 0.0328125
0 0.5510114335971856 0.809375 0.0316622691292876 0.0296875
0 0.3390501319261214 0.9640625 0.016710642040457344 0.05625
0 0.3073878627968338 0.97421875 0.016710642040457344 0.0484375
0 0.8236587510993844 0.36015625 0.04221635883905013 0.0359375
0 0.016270888302550572 0.18828125 0.032541776605101144 0.0390625
0 0.6037818821459983 0.85078125 0.03342128408091469 0.03125