0 0.027704485488126648 0.17421875 0.02990325417766051 0.0546875
0 0.2598944591029024 0.67265625 0.03605980650835532 0.0640625
0 0.2880386983289358 0.66015625 0.03518029903254178 0.0609375
0 0.25857519788918204 0.59765625 0.03518029903254178 0.0578125
0 0.22911169744942833 0.5359375 0.03342128408091469 0.0578125
0 0.2247141600703606 0.44609375 0.0316622691292876 0.0546875
0 0.11565523306948108 0.44921875 0.02990325417766051 0.053125
0 0.15127528583992964 0.296875 0.02990325417766051 0.0515625
0 0.1279683377308707 0.253125 0.027264731750219876 0.0484375
0 0.4204045734388742 0.8171875 0.03430079155672823 0.0671875
0 0.4050131926121372 0.7640625 0.03518029903254178 0.0671875
0 0.49912049252418644 0.65234375 0.03430079155672823 0.0609375
0 0.8073878627968337 0.33359375 0.02990325417766051 0.059375
0 0.7348284960422163 0.2625 0.0316622691292876 0.05625
0 0.7159190853122251 0.165625 0.0316622691292876 0.059375