0 0.8654353562005277 0.40234375 0.04309586631486367 0.05625
0 0.8192612137203166 0.36640625 0.036939313984168866 0.0484375
0 0.7440633245382586 0.30859375 0.0395778364116095 0.0484375
0 0.5804749340369393 0.17265625 0.03781882145998241 0.0515625
0 0.5400175901495162 0.13828125 0.03781882145998241 0.0515625
0 0.9832893579595426 0.565625 0.0316622691292876 0.05625
0 0.7946350043975374 0.66875 0.03518029903254178 0.040625
0 0.7757255936675461 0.60625 0.03342128408091469 0.0421875
0 0.7018469656992085 0.59140625 0.03781882145998241 0.04375
0 0.4916446789797713 0.096875 0.0395778364116095 0.059375
0 0.45030782761653476 0.0625 0.04309586631486367 0.053125
0 0.40897097625329815 0.51484375 0.040457343887423045 0.05
0 0.4160070360598065 0.778125 0.03781882145998241 0.04375
0 0.3759894459102902 0.71796875 0.0316622691292876 0.0375
0 0.3702726473175022 0.75078125 0.03869832893579595 0.046875
0 0.36103781882145997 0.78359375 0.03342128408091469 0.0390625
0 0.11873350923482849 0.76796875 0.021108179419525065 0.0625
0 0.0839929639401935 0.7546875 0.025505716798592787 0.059375
0 0.3966578715919085 0.85859375 0.03430079155672823 0.046875