0 0.9164467897977133 0.64453125 0.03781882145998241 0.0359375
0 0.8663148636763413 0.64609375 0.04133685136323659 0.0359375
0 0.8975373790677221 0.89921875 0.03605980650835532 0.040625
0 0.8465259454705365 0.8875 0.04573438874230431 0.040625
0 0.783641160949868 0.8734375 0.04133685136323659 0.0421875
0 0.7440633245382586 0.865625 0.032541776605101144 0.0359375
0 0.6182937554969217 0.740625 0.040457343887423045 0.0375
0 0.5255057167985928 0.7953125 0.03781882145998241 0.0390625
0 0.48197009674582236 0.7859375 0.03781882145998241 0.0359375
0 0.3649956024626209 0.6515625 0.04221635883905013 0.0421875
0 0.33773087071240104 0.74453125 0.0395778364116095 0.0390625
0 0.015391380826737027 0.615625 0.030782761653474055 0.071875
0 0.07387862796833773 0.26640625 0.022867194371152155 0.0734375
0 0.0839929639401935 0.159375 0.027264731750219876 0.084375
0 0.005716798592788039 0.76796875 0.011433597185576077 0.0828125