0 0.9705364995602462 0.44609375 0.0395778364116095 0.0375
0 0.9481090589270009 0.496875 0.040457343887423045 0.0375
0 0.9270008795074758 0.19375 0.04309586631486367 0.0375
0 0.8707124010554089 0.20859375 0.03869832893579595 0.0390625
0 0.7845206684256816 0.2296875 0.040457343887423045 0.040625
0 0.6015831134564644 0.2671875 0.03869832893579595 0.0375
0 0.5932277924362357 0.56796875 0.03781882145998241 0.0390625
0 0.8359718557607739 0.51484375 0.04397537379067722 0.0453125
0 0.7616534740545294 0.6171875 0.040457343887423045 0.0421875
0 0.548372911169745 0.71171875 0.0395778364116095 0.0390625
0 0.559806508355321 0.2765625 0.040457343887423045 0.040625
0 0.5052770448548812 0.2890625 0.040457343887423045 0.0453125
0 0.46262093227792433 0.2953125 0.040457343887423045 0.0390625
0 0.3605980650835532 0.3125 0.04397537379067722 0.040625
0 0.27660510114335973 0.63125 0.04573438874230431 0.0421875
0 0.5817941952506597 0.96171875 0.03869832893579595 0.0359375
0 0.6288478452066842 0.94296875 0.04309586631486367 0.0453125
0 0.5787159190853123 0.92265625 0.03342128408091469 0.0390625
0 0.016710642040457344 0.43359375 0.03342128408091469 0.0453125