0 0.9428320140721196 0.4296875 0.040457343887423045 0.0328125
0 0.9626209322779243 0.1140625 0.04661389621811785 0.040625
0 0.9041336851363236 0.11015625 0.04397537379067722 0.0359375
0 0.8113456464379947 0.109375 0.04661389621811785 0.034375
0 0.8192612137203166 0.42109375 0.04133685136323659 0.040625
0 0.7357080035180299 0.49921875 0.04133685136323659 0.0359375
0 0.521108179419525 0.53671875 0.03781882145998241 0.0328125
0 0.47405452946350046 0.45234375 0.0316622691292876 0.0578125
0 0.6187335092348285 0.096875 0.0395778364116095 0.0328125
0 0.5729991204925242 0.09375 0.04133685136323659 0.0359375
0 0.5175901495162709 0.0875 0.04133685136323659 0.0328125
0 0.470976253298153 0.084375 0.04309586631486367 0.0359375
0 0.3619173262972735 0.075 0.04309586631486367 0.03125
0 0.5804749340369393 0.78046875 0.036939313984168866 0.03125
0 0.5778364116094987 0.871875 0.036939313984168866 0.0328125
0 0.5316622691292876 0.7828125 0.03781882145998241 0.0296875
0 0.5325417766051012 0.7484375 0.0316622691292876 0.0375
0 0.08575197889182058 0.1078125 0.044854881266490766 0.0375
0 0.530782761653474 0.8203125 0.03342128408091469 0.0328125
0 0.30826737027264733 0.93671875 0.019349164467897976 0.0609375
0 0.2770448548812665 0.94296875 0.018469656992084433 0.053125