0 0.1442392260334213 0.9015625 0.04397537379067722 0.05625
0 0.21284080914687775 0.715625 0.03781882145998241 0.046875
0 0.3065083553210202 0.8421875 0.0395778364116095 0.0515625
0 0.33773087071240104 0.74609375 0.03781882145998241 0.0453125
0 0.38214599824098505 0.6828125 0.040457343887423045 0.0515625
0 0.4982409850483729 0.68125 0.03781882145998241 0.0421875
0 0.4859278803869833 0.64375 0.036939313984168866 0.0453125
0 0.41424802110817943 0.4546875 0.023746701846965697 0.065625
0 0.38742304309586634 0.446875 0.026385224274406333 0.065625
0 0.3997361477572559 0.38046875 0.026385224274406333 0.0671875
0 0.38522427440633245 0.30234375 0.022867194371152155 0.0625
0 0.33289357959542654 0.3265625 0.02198768689533861 0.059375
0 0.3988566402814424 0.2234375 0.02198768689533861 0.0578125
0 0.3649956024626209 0.040625 0.022867194371152155 0.0578125
0 0.8087071240105541 0.4671875 0.03869832893579595 0.046875
0 0.9362357080035181 0.27109375 0.036939313984168866 0.04375