0 0.030782761653474055 0.49921875 0.040457343887423045 0.0328125
0 0.054969217238346524 0.5828125 0.03781882145998241 0.0328125
0 0.16886543535620052 0.59140625 0.04221635883905013 0.0375
0 0.3676341248900616 0.62578125 0.03869832893579595 0.0359375
0 0.47493403693931396 0.46640625 0.04133685136323659 0.03125
0 0.4124890061565523 0.22578125 0.03781882145998241 0.03125
0 0.4621811785400176 0.25546875 0.0316622691292876 0.034375
0 0.4630606860158311 0.221875 0.03781882145998241 0.0328125
0 0.46130167106420406 0.1859375 0.03781882145998241 0.0296875
0 0.41424802110817943 0.13515625 0.032541776605101144 0.03125
0 0.6838170624450308 0.0625 0.018469656992084433 0.059375
0 0.7154793315743184 0.05859375 0.016710642040457344 0.0546875
0 0.036939313984168866 0.9 0.048372911169744945 0.0390625
0 0.09718557607739665 0.90078125 0.04397537379067722 0.0359375
0 0.18865435356200527 0.9015625 0.04397537379067722 0.0359375
0 0.3808267370272647 0.91015625 0.04133685136323659 0.034375
0 0.4256816182937555 0.91171875 0.044854881266490766 0.040625
0 0.48197009674582236 0.91640625 0.04133685136323659 0.034375
0 0.5259454705364995 0.9171875 0.04309586631486367 0.034375
0 0.6358839050131926 0.92578125 0.044854881266490766 0.0328125
0 0.9828496042216359 0.8890625 0.013192612137203167 0.0359375