0 0.4635004397537379 0.0984375 0.028144239226033423 0.075
0 0.42744063324538256 0.14609375 0.029023746701846966 0.0734375
0 0.4415127528583993 0.2984375 0.025505716798592787 0.0734375
0 0.5593667546174143 0.52265625 0.040457343887423045 0.05
0 0.5470536499560247 0.5640625 0.0395778364116095 0.053125
0 0.027264731750219876 0.24609375 0.04925241864555849 0.059375
0 0.08575197889182058 0.20546875 0.04221635883905013 0.053125
0 0.22559366754617413 0.31015625 0.04221635883905013 0.0484375
0 0.218117854001759 0.3546875 0.04397537379067722 0.0546875
0 0.38698328935795956 0.57109375 0.02990325417766051 0.0765625
0 0.34784520668425684 0.66875 0.027264731750219876 0.0671875
0 0.33509234828496043 0.775 0.025505716798592787 0.0765625
0 0.31706244503078274 0.9640625 0.029023746701846966 0.06875
0 0.2906772207563764 0.96171875 0.029023746701846966 0.075
0 0.28100263852242746 0.75859375 0.02990325417766051 0.071875
0 0.4687774846086192 0.0234375 0.02198768689533861 0.0453125