0 0.0870712401055409 0.96796875 0.026385224274406333 0.0609375
0 0.30299032541776605 0.70390625 0.04309586631486367 0.0359375
0 0.2959542656112577 0.60390625 0.04397537379067722 0.046875
0 0.23526824978012312 0.46484375 0.03605980650835532 0.04375
0 0.24406332453825857 0.40546875 0.04133685136323659 0.0359375
0 0.32717678100263853 0.31328125 0.03869832893579595 0.0359375
0 0.3830255057167986 0.403125 0.04133685136323659 0.0375
0 0.46701846965699206 0.40078125 0.03869832893579595 0.0328125
0 0.530782761653474 0.39765625 0.04133685136323659 0.0328125
0 0.35883905013192613 0.70078125 0.040457343887423045 0.034375
0 0.4467897977132806 0.69453125 0.03869832893579595 0.03125
0 0.6288478452066842 0.68671875 0.03869832893579595 0.034375
0 0.6715039577836411 0.68359375 0.04309586631486367 0.0359375
0 0.7260334212840809 0.684375 0.04133685136323659 0.0328125
0 0.7713280562884784 0.6828125 0.04221635883905013 0.034375
0 0.8755496921723834 0.68203125 0.03605980650835532 0.0296875
0 0.6934916446789797 0.2546875 0.040457343887423045 0.0359375
0 0.6226912928759895 0.015625 0.028144239226033423 0.03125
0 0.667985927880387 0.0359375 0.03605980650835532 0.0296875
0 0.6649076517150396 0.009375 0.040457343887423045 0.01875