0 0.3909410729991205 0.4328125 0.03869832893579595 0.0484375
0 0.41160949868073876 0.3984375 0.03869832893579595 0.0484375
0 0.41644678979771327 0.90234375 0.028144239226033423 0.075
0 0.4551451187335092 0.8859375 0.027264731750219876 0.06875
0 0.4604221635883905 0.74765625 0.026385224274406333 0.065625
0 0.5391380826737028 0.5703125 0.027264731750219876 0.06875
0 0.6213720316622692 0.38359375 0.027264731750219876 0.065625
0 0.6481970096745823 0.28828125 0.030782761653474055 0.078125
0 0.6956904133685137 0.34140625 0.027264731750219876 0.0703125
0 0.7005277044854882 0.09375 0.027264731750219876 0.06875
0 0.7321899736147758 0.090625 0.029023746701846966 0.0734375
0 0.6939313984168866 0.76171875 0.04133685136323659 0.0546875
0 0.6926121372031663 0.8078125 0.040457343887423045 0.0453125
0 0.9133685136323659 0.9859375 0.044854881266490766 0.025
0 0.7985927880386984 0.96640625 0.040457343887423045 0.0515625
0 0.3970976253298153 0.96875 0.026385224274406333 0.04375