0 0.16974494283201408 0.034375 0.04309586631486367 0.0546875
0 0.22735268249780125 0.23203125 0.036939313984168866 0.04375
0 0.3280562884784521 0.1234375 0.03869832893579595 0.0484375
0 0.35312225153913807 0.225 0.036939313984168866 0.0421875
0 0.3935795954265611 0.29609375 0.0395778364116095 0.05
0 0.5087950747581355 0.31953125 0.036939313984168866 0.0390625
0 0.4947229551451187 0.35390625 0.03605980650835532 0.0421875
0 0.41204925241864554 0.52890625 0.02198768689533861 0.0640625
0 0.38478452066842567 0.53203125 0.024626209322779244 0.0640625
0 0.39313984168865435 0.60078125 0.024626209322779244 0.065625
0 0.37423043095866315 0.675 0.021108179419525065 0.0609375
0 0.3232189973614776 0.64140625 0.020228671943711522 0.059375
0 0.3830255057167986 0.75625 0.021108179419525065 0.05625
0 0.3386103781882146 0.93203125 0.02198768689533861 0.05625
0 0.8047493403693932 0.58984375 0.03781882145998241 0.04375
0 0.9204045734388743 0.80859375 0.03605980650835532 0.040625