0 0.12049252418645559 0.728125 0.04397537379067722 0.0546875
0 0.1723834652594547 0.75078125 0.0395778364116095 0.0484375
0 0.25241864555848725 0.78359375 0.03605980650835532 0.046875
0 0.43007915567282323 0.86015625 0.040457343887423045 0.0515625
0 0.16402814423922604 0.44375 0.0395778364116095 0.05
0 0.2185576077396658 0.50703125 0.03518029903254178 0.0453125
0 0.26517150395778366 0.4859375 0.040457343887423045 0.05
0 0.5646437994722955 0.465625 0.04133685136323659 0.0484375
0 0.5285839929639402 0.21015625 0.040457343887423045 0.0484375
0 0.5738786279683378 0.2546875 0.03342128408091469 0.0390625
0 0.5782761653474054 0.21875 0.0395778364116095 0.0453125
0 0.5408970976253298 0.12109375 0.03430079155672823 0.04375
0 0.5826737027264732 0.1859375 0.03430079155672823 0.040625
0 0.4731750219876869 0.878125 0.04221635883905013 0.053125
0 0.5255057167985928 0.90625 0.04309586631486367 0.059375
0 0.5712401055408971 0.9234375 0.04309586631486367 0.0515625
0 0.8179419525065963 0.12578125 0.023746701846965697 0.0625
0 0.8544415127528584 0.12578125 0.025505716798592787 0.059375