0 0.38214599824098505 0.975 0.03430079155672823 0.046875
0 0.3988566402814424 0.44375 0.03518029903254178 0.0625
0 0.4371152154793316 0.48046875 0.0316622691292876 0.0546875
0 0.5620052770448549 0.61484375 0.026385224274406333 0.065625
0 0.5853122251539138 0.6296875 0.028144239226033423 0.0734375
0 0.633245382585752 0.6421875 0.019349164467897976 0.0625
0 0.6543535620052771 0.640625 0.021108179419525065 0.0703125
0 0.6996481970096746 0.6328125 0.018469656992084433 0.071875
0 0.7225153913808268 0.60859375 0.019349164467897976 0.0546875
0 0.7717678100263852 0.57890625 0.027264731750219876 0.06875
0 0.8447669305189094 0.47578125 0.0316622691292876 0.065625
0 0.8817062445030783 0.41015625 0.036939313984168866 0.0703125
0 0.8623570800351803 0.4484375 0.03781882145998241 0.0734375
0 0.7827616534740546 0.3265625 0.03781882145998241 0.065625
0 0.8139841688654353 0.27265625 0.0316622691292876 0.059375
0 0.7766051011433597 0.18046875 0.03869832893579595 0.0765625
0 0.731750219876869 0.26328125 0.0395778364116095 0.071875
0 0.6860158311345647 0.3453125 0.036939313984168866 0.0734375
0 0.48636763412489004 0.3 0.03430079155672823 0.0625
0 0.3988566402814424 0.1765625 0.030782761653474055 0.0609375
0 0.40853122251539137 0.1390625 0.0395778364116095 0.06875
0 0.43799472295514513 0.08203125 0.03605980650835532 0.0640625
0 0.4525065963060686 0.053125 0.03518029903254178 0.065625
0 0.5738786279683378 0.1078125 0.03605980650835532 0.065625
0 0.6059806508355321 0.05390625 0.036939313984168866 0.075
0 0.6741424802110818 0.078125 0.032541776605101144 0.0640625
0 0.6200527704485488 0.0296875 0.04221635883905013 0.059375
0 0.63896218117854 0.0140625 0.03430079155672823 0.028125