0 0.9648197009674582 0.57734375 0.03869832893579595 0.0296875
0 0.9379947229551451 0.62265625 0.0395778364116095 0.0296875
0 0.810905892700088 0.70234375 0.03869832893579595 0.0328125
0 0.8254177660510115 0.6125 0.0395778364116095 0.034375
0 0.9428320140721196 0.32265625 0.04397537379067722 0.0296875
0 0.8852242744063324 0.3171875 0.03781882145998241 0.03125
0 0.8007915567282322 0.31640625 0.04133685136323659 0.0296875
0 0.6539138082673702 0.59921875 0.03781882145998241 0.0359375
0 0.6160949868073878 0.30390625 0.0395778364116095 0.0296875
0 0.5721196130167107 0.3015625 0.03781882145998241 0.034375
0 0.5197889182058048 0.2984375 0.03869832893579595 0.03125
0 0.4731750219876869 0.29296875 0.040457343887423045 0.0296875
0 0.37247141600703604 0.28125 0.0395778364116095 0.03125
0 0.3755496921723835 0.578125 0.040457343887423045 0.03125
0 0.5241864555848724 0.72734375 0.040457343887423045 0.0296875
0 0.5360598065083553 0.95 0.030782761653474055 0.025
0 0.5356200527704486 0.98203125 0.03518029903254178 0.0328125
0 0.5857519788918206 0.9796875 0.03869832893579595 0.03125
0 0.01978891820580475 0.3078125 0.0395778364116095 0.034375