0 0.7106420404573439 0.2796875 0.040457343887423045 0.040625
0 0.7546174142480211 0.2875 0.0395778364116095 0.0375
0 0.9019349164467898 0.32421875 0.0395778364116095 0.040625
0 0.6204925241864556 0.353125 0.04133685136323659 0.04375
0 0.48768689533861037 0.2203125 0.03430079155672823 0.0375
0 0.4489885664028144 0.21171875 0.0395778364116095 0.0359375
0 0.38478452066842567 0.2015625 0.04661389621811785 0.0453125
0 0.33421284080914687 0.1890625 0.03518029903254178 0.0359375
0 0.2985927880386983 0.26796875 0.04221635883905013 0.040625
0 0.16051011433597184 0.14765625 0.040457343887423045 0.0390625
0 0.11521547933157432 0.1359375 0.040457343887423045 0.0375
0 0.06728232189973615 0.12734375 0.04221635883905013 0.0390625
0 0.12401055408970976 0.38515625 0.03869832893579595 0.0390625
0 0.27396657871591906 0.4328125 0.03605980650835532 0.0421875
0 0.3153034300791557 0.44296875 0.03781882145998241 0.034375
0 0.3671943711521548 0.44296875 0.040457343887423045 0.0375
0 0.31838170624450307 0.48671875 0.03342128408091469 0.03125
0 0.27132805628847845 0.54375 0.03605980650835532 0.0703125
0 0.25549692172383465 0.5609375 0.032541776605101144 0.0578125
0 0.2405452946350044 0.578125 0.036939313984168866 0.065625
0 0.22295514511873352 0.59609375 0.032541776605101144 0.0625