0 0.9819700967458224 0.44765625 0.02990325417766051 0.0671875
0 0.8342128408091469 0.27421875 0.040457343887423045 0.059375
0 0.5219876868953386 0.64609375 0.03869832893579595 0.0578125
0 0.5259454705364995 0.59921875 0.0395778364116095 0.05625
0 0.2849604221635884 0.9734375 0.03869832893579595 0.05
0 0.32409850483729113 0.825 0.03342128408091469 0.0734375
0 0.31882145998240985 0.70703125 0.02990325417766051 0.06875
0 0.36147757255936674 0.690625 0.03518029903254178 0.075
0 0.03869832893579595 0.4359375 0.04133685136323659 0.0546875
0 0.13984168865435356 0.453125 0.04221635883905013 0.0625
0 0.19217238346525944 0.4453125 0.04133685136323659 0.0609375
0 0.19349164467897978 0.49765625 0.0395778364116095 0.059375
0 0.3390501319261214 0.45 0.03430079155672823 0.0765625
0 0.3808267370272647 0.384375 0.030782761653474055 0.0671875
0 0.43271767810026385 0.390625 0.029023746701846966 0.065625
0 0.3720316622691293 0.27734375 0.032541776605101144 0.0671875
0 0.4212840809146878 0.20625 0.02990325417766051 0.0625
0 0.3698328935795954 0.18671875 0.032541776605101144 0.0640625
0 0.455584872471416 0.0796875 0.030782761653474055 0.0671875
0 0.9278803869832893 0.0203125 0.04573438874230431 0.040625
0 0.7867194371152155 0.096875 0.032541776605101144 0.0390625
0 0.8007915567282322 0.16796875 0.03342128408091469 0.0421875
0 0.8139841688654353 0.19765625 0.024626209322779244 0.0390625
0 0.8601583113456465 0.296875 0.029023746701846966 0.0375