0 0.3412489006156552 0.45078125 0.04133685136323659 0.0609375
0 0.22119613016710643 0.625 0.0395778364116095 0.05625
0 0.2594547053649956 0.696875 0.03342128408091469 0.0546875
0 0.2678100263852243 0.66171875 0.036939313984168866 0.0578125
0 0.2752858399296394 0.63125 0.03342128408091469 0.053125
0 0.4309586631486368 0.965625 0.025505716798592787 0.05625
0 0.4577836411609499 0.98203125 0.027264731750219876 0.0328125
0 0.45646437994722955 0.05703125 0.04221635883905013 0.05625
0 0.4982409850483729 0.0921875 0.0395778364116095 0.059375
0 0.5936675461741425 0.1765625 0.03869832893579595 0.0578125
0 0.787598944591029 0.72265625 0.03518029903254178 0.0484375
0 0.8773087071240105 0.484375 0.03518029903254178 0.0515625
0 0.94415127528584 0.775 0.03605980650835532 0.0390625
0 0.93051890941073 0.67890625 0.036939313984168866 0.046875
0 0.9626209322779243 0.60703125 0.03605980650835532 0.0578125
0 0.07299912049252419 0.0796875 0.04573438874230431 0.0609375
0 0.19920844327176782 0.70859375 0.03518029903254178 0.053125