0 0.924802110817942 0.50078125 0.040457343887423045 0.0359375
0 0.9595426561125769 0.80546875 0.04925241864555849 0.040625
0 0.9032541776605101 0.81953125 0.04309586631486367 0.0390625
0 0.8144239226033422 0.8390625 0.04661389621811785 0.0390625
0 0.8144239226033422 0.53125 0.04221635883905013 0.040625
0 0.7273526824978013 0.58828125 0.03605980650835532 0.0328125
0 0.6257695690413368 0.88359375 0.03869832893579595 0.034375
0 0.5057167985927881 0.4671875 0.040457343887423045 0.0390625
0 0.5527704485488126 0.215625 0.03605980650835532 0.0328125
0 0.5439753737906772 0.1265625 0.0395778364116095 0.0328125
0 0.5013192612137203 0.18515625 0.03342128408091469 0.03125
0 0.5030782761653474 0.21953125 0.03518029903254178 0.03125
0 0.5061565523306948 0.253125 0.0316622691292876 0.0328125
0 0.5813544415127528 0.8953125 0.04133685136323659 0.040625
0 0.5259454705364995 0.9125 0.040457343887423045 0.0421875
0 0.480650835532102 0.92734375 0.04309586631486367 0.0390625
0 0.37247141600703604 0.95625 0.04309586631486367 0.0375
0 0.2752858399296394 0.1046875 0.020228671943711522 0.0578125
0 0.2423043095866315 0.103125 0.021108179419525065 0.0609375