0 0.920844327176781 0.5921875 0.036939313984168866 0.03125
0 0.8711521547933158 0.6 0.040457343887423045 0.03125
0 0.9124890061565524 0.84921875 0.03518029903254178 0.0359375
0 0.86103781882146 0.84375 0.044854881266490766 0.0359375
0 0.797273526824978 0.8375 0.040457343887423045 0.0375
0 0.7576956904133685 0.834375 0.0316622691292876 0.0328125
0 0.627528583992964 0.72578125 0.0395778364116095 0.0328125
0 0.5373790677220757 0.79140625 0.036939313984168866 0.034375
0 0.49340369393139843 0.7875 0.036939313984168866 0.03125
0 0.37115215479331576 0.66796875 0.04133685136323659 0.0375
0 0.34784520668425684 0.7640625 0.03869832893579595 0.034375
0 0.01759014951627089 0.67578125 0.03518029903254178 0.0671875
0 0.06596306068601583 0.31953125 0.020228671943711522 0.071875
0 0.07167985927880387 0.2125 0.024626209322779244 0.08125
0 0.010554089709762533 0.82890625 0.021108179419525065 0.0796875