0 0.7304309586631487 0.10078125 0.03869832893579595 0.071875
0 0.6627088830255057 0.2578125 0.03430079155672823 0.0671875
0 0.671943711521548 0.32109375 0.03342128408091469 0.0640625
0 0.6077396657871592 0.3625 0.03605980650835532 0.0671875
0 0.6503957783641161 0.4671875 0.03518029903254178 0.06875
0 0.5708003518029904 0.58359375 0.0316622691292876 0.059375
0 0.49120492524186454 0.63046875 0.030782761653474055 0.0578125
0 0.5857519788918206 0.66015625 0.03430079155672823 0.0546875
0 0.5228671943711521 0.709375 0.03518029903254178 0.05625
0 0.4687774846086192 0.8109375 0.0316622691292876 0.059375
0 0.31354441512752856 0.92265625 0.0316622691292876 0.05625
0 0.7563764291996482 0.61875 0.03781882145998241 0.0640625
0 0.7634124890061565 0.56796875 0.03518029903254178 0.0625
0 0.8016710642040458 0.628125 0.0395778364116095 0.065625
0 0.8970976253298153 0.69453125 0.03518029903254178 0.059375
0 0.4736147757255937 0.2703125 0.03430079155672823 0.0640625
0 0.4635004397537379 0.315625 0.03869832893579595 0.065625
0 0.11213720316622691 0.48125 0.04133685136323659 0.05
0 0.13016710642040458 0.60078125 0.03342128408091469 0.0359375
0 0.9894459102902374 0.84921875 0.019349164467897976 0.0578125
0 0.5496921723834652 0.78203125 0.030782761653474055 0.059375
0 0.05760773966578716 0.9765625 0.023746701846965697 0.04375
0 0.07475813544415127 0.95234375 0.026385224274406333 0.053125
0 0.08135444151275285 0.92109375 0.018469656992084433 0.028125
0 0.11961301671064203 0.79921875 0.027264731750219876 0.04375
0 0.13236587510993844 0.67890625 0.03518029903254178 0.0296875
0 0.1248900615655233 0.5671875 0.027264731750219876 0.034375
0 0.0901495162708883 0.4453125 0.028144239226033423 0.0453125