0 0.11565523306948108 0.9921875 0.044854881266490766 0.0125
0 0.3817062445030783 0.63203125 0.04133685136323659 0.0546875
0 0.24406332453825857 0.37734375 0.03430079155672823 0.046875
0 0.26517150395778366 0.46015625 0.03781882145998241 0.05
0 0.3016710642040457 0.38671875 0.03518029903254178 0.0453125
0 0.3087071240105541 0.4203125 0.0395778364116095 0.0484375
0 0.31838170624450307 0.44921875 0.030782761653474055 0.046875
0 0.4687774846086192 0.11953125 0.024626209322779244 0.0546875
0 0.4938434476693052 0.090625 0.022867194371152155 0.0546875
0 0.669744942832014 0.4796875 0.03869832893579595 0.046875
0 0.6354441512752859 0.921875 0.04221635883905013 0.0578125
0 0.8557607739665787 0.375 0.03605980650835532 0.04375
0 0.9256816182937555 0.59609375 0.0395778364116095 0.0515625
0 0.9762532981530343 0.39609375 0.03781882145998241 0.0484375