0 0.8509234828496042 0.75703125 0.04661389621811785 0.0359375
0 0.8962181178540017 0.50625 0.03869832893579595 0.0328125
0 0.8707124010554089 0.45546875 0.0395778364116095 0.0375
0 0.8078276165347406 0.35703125 0.04133685136323659 0.0375
0 0.7572559366754618 0.44296875 0.0395778364116095 0.0421875
0 0.6600703605980651 0.43046875 0.0395778364116095 0.040625
0 0.7919964819700968 0.7484375 0.03781882145998241 0.034375
0 0.7049252418645559 0.73359375 0.040457343887423045 0.0359375
0 0.5241864555848724 0.70390625 0.03781882145998241 0.0359375
0 0.4810905892700088 0.7 0.04133685136323659 0.0375
0 0.42744063324538256 0.69375 0.0395778364116095 0.0390625
0 0.3834652594547054 0.6859375 0.03781882145998241 0.0375
0 0.2801231310466139 0.67734375 0.036939313984168866 0.0328125
0 0.48988566402814426 0.40625 0.04221635883905013 0.0390625
0 0.46613896218117856 0.26484375 0.040457343887423045 0.040625
0 0.49428320140721194 0.05078125 0.03518029903254178 0.0359375
0 0.4973614775725594 0.01796875 0.04309586631486367 0.0359375
0 0.5435356200527705 0.02890625 0.03518029903254178 0.0359375