0 0.9621811785400176 0.159375 0.040457343887423045 0.040625
0 0.9204045734388743 0.16796875 0.04221635883905013 0.0375
0 0.8500439753737907 0.18125 0.04133685136323659 0.0375
0 0.8012313104661389 0.18359375 0.0395778364116095 0.0328125
0 0.7554969217238346 0.19609375 0.0395778364116095 0.034375
0 0.7832014072119613 0.2828125 0.04309586631486367 0.040625
0 0.7871591908531222 0.434375 0.0395778364116095 0.0328125
0 0.6341248900615655 0.47265625 0.03518029903254178 0.0359375
0 0.5954265611257695 0.48203125 0.036939313984168866 0.03125
0 0.5426561125769569 0.478125 0.040457343887423045 0.0375
0 0.5897097625329816 0.5234375 0.04133685136323659 0.0375
0 0.6363236587510994 0.58359375 0.03342128408091469 0.0625
0 0.6525945470536499 0.6015625 0.0316622691292876 0.0609375
0 0.6675461741424802 0.62109375 0.03342128408091469 0.0671875
0 0.6860158311345647 0.63984375 0.03430079155672823 0.0609375
0 0.5809146877748461 0.22734375 0.036939313984168866 0.0375
0 0.5285839929639402 0.2359375 0.04309586631486367 0.040625
0 0.4656992084432718 0.24296875 0.040457343887423045 0.0390625
0 0.4366754617414248 0.346875 0.04221635883905013 0.0421875
0 0.42480211081794195 0.2515625 0.03342128408091469 0.0375
0 0.19920844327176782 0.28984375 0.0395778364116095 0.0359375
0 0.1547933157431838 0.296875 0.040457343887423045 0.0390625
0 0.013192612137203167 0.32265625 0.026385224274406333 0.0421875