0 0.8562005277044855 0.1890625 0.03342128408091469 0.0265625
0 0.8051890941072999 0.19296875 0.04397537379067722 0.0328125
0 0.7423043095866315 0.19296875 0.0395778364116095 0.034375
0 0.7022867194371152 0.19375 0.0316622691292876 0.0328125
0 0.6490765171503958 0.2875 0.0395778364116095 0.03125
0 0.4815303430079156 0.21953125 0.03605980650835532 0.0328125
0 0.4371152154793316 0.21796875 0.036939313984168866 0.034375
0 0.36895338610378187 0.32578125 0.040457343887423045 0.0375
0 0.29023746701846964 0.2328125 0.03869832893579595 0.0375
0 0.810905892700088 0.434375 0.040457343887423045 0.0359375
0 0.8605980650835532 0.4453125 0.03430079155672823 0.0296875
0 0.9032541776605101 0.43984375 0.03342128408091469 0.0359375
0 0.9313984168865436 0.584375 0.030782761653474055 0.0546875
0 0.9173262972735268 0.565625 0.028144239226033423 0.053125
0 0.9481090589270009 0.609375 0.029023746701846966 0.0515625