0 0.5430958663148637 0.94375 0.03605980650835532 0.0359375
0 0.617854001759015 0.93828125 0.0395778364116095 0.04375
0 0.5228671943711521 0.50390625 0.020228671943711522 0.075
0 0.5646437994722955 0.48671875 0.020228671943711522 0.0625
0 0.9098504837291117 0.8484375 0.0395778364116095 0.0421875
0 0.7115215479331575 0.4296875 0.027264731750219876 0.071875
0 0.7365875109938435 0.4109375 0.0316622691292876 0.071875
0 0.7788038698328936 0.35859375 0.02990325417766051 0.0671875
0 0.7941952506596306 0.33046875 0.03430079155672823 0.0703125
0 0.8271767810026385 0.26484375 0.036939313984168866 0.06875
0 0.8364116094986808 0.22109375 0.028144239226033423 0.046875
0 0.8641160949868074 0.1328125 0.04309586631486367 0.059375
0 0.7031662269129287 0.06875 0.04573438874230431 0.040625
0 0.4133685136323659 0.1578125 0.044854881266490766 0.0421875
0 0.41688654353562005 0.2734375 0.044854881266490766 0.0453125
0 0.5290237467018469 0.29140625 0.0395778364116095 0.0390625
0 0.5215479331574319 0.04375 0.04309586631486367 0.0453125
0 0.4239226033421284 0.3140625 0.03518029903254178 0.0359375