0 0.6411609498680739 0.9140625 0.02198768689533861 0.0765625
0 0.6354441512752859 0.79453125 0.024626209322779244 0.0734375
0 0.6666666666666666 0.7375 0.018469656992084433 0.071875
0 0.6306068601583114 0.534375 0.02198768689533861 0.06875
0 0.6798592788038699 0.28359375 0.018469656992084433 0.06875
0 0.6926121372031663 0.20390625 0.0316622691292876 0.0765625
0 0.648636763412489 0.09375 0.02198768689533861 0.0734375
0 0.7343887423043096 0.1359375 0.02198768689533861 0.0671875
0 0.7036059806508356 0.06171875 0.02198768689533861 0.0671875
0 0.8337730870712401 0.55390625 0.04221635883905013 0.0390625
0 0.8465259454705365 0.50703125 0.04397537379067722 0.0421875
0 0.9582233948988567 0.5421875 0.044854881266490766 0.040625
0 0.4982409850483729 0.4359375 0.03869832893579595 0.0390625
0 0.4916446789797713 0.48046875 0.0395778364116095 0.0390625
0 0.10334212840809147 0.0125 0.02198768689533861 0.025
0 0.06112576956904134 0.02265625 0.023746701846965697 0.0453125
0 0.6424802110817942 0.99296875 0.020228671943711522 0.0109375
0 0.9846086191732629 0.59375 0.025505716798592787 0.0390625