0 0.028144239226033423 0.4953125 0.03869832893579595 0.0328125
0 0.052770448548812667 0.44765625 0.0395778364116095 0.0328125
0 0.06200527704485488 0.75234375 0.04221635883905013 0.0328125
0 0.11873350923482849 0.7453125 0.03781882145998241 0.0359375
0 0.20580474934036938 0.734375 0.0395778364116095 0.0359375
0 0.3896218117854002 0.71953125 0.03781882145998241 0.034375
0 0.4094107299912049 0.42109375 0.036939313984168866 0.0359375
0 0.16534740545294635 0.44375 0.04309586631486367 0.040625
0 0.2436235708003518 0.35078125 0.0395778364116095 0.0390625
0 0.4599824098504837 0.2828125 0.03869832893579595 0.0359375
0 0.4313984168865435 0.715625 0.0395778364116095 0.0359375
0 0.48636763412489004 0.71015625 0.0395778364116095 0.0421875
0 0.5294635004397538 0.70859375 0.0395778364116095 0.034375
0 0.6314863676341249 0.7046875 0.04309586631486367 0.0359375
0 0.727792436235708 0.396875 0.044854881266490766 0.0375
0 0.4366754617414248 0.02890625 0.03781882145998241 0.0328125
0 0.3887423043095866 0.0421875 0.04221635883905013 0.040625
0 0.43799472295514513 0.06875 0.032541776605101144 0.0359375
0 0.9815303430079155 0.628125 0.03518029903254178 0.040625