0 0.9357959542656112 0.31953125 0.0395778364116095 0.034375
0 0.8689533861037819 0.4125 0.03781882145998241 0.03125
0 0.9309586631486367 0.01015625 0.05013192612137203 0.0203125
0 0.872471416007036 0.01484375 0.04221635883905013 0.0296875
0 0.7779243623570801 0.0328125 0.03869832893579595 0.0328125
0 0.588830255057168 0.0671875 0.03869832893579595 0.034375
0 0.544415127528584 0.07578125 0.04309586631486367 0.0375
0 0.4890061565523307 0.08359375 0.040457343887423045 0.034375
0 0.4410729991204925 0.09140625 0.04309586631486367 0.034375
0 0.3333333333333333 0.10390625 0.04309586631486367 0.0359375
0 0.5303430079155673 0.390625 0.03869832893579595 0.05
0 0.5259454705364995 0.5265625 0.040457343887423045 0.0328125
0 0.6046613896218118 0.753125 0.03605980650835532 0.0328125
0 0.55584872471416 0.76875 0.03605980650835532 0.0296875
0 0.5532102022867195 0.734375 0.0316622691292876 0.034375
0 0.5571679859278804 0.80625 0.0316622691292876 0.03125
0 0.34784520668425684 0.971875 0.018469656992084433 0.053125
0 0.316622691292876 0.98046875 0.01759014951627089 0.0359375
0 0.8210202286719437 0.340625 0.04221635883905013 0.0375
0 0.013192612137203167 0.21953125 0.026385224274406333 0.0421875
0 0.6103781882145998 0.84453125 0.03342128408091469 0.034375