0 0.5118733509234829 0.25390625 0.0316622691292876 0.0703125
0 0.5316622691292876 0.2875 0.029023746701846966 0.065625
0 0.9010554089709762 0.18984375 0.04221635883905013 0.0390625
0 0.2805628847845207 0.3140625 0.0395778364116095 0.05625
0 0.3808267370272647 0.4265625 0.03781882145998241 0.059375
0 0.34740545294635006 0.44453125 0.036939313984168866 0.0515625
0 0.3412489006156552 0.4984375 0.0395778364116095 0.0609375
0 0.4489885664028144 0.4703125 0.03781882145998241 0.053125
0 0.48812664907651715 0.609375 0.03430079155672823 0.05
0 0.4621811785400176 0.684375 0.03869832893579595 0.0359375
0 0.5338610378188214 0.6796875 0.03605980650835532 0.04375
0 0.6081794195250659 0.72890625 0.036939313984168866 0.0484375
0 0.6182937554969217 0.6453125 0.03342128408091469 0.05
0 0.5514511873350924 0.77578125 0.03342128408091469 0.0484375
0 0.3122251539138083 0.72265625 0.028144239226033423 0.06875
0 0.32937554969217236 0.7625 0.02990325417766051 0.0671875
0 0.28935795954265614 0.79921875 0.030782761653474055 0.0671875
0 0.2198768689533861 0.9265625 0.028144239226033423 0.0625
0 0.8016710642040458 0.75390625 0.03605980650835532 0.05625
0 0.9098504837291117 0.31875 0.03605980650835532 0.0359375
0 0.9116094986807388 0.2796875 0.023746701846965697 0.03125
0 0.9155672823218998 0.14140625 0.024626209322779244 0.028125
0 0.9252418645558487 0.3921875 0.023746701846965697 0.028125
0 0.9621811785400176 0.4984375 0.028144239226033423 0.0453125