0 0.7255936675461742 0.1453125 0.02990325417766051 0.078125
0 0.6596306068601583 0.0671875 0.028144239226033423 0.06875
0 0.6939313984168866 0.1421875 0.02990325417766051 0.075
0 0.6912928759894459 0.2578125 0.030782761653474055 0.078125
0 0.637203166226913 0.33046875 0.0316622691292876 0.078125
0 0.34300791556728233 0.07265625 0.040457343887423045 0.053125
0 0.3970976253298153 0.19609375 0.044854881266490766 0.0546875
0 0.43755496921723835 0.28515625 0.04397537379067722 0.0578125
0 0.4291996481970097 0.71015625 0.032541776605101144 0.0765625
0 0.47537379067722074 0.76796875 0.030782761653474055 0.0796875
0 0.5030782761653474 0.675 0.029023746701846966 0.071875
0 0.7176781002638523 0.665625 0.04133685136323659 0.0546875
0 0.7493403693931399 0.64140625 0.04221635883905013 0.05625
0 0.7475813544415127 0.07421875 0.024626209322779244 0.0390625