0 0.08619173262972735 0.6703125 0.04133685136323659 0.0390625
0 0.09102902374670185 0.97890625 0.05013192612137203 0.0390625
0 0.14731750219876869 0.971875 0.04309586631486367 0.0421875
0 0.23658751099384345 0.95625 0.04661389621811785 0.04375
0 0.19744942832014073 0.65625 0.04309586631486367 0.04375
0 0.28979771328056286 0.67734375 0.036939313984168866 0.0359375
0 0.4261213720316623 0.92421875 0.0395778364116095 0.0375
0 0.48988566402814426 0.4703125 0.040457343887423045 0.0421875
0 0.4124890061565523 0.24375 0.036939313984168866 0.0359375
0 0.4098504837291117 0.15390625 0.040457343887423045 0.0359375
0 0.45910290237467016 0.19375 0.03430079155672823 0.034375
0 0.46174142480211083 0.228125 0.03605980650835532 0.034375
0 0.46262093227792433 0.26171875 0.032541776605101144 0.0359375
0 0.470976253298153 0.9171875 0.04221635883905013 0.04375
0 0.5268249780123131 0.9125 0.04133685136323659 0.0453125
0 0.5729991204925242 0.90859375 0.04309586631486367 0.0421875
0 0.6820580474934037 0.89296875 0.04309586631486367 0.040625
0 0.6693051890941073 0.02734375 0.022867194371152155 0.0546875
0 0.7014072119613016 0.02109375 0.023746701846965697 0.0421875