0 0.7062445030782761 0.26640625 0.040457343887423045 0.0375
0 0.7506596306068601 0.271875 0.0395778364116095 0.034375
0 0.8984168865435356 0.29921875 0.0395778364116095 0.0375
0 0.6174142480211082 0.34609375 0.040457343887423045 0.040625
0 0.48197009674582236 0.22109375 0.03430079155672823 0.0359375
0 0.44327176781002636 0.215625 0.0395778364116095 0.0328125
0 0.3786279683377309 0.20859375 0.04573438874230431 0.0421875
0 0.3280562884784521 0.19921875 0.03518029903254178 0.034375
0 0.2941952506596306 0.28125 0.04221635883905013 0.0390625
0 0.15391380826737028 0.16875 0.040457343887423045 0.0359375
0 0.10861917326297274 0.16015625 0.040457343887423045 0.0359375
0 0.060246262093227795 0.1546875 0.04221635883905013 0.0375
0 0.12225153913808268 0.40859375 0.03869832893579595 0.0359375
0 0.2726473175021988 0.446875 0.03518029903254178 0.040625
0 0.3144239226033421 0.4546875 0.036939313984168866 0.03125
0 0.36631486367634125 0.4515625 0.040457343887423045 0.0359375
0 0.31838170624450307 0.4984375 0.032541776605101144 0.0296875
0 0.272207563764292 0.5578125 0.03518029903254178 0.06875
0 0.256816182937555 0.5765625 0.0316622691292876 0.05625
0 0.2423043095866315 0.59375 0.03605980650835532 0.0640625
0 0.2247141600703606 0.61328125 0.0316622691292876 0.0609375