0 0.5299032541776605 0.278125 0.03869832893579595 0.065625
0 0.6948109058927001 0.34921875 0.03869832893579595 0.0640625
0 0.7009674582233949 0.515625 0.02990325417766051 0.0484375
0 0.7955145118733509 0.5875 0.02990325417766051 0.0546875
0 0.9089709762532981 0.653125 0.028144239226033423 0.0484375
0 0.6917326297273527 0.7359375 0.029023746701846966 0.046875
0 0.9261213720316622 0.3625 0.044854881266490766 0.0609375
0 0.9423922603342129 0.74140625 0.026385224274406333 0.0421875
0 0.8047493403693932 0.8640625 0.025505716798592787 0.0453125
0 0.7493403693931399 0.76328125 0.03342128408091469 0.05
0 0.3592788038698329 0.1140625 0.04133685136323659 0.075
0 0.22999120492524186 0.2765625 0.04309586631486367 0.071875
0 0.6521547933157432 0.29453125 0.0316622691292876 0.0546875
0 0.5839929639401935 0.20546875 0.03781882145998241 0.0625
0 0.1868953386103782 0.63203125 0.03430079155672823 0.0453125
0 0.2119613016710642 0.55078125 0.0316622691292876 0.0546875
0 0.17810026385224276 0.4828125 0.03342128408091469 0.0515625
0 0.1693051890941073 0.51015625 0.040457343887423045 0.0640625
0 0.15787159190853123 0.540625 0.03781882145998241 0.0484375
0 0.4467897977132806 0.01875 0.027264731750219876 0.0296875
0 0.751099384344767 0.87734375 0.032541776605101144 0.05625
0 0.9335971855760774 0.690625 0.032541776605101144 0.05625
0 0.9876868953386104 0.76953125 0.022867194371152155 0.0515625
0 0.9661389621811786 0.7328125 0.030782761653474055 0.046875