0 0.9142480211081794 0.50703125 0.0395778364116095 0.0796875
0 0.9938434476693052 0.70859375 0.010554089709762533 0.0796875
0 0.9204045734388743 0.16484375 0.04133685136323659 0.05625
0 0.9525065963060686 0.1234375 0.03781882145998241 0.0546875
0 0.6798592788038699 0.40546875 0.04573438874230431 0.0671875
0 0.6649076517150396 0.52421875 0.04221635883905013 0.0640625
0 0.6213720316622692 0.5796875 0.03869832893579595 0.059375
0 0.5263852242744064 0.33515625 0.04221635883905013 0.0609375
0 0.5532102022867195 0.66875 0.03430079155672823 0.05625
0 0.3605980650835532 0.56875 0.04309586631486367 0.0609375
0 0.4019349164467898 0.8734375 0.03869832893579595 0.0609375
0 0.36675461741424803 0.921875 0.04221635883905013 0.0640625
0 0.32145998240985046 0.9734375 0.044854881266490766 0.05
0 0.2862796833773087 0.89296875 0.04661389621811785 0.0671875
0 0.19349164467897978 0.59296875 0.04397537379067722 0.0609375
0 0.1358839050131926 0.38671875 0.03869832893579595 0.046875
0 0.12445030782761654 0.35390625 0.040457343887423045 0.053125
0 0.11169744942832015 0.32109375 0.04309586631486367 0.059375
0 0.8469656992084432 0.16796875 0.044854881266490766 0.0640625
0 0.9604221635883905 0.06796875 0.021108179419525065 0.0421875
0 0.14072119613016712 0.21328125 0.0395778364116095 0.053125
0 0.16490765171503957 0.3125 0.02990325417766051 0.053125