0 0.5109938434476693 0.69609375 0.02198768689533861 0.0546875
0 0.3324538258575198 0.68125 0.020228671943711522 0.0484375
0 0.3302550571679859 0.63671875 0.019349164467897976 0.046875
0 0.34212840809146877 0.59453125 0.01759014951627089 0.05
0 0.14819700967458224 0.25859375 0.0395778364116095 0.04375
0 0.26649076517150394 0.359375 0.036939313984168866 0.0453125
0 0.45338610378188215 0.196875 0.028144239226033423 0.075
0 0.4780123131046614 0.11640625 0.024626209322779244 0.0703125
0 0.3016710642040457 0.7296875 0.022867194371152155 0.046875
0 0.26517150395778366 0.85625 0.020228671943711522 0.0453125
0 0.3834652594547054 0.8890625 0.0158311345646438 0.0328125
0 0.45382585751978893 0.85234375 0.02198768689533861 0.0453125