0 0.9410729991204925 0.90234375 0.03518029903254178 0.0640625
0 0.6996481970096746 0.85859375 0.03869832893579595 0.0625
0 0.6591908531222516 0.79453125 0.030782761653474055 0.0515625
0 0.5949868073878628 0.7015625 0.03781882145998241 0.0578125
0 0.45910290237467016 0.4953125 0.03605980650835532 0.05625
0 0.42656112576956906 0.44453125 0.03605980650835532 0.059375
0 0.38742304309586634 0.3828125 0.03781882145998241 0.05625
0 0.35312225153913807 0.33125 0.0395778364116095 0.059375
0 0.370712401055409 0.7828125 0.04133685136323659 0.04375
0 0.27440633245382584 0.20703125 0.036939313984168866 0.05625
0 0.5202286719437115 0.97109375 0.044854881266490766 0.0546875
0 0.1503957783641161 0.9578125 0.03518029903254178 0.040625
0 0.16226912928759896 0.9359375 0.02990325417766051 0.0453125