0 0.832014072119613 0.16015625 0.044854881266490766 0.0671875
0 0.8135444151275286 0.12890625 0.044854881266490766 0.065625
0 0.6090589270008795 0.55234375 0.03605980650835532 0.0640625
0 0.5206684256816183 0.13515625 0.0395778364116095 0.0578125
0 0.4890061565523307 0.18046875 0.03869832893579595 0.0625
0 0.4472295514511873 0.23828125 0.036939313984168866 0.05625
0 0.4133685136323659 0.2890625 0.04573438874230431 0.059375
0 0.3333333333333333 0.39375 0.036939313984168866 0.05625
0 0.94415127528584 0.03125 0.04661389621811785 0.0625
0 0.7801231310466139 0.75078125 0.03781882145998241 0.0484375
0 0.7405452946350044 0.6796875 0.03518029903254178 0.0546875
0 0.7167985927880387 0.7671875 0.03605980650835532 0.05625
0 0.706684256816183 0.73203125 0.036939313984168866 0.0515625
0 0.6921723834652594 0.70625 0.0316622691292876 0.0453125