0 0.3562005277044855 0.60703125 0.03518029903254178 0.0671875
0 0.3043095866314864 0.43359375 0.040457343887423045 0.0609375
0 0.15083553210202286 0.17265625 0.04309586631486367 0.0703125
0 0.021547933157431837 0.05859375 0.0395778364116095 0.0640625
0 0.44327176781002636 0.1875 0.03342128408091469 0.05625
0 0.47845206684256814 0.23984375 0.03518029903254178 0.0546875
0 0.5171503957783641 0.29609375 0.036939313984168866 0.0640625
0 0.5514511873350924 0.3421875 0.0316622691292876 0.065625
0 0.6266490765171504 0.4546875 0.03430079155672823 0.059375
0 0.1820580474934037 0.8140625 0.03342128408091469 0.04375
0 0.2423043095866315 0.821875 0.03430079155672823 0.053125
0 0.25549692172383465 0.790625 0.03430079155672823 0.05
0 0.2673702726473175 0.765625 0.0316622691292876 0.053125
0 0.2154793315743184 0.7328125 0.036939313984168866 0.053125