0 0.14731750219876869 0.503125 0.040457343887423045 0.0640625
0 0.1565523306948109 0.83359375 0.032541776605101144 0.0671875
0 0.21108179419525067 0.896875 0.032541776605101144 0.05625
0 0.3865435356200528 0.4578125 0.03781882145998241 0.06875
0 0.4261213720316623 0.39765625 0.03518029903254178 0.065625
0 0.4920844327176781 0.296875 0.030782761653474055 0.0625
0 0.051451187335092345 0.3203125 0.040457343887423045 0.0734375
0 0.8254177660510115 0.19765625 0.04661389621811785 0.078125
0 0.8597185576077396 0.32578125 0.04133685136323659 0.075
0 0.9278803869832893 0.53046875 0.03430079155672823 0.05625
0 0.9437115215479331 0.5609375 0.03869832893579595 0.0609375
0 0.9291996481970096 0.703125 0.03781882145998241 0.0609375
0 0.9560246262093228 0.59375 0.03781882145998241 0.0609375
0 0.6358839050131926 0.07109375 0.03430079155672823 0.0671875
0 0.9001759014951627 0.61171875 0.03342128408091469 0.0578125
0 0.13060686015831136 0.8765625 0.0316622691292876 0.0640625