0 0.1455584872471416 0.5625 0.032541776605101144 0.0265625
0 0.17326297273526825 0.60703125 0.03781882145998241 0.0296875
0 0.23790677220756376 0.69375 0.03605980650835532 0.0328125
0 0.287598944591029 0.6015625 0.03869832893579595 0.0359375
0 0.3751099384344767 0.59453125 0.03605980650835532 0.0328125
0 0.17678100263852242 0.30390625 0.04397537379067722 0.0296875
0 0.23350923482849603 0.30234375 0.04133685136323659 0.0328125
0 0.322339489885664 0.30078125 0.03781882145998241 0.0265625
0 0.023306948109058926 0.86640625 0.01759014951627089 0.071875
0 0.5224274406332454 0.58828125 0.04221635883905013 0.0359375
0 0.5857519788918206 0.72421875 0.0395778364116095 0.0328125
0 0.5065963060686016 0.29453125 0.03605980650835532 0.028125
0 0.5492524186455585 0.29609375 0.03869832893579595 0.034375
0 0.6029023746701847 0.290625 0.036939313984168866 0.0328125
0 0.6464379947229552 0.28828125 0.0395778364116095 0.03125
0 0.7493403693931399 0.28203125 0.03781882145998241 0.028125
0 0.5681618293755497 0.97734375 0.03605980650835532 0.0328125
0 0.5708003518029904 0.9421875 0.02990325417766051 0.028125
0 0.519349164467898 0.96953125 0.030782761653474055 0.0359375