0 0.9142480211081794 0.4671875 0.03869832893579595 0.078125
0 0.9916446789797714 0.2609375 0.014951627088830254 0.078125
0 0.9265611257695691 0.809375 0.040457343887423045 0.053125
0 0.9595426561125769 0.8484375 0.036939313984168866 0.053125
0 0.6816182937554969 0.58359375 0.044854881266490766 0.065625
0 0.6644678979771328 0.465625 0.04133685136323659 0.0609375
0 0.6196130167106421 0.41328125 0.03781882145998241 0.0578125
0 0.5299032541776605 0.66328125 0.04133685136323659 0.0578125
0 0.5501319261213721 0.328125 0.03342128408091469 0.053125
0 0.3592788038698329 0.43984375 0.04221635883905013 0.059375
0 0.39489885664028146 0.1328125 0.03781882145998241 0.059375
0 0.35883905013192613 0.08671875 0.04133685136323659 0.0609375
0 0.3122251539138083 0.03125 0.04397537379067722 0.0625
0 0.2757255936675462 0.00703125 0.04309586631486367 0.0140625
0 0.27880386983289357 0.1203125 0.04573438874230431 0.065625
0 0.1917326297273527 0.42578125 0.04309586631486367 0.059375
0 0.13808267370272648 0.6359375 0.03781882145998241 0.0453125
0 0.12752858399296393 0.66953125 0.040457343887423045 0.05
0 0.11565523306948108 0.703125 0.04221635883905013 0.0578125
0 0.8531222515391381 0.81015625 0.04397537379067722 0.0625
0 0.9687774846086191 0.903125 0.020228671943711522 0.040625
0 0.961301671064204 0.99140625 0.024626209322779244 0.0140625
0 0.14643799472295516 0.80859375 0.03869832893579595 0.0515625
0 0.16886543535620052 0.70859375 0.029023746701846966 0.0515625