0 0.10642040457343888 0.01796875 0.036939313984168866 0.0359375
0 0.16402814423922604 0.1 0.03342128408091469 0.046875
0 0.08003518029903255 0.12109375 0.04221635883905013 0.0609375
0 0.06464379947229551 0.05625 0.036939313984168866 0.05625
0 0.10729991204925242 0.16484375 0.03781882145998241 0.053125
0 0.10202286719437115 0.50078125 0.036939313984168866 0.06875
0 0.011873350923482849 0.7 0.023746701846965697 0.08125
0 0.3496042216358839 0.54296875 0.044854881266490766 0.065625
0 0.39006156552330695 0.603125 0.04221635883905013 0.0609375
0 0.4551451187335092 0.696875 0.03605980650835532 0.0609375
0 0.6741424802110818 0.62265625 0.04573438874230431 0.06875
0 0.8214599824098505 0.6546875 0.04661389621811785 0.065625
0 0.6015831134564644 0.91796875 0.04221635883905013 0.059375
0 0.6380826737027264 0.97109375 0.03869832893579595 0.05625
0 0.8847845206684257 0.4515625 0.03869832893579595 0.05
0 0.8970976253298153 0.41953125 0.04397537379067722 0.053125
0 0.8843447669305189 0.28203125 0.03781882145998241 0.0453125
0 0.9107299912049253 0.3859375 0.04221635883905013 0.0546875
0 0.8557607739665787 0.37421875 0.032541776605101144 0.04375
0 0.0426561125769569 0.06328125 0.026385224274406333 0.0453125