0 0.335971855760774 0.78203125 0.04309586631486367 0.0375
0 0.39006156552330695 0.77734375 0.03869832893579595 0.0359375
0 0.47493403693931396 0.76640625 0.0395778364116095 0.03125
0 0.6627088830255057 0.75234375 0.03869832893579595 0.0421875
0 0.7102022867194371 0.75 0.040457343887423045 0.0390625
0 0.7651715039577837 0.74609375 0.040457343887423045 0.040625
0 0.8073878627968337 0.74296875 0.04133685136323659 0.0484375
0 0.91688654353562 0.73828125 0.044854881266490766 0.0421875
0 0.7225153913808268 0.30703125 0.044854881266490766 0.04375
0 0.6917326297273527 0.0859375 0.03518029903254178 0.0390625
0 0.6895338610378188 0.0546875 0.04133685136323659 0.040625
0 0.6864555848724714 0.015625 0.03781882145998241 0.03125
0 0.029023746701846966 0.39453125 0.044854881266490766 0.04375
0 0.021108179419525065 0.6828125 0.023746701846965697 0.0421875
0 0.6464379947229552 0.059375 0.026385224274406333 0.0375