0 0.8509234828496042 0.5578125 0.03781882145998241 0.0578125
0 0.8258575197889182 0.88515625 0.029023746701846966 0.0625
0 0.768249780123131 0.93984375 0.02990325417766051 0.0515625
0 0.6152154793315743 0.47578125 0.03430079155672823 0.0640625
0 0.5787159190853123 0.409375 0.032541776605101144 0.0609375
0 0.5180299032541776 0.2984375 0.028144239226033423 0.0578125
0 0.955584872471416 0.390625 0.036939313984168866 0.0671875
0 0.19085312225153914 0.1484375 0.04397537379067722 0.071875
0 0.14995602462620933 0.27109375 0.03781882145998241 0.06875
0 0.07255936675461741 0.4640625 0.0316622691292876 0.0515625
0 0.054969217238346524 0.49140625 0.03605980650835532 0.0546875
0 0.06244503078276165 0.6359375 0.03518029903254178 0.05625
0 0.040897097625329816 0.52265625 0.03518029903254178 0.05625
0 0.3856640281442392 0.0515625 0.0316622691292876 0.0625
0 0.09586631486367635 0.54921875 0.030782761653474055 0.053125
0 0.8496042216358839 0.9328125 0.029023746701846966 0.059375