0 0.6798592788038699 0.6421875 0.028144239226033423 0.046875
0 0.6218117854001759 0.65703125 0.028144239226033423 0.0515625
0 0.6051011433597185 0.6296875 0.0316622691292876 0.0515625
0 0.5932277924362357 0.60859375 0.026385224274406333 0.053125
0 0.5092348284960422 0.9515625 0.027264731750219876 0.0484375
0 0.5 0.4765625 0.03430079155672823 0.0609375
0 0.32145998240985046 0.33828125 0.028144239226033423 0.0515625
0 0.3913808267370273 0.05703125 0.030782761653474055 0.06875
0 0.35664028144239224 0.11328125 0.030782761653474055 0.075
0 0.3197009674582234 0.1796875 0.032541776605101144 0.059375
0 0.28979771328056286 0.23203125 0.03342128408091469 0.06875
0 0.2198768689533861 0.3484375 0.0316622691292876 0.0625
0 0.18337730870712401 0.49765625 0.03342128408091469 0.0671875
0 0.10817941952506596 0.653125 0.025505716798592787 0.046875
0 0.490325417766051 0.98046875 0.028144239226033423 0.0375