0 0.07959542656112577 0.49609375 0.03869832893579595 0.028125
0 0.13676341248900617 0.49296875 0.03518029903254178 0.0328125
0 0.2717678100263852 0.48828125 0.036939313984168866 0.0328125
0 0.39050131926121373 0.48515625 0.036939313984168866 0.034375
0 0.5105540897097626 0.6328125 0.018469656992084433 0.046875
0 0.5114335971855761 0.678125 0.0158311345646438 0.0484375
0 0.523306948109059 0.7171875 0.016710642040457344 0.04375
0 0.5765171503957783 0.71796875 0.016710642040457344 0.046875
0 0.5101143359718557 0.77890625 0.016710642040457344 0.0453125
0 0.6732629727352683 0.78125 0.016710642040457344 0.0390625
0 0.6899736147757256 0.60078125 0.020228671943711522 0.0484375
0 0.5114335971855761 0.1953125 0.02198768689533861 0.071875
0 0.5105540897097626 0.10234375 0.024626209322779244 0.06875
0 0.5074758135444152 0.91796875 0.01759014951627089 0.0421875