0 0.06552330694810905 0.42890625 0.040457343887423045 0.0515625
0 0.18953386103781883 0.52890625 0.0395778364116095 0.046875
0 0.3843447669305189 0.36875 0.029023746701846966 0.065625
0 0.43579595426561124 0.3453125 0.027264731750219876 0.059375
0 0.4890061565523307 0.27734375 0.027264731750219876 0.0578125
0 0.4076517150395778 0.28828125 0.024626209322779244 0.0546875
0 0.44810905892700087 0.1625 0.029023746701846966 0.0671875
0 0.26561125769569044 0.7734375 0.02198768689533861 0.046875
0 0.25285839929639403 0.815625 0.024626209322779244 0.0515625
0 0.2541776605101143 0.86640625 0.02198768689533861 0.04375
0 0.22163588390501318 0.91875 0.02198768689533861 0.0484375
0 0.3518029903254178 0.96015625 0.02198768689533861 0.04375
0 0.39006156552330695 0.9203125 0.02198768689533861 0.040625
0 0.4419525065963061 0.8765625 0.025505716798592787 0.046875
0 0.8874230430958663 0.2203125 0.032541776605101144 0.059375
0 0.9085312225153914 0.1203125 0.03605980650835532 0.059375
0 0.924802110817942 0.14609375 0.036939313984168866 0.075
0 0.2357080035180299 0.87265625 0.020228671943711522 0.0484375
0 0.9322779243623571 0.27890625 0.026385224274406333 0.05
0 0.9432717678100264 0.16953125 0.03518029903254178 0.0609375
0 0.8034300791556728 0.00625 0.027264731750219876 0.0125