0 0.37950747581354444 0.409375 0.03781882145998241 0.0625
0 0.13412489006156553 0.721875 0.04573438874230431 0.0703125
0 0.1297273526824978 0.778125 0.04925241864555849 0.0765625
0 0.006596306068601583 0.84140625 0.013192612137203167 0.0734375
0 0.3034300791556728 0.203125 0.03605980650835532 0.0578125
0 0.3122251539138083 0.23359375 0.029023746701846966 0.053125
0 0.4212840809146878 0.84921875 0.036939313984168866 0.0609375
0 0.46174142480211083 0.8125 0.0395778364116095 0.0671875
0 0.5087950747581355 0.76953125 0.03518029903254178 0.065625
0 0.5461741424802111 0.73203125 0.03605980650835532 0.0640625
0 0.633245382585752 0.6515625 0.03605980650835532 0.0640625
0 0.23218997361477572 0.16015625 0.030782761653474055 0.05
0 0.26033421284080915 0.23984375 0.04133685136323659 0.059375
0 0.29199648197009676 0.16953125 0.03605980650835532 0.0625