0 0.6956904133685137 0.709375 0.04221635883905013 0.034375
0 0.6420404573438874 0.7265625 0.03781882145998241 0.0328125
0 0.558047493403694 0.75 0.03869832893579595 0.028125
0 0.3733509234828496 0.8109375 0.03781882145998241 0.0375
0 0.32673702726473175 0.82734375 0.0395778364116095 0.0359375
0 0.27308707124010556 0.84609375 0.040457343887423045 0.0375
0 0.23131046613896217 0.859375 0.040457343887423045 0.0453125
0 0.12401055408970976 0.8984375 0.044854881266490766 0.0375
0 0.2590149516270888 0.40078125 0.04397537379067722 0.040625
0 0.26077396657871593 0.1734375 0.03518029903254178 0.0359375
0 0.2590149516270888 0.1421875 0.04133685136323659 0.0375
0 0.2563764291996482 0.09921875 0.03605980650835532 0.03125
0 0.9388742304309586 0.89765625 0.027264731750219876 0.071875
0 0.9454705364995603 0.20859375 0.044854881266490766 0.0390625
0 0.9885664028144239 0.48671875 0.021108179419525065 0.0421875
0 0.306948109058927 0.03828125 0.036939313984168866 0.0234375
0 0.3016710642040457 0.1296875 0.025505716798592787 0.034375