0 0.07959542656112577 0.72421875 0.03781882145998241 0.04375
0 0.17678100263852242 0.7125 0.04133685136323659 0.0375
0 0.13940193491644678 0.4921875 0.040457343887423045 0.0421875
0 0.030343007915567283 0.671875 0.044854881266490766 0.05
0 0.2985927880386983 0.7765625 0.04221635883905013 0.04375
0 0.35356200527704484 0.7671875 0.04133685136323659 0.0484375
0 0.30123131046613894 0.46796875 0.04221635883905013 0.0453125
0 0.34564643799472294 0.415625 0.04133685136323659 0.0453125
0 0.415127528583993 0.6625 0.036939313984168866 0.0453125
0 0.44283201407211964 0.7515625 0.040457343887423045 0.05
0 0.6270888302550571 0.72421875 0.03781882145998241 0.0421875
0 0.6701846965699209 0.71953125 0.04221635883905013 0.0453125
0 0.7211961301671064 0.71328125 0.0395778364116095 0.0453125
0 0.7660510114335972 0.71015625 0.040457343887423045 0.04375
0 0.6776605101143359 0.28515625 0.04309586631486367 0.0453125
0 0.776165347405453 0.41171875 0.04397537379067722 0.0484375
0 0.6459982409850483 0.06796875 0.032541776605101144 0.0359375
0 0.9837291116974495 0.30234375 0.030782761653474055 0.0484375
0 0.8702726473175022 0.69609375 0.03781882145998241 0.040625
0 0.5954265611257695 0.04296875 0.03605980650835532 0.034375
0 0.6416007036059806 0.0390625 0.03869832893579595 0.028125