0 0.08795074758135445 0.25625 0.040457343887423045 0.05
0 0.1517150395778364 0.12421875 0.04573438874230431 0.0546875
0 0.17150395778364116 0.075 0.03781882145998241 0.0390625
0 0.26649076517150394 0.14296875 0.0395778364116095 0.0453125
0 0.2546174142480211 0.434375 0.03869832893579595 0.0484375
0 0.24714160070360597 0.3765625 0.04221635883905013 0.05
0 0.3460861917326297 0.1203125 0.04221635883905013 0.04375
0 0.3975373790677221 0.15859375 0.04133685136323659 0.053125
0 0.48812664907651715 0.32734375 0.03781882145998241 0.0421875
0 0.47845206684256814 0.221875 0.03605980650835532 0.0390625
0 0.6473175021987687 0.35390625 0.0395778364116095 0.0453125
0 0.6868953386103782 0.3828125 0.04221635883905013 0.0484375
0 0.6459982409850483 0.67109375 0.044854881266490766 0.053125
0 0.6174142480211082 0.79765625 0.0395778364116095 0.0546875
0 0.7361477572559367 0.4203125 0.040457343887423045 0.040625
0 0.7770448548812665 0.44609375 0.040457343887423045 0.046875
0 0.8715919085312225 0.51484375 0.03869832893579595 0.0484375
0 0.8381706244503079 0.8984375 0.04573438874230431 0.053125
0 0.4982409850483729 0.98203125 0.03430079155672823 0.0328125
0 0.5496921723834652 0.97890625 0.03869832893579595 0.0390625