0 0.08135444151275285 0.28359375 0.04309586631486367 0.059375
0 0.19217238346525944 0.42265625 0.04221635883905013 0.0546875
0 0.40061565523306947 0.33203125 0.03342128408091469 0.071875
0 0.45338610378188215 0.3265625 0.030782761653474055 0.0640625
0 0.5131926121372031 0.27734375 0.030782761653474055 0.0625
0 0.43227792436235707 0.2609375 0.028144239226033423 0.059375
0 0.48504837291116976 0.15078125 0.03342128408091469 0.071875
0 0.2405452946350044 0.6890625 0.024626209322779244 0.05
0 0.2233948988566403 0.72578125 0.028144239226033423 0.05625
0 0.21943711521547934 0.7765625 0.024626209322779244 0.046875
0 0.1820580474934037 0.8171875 0.024626209322779244 0.0515625
0 0.3051890941072999 0.9015625 0.024626209322779244 0.046875
0 0.3469656992084433 0.875 0.024626209322779244 0.04375
0 0.4023746701846966 0.85 0.028144239226033423 0.0515625
0 0.9102902374670184 0.35703125 0.03605980650835532 0.065625
0 0.9415127528583993 0.265625 0.0395778364116095 0.0671875
0 0.9547053649956024 0.296875 0.04133685136323659 0.0828125
0 0.20052770448548812 0.7765625 0.022867194371152155 0.0515625
0 0.9481090589270009 0.42890625 0.029023746701846966 0.0546875
0 0.9705364995602462 0.32578125 0.03869832893579595 0.06875
0 0.8518029903254177 0.1078125 0.028144239226033423 0.0359375