0 0.9239226033421284 0.334375 0.03781882145998241 0.04375
0 0.8685136323658751 0.190625 0.04309586631486367 0.046875
0 0.8518029903254177 0.13828125 0.03605980650835532 0.0328125
0 0.7532981530343008 0.18828125 0.03781882145998241 0.0390625
0 0.7480211081794196 0.48046875 0.03605980650835532 0.0421875
0 0.758575197889182 0.42421875 0.0395778364116095 0.0421875
0 0.6754617414248021 0.15078125 0.040457343887423045 0.0359375
0 0.6218117854001759 0.1796875 0.03869832893579595 0.046875
0 0.5219876868953386 0.33046875 0.03605980650835532 0.0359375
0 0.5378188214599824 0.22734375 0.03430079155672823 0.0328125
0 0.3619173262972735 0.32734375 0.03781882145998241 0.0390625
0 0.3210202286719437 0.3484375 0.040457343887423045 0.040625
0 0.3447669305189094 0.64296875 0.04221635883905013 0.0453125
0 0.3658751099384345 0.77421875 0.036939313984168866 0.0484375
0 0.2700087950747581 0.3765625 0.03869832893579595 0.034375
0 0.227792436235708 0.3953125 0.03869832893579595 0.040625
0 0.1297273526824978 0.44609375 0.03605980650835532 0.0421875
0 0.14028144239226034 0.83359375 0.04309586631486367 0.0453125
0 0.4731750219876869 0.9828125 0.0316622691292876 0.03125
0 0.42216358839050133 0.9734375 0.03518029903254178 0.04375