0 0.8474054529463501 0.15625 0.040457343887423045 0.0734375
0 0.7269129287598944 0.37734375 0.03781882145998241 0.0703125
0 0.6433597185576078 0.6015625 0.03518029903254178 0.0609375
0 0.7449428320140721 0.7796875 0.03605980650835532 0.0515625
0 0.731750219876869 0.753125 0.027264731750219876 0.05
0 0.9736147757255936 0.0375 0.04133685136323659 0.065625
0 0.5527704485488126 0.1859375 0.03781882145998241 0.0640625
0 0.5184696569920845 0.23828125 0.03518029903254178 0.0640625
0 0.4788918205804749 0.296875 0.03781882145998241 0.059375
0 0.4472295514511873 0.346875 0.032541776605101144 0.0671875
0 0.3698328935795954 0.45625 0.032541776605101144 0.0625
0 0.8223394898856641 0.796875 0.03518029903254178 0.05
0 0.7867194371152155 0.73125 0.036939313984168866 0.046875
0 0.7590149516270889 0.81015625 0.03342128408091469 0.046875