0 0.7739665787159191 0.496875 0.036939313984168866 0.040625
0 0.8953386103781882 0.40546875 0.03518029903254178 0.04375
0 0.6965699208443272 0.81875 0.014951627088830254 0.04375
0 0.6983289357959542 0.77109375 0.018469656992084433 0.0453125
0 0.6886543535620053 0.7265625 0.0158311345646438 0.046875
0 0.588830255057168 0.309375 0.026385224274406333 0.0671875
0 0.5043975373790677 0.15703125 0.024626209322779244 0.0671875
0 0.4551451187335092 0.0890625 0.029023746701846966 0.0703125
0 0.6182937554969217 0.965625 0.019349164467897976 0.0390625
0 0.5857519788918206 0.92578125 0.014951627088830254 0.0375
0 0.5131926121372031 0.81015625 0.02198768689533861 0.053125
0 0.5659630606860159 0.23046875 0.022867194371152155 0.065625
0 0.530782761653474 0.09453125 0.025505716798592787 0.071875
0 0.7572559366754618 0.98984375 0.01759014951627089 0.0171875
0 0.5686015831134564 0.975 0.01759014951627089 0.0421875
0 0.7251539138082673 0.875 0.019349164467897976 0.0453125
0 0.714160070360598 0.82734375 0.021108179419525065 0.046875
0 0.02990325417766051 0.15234375 0.032541776605101144 0.0578125
0 0.07563764291996482 0.09453125 0.02990325417766051 0.0703125
0 0.04001759014951627 0.02734375 0.03781882145998241 0.0546875
0 0.05672823218997362 0.0078125 0.025505716798592787 0.015625
0 0.020668425681618294 0.03515625 0.03430079155672823 0.0703125