0 0.11257695690413369 0.396875 0.0395778364116095 0.0453125
0 0.05760773966578716 0.7796875 0.03430079155672823 0.0859375
0 0.3131046613896218 0.5546875 0.04133685136323659 0.0453125
0 0.30782761653474056 0.6484375 0.044854881266490766 0.0546875
0 0.3597185576077397 0.67578125 0.04397537379067722 0.0453125
0 0.4445910290237467 0.7171875 0.04221635883905013 0.0515625
0 0.5646437994722955 0.60546875 0.04397537379067722 0.0484375
0 0.36323658751099386 0.53828125 0.036939313984168866 0.0421875
0 0.2154793315743184 0.23671875 0.03869832893579595 0.046875
0 0.6213720316622692 0.82109375 0.04133685136323659 0.046875
0 0.6895338610378188 0.734375 0.04309586631486367 0.05
0 0.662269129287599 0.84609375 0.04661389621811785 0.0546875
0 0.7515391380826737 0.81875 0.04661389621811785 0.0515625
0 0.716358839050132 0.87734375 0.04397537379067722 0.0515625
0 0.7594547053649956 0.9046875 0.04661389621811785 0.053125
0 0.862796833773087 0.9671875 0.04221635883905013 0.0421875
0 0.7752858399296394 0.58125 0.047493403693931395 0.053125
0 0.7642919964819701 0.43828125 0.04309586631486367 0.0484375
0 0.0998240985048373 0.09609375 0.051890941072999124 0.059375
0 0.7431838170624451 0.1578125 0.019349164467897976 0.034375
0 0.7884784520668425 0.14140625 0.040457343887423045 0.040625
0 0.7832014072119613 0.1765625 0.03781882145998241 0.040625
0 0.7805628847845206 0.2109375 0.03605980650835532 0.0359375