0 0.6213720316622692 0.5875 0.03781882145998241 0.0609375
0 0.8636763412489006 0.2671875 0.044854881266490766 0.06875
0 0.8671943711521548 0.21015625 0.04925241864555849 0.075
0 0.9912049252418645 0.14375 0.0158311345646438 0.071875
0 0.6996481970096746 0.790625 0.03605980650835532 0.05625
0 0.6904133685136323 0.76015625 0.028144239226033423 0.0515625
0 0.575197889182058 0.1484375 0.036939313984168866 0.059375
0 0.5351802990325418 0.18671875 0.03869832893579595 0.0671875
0 0.48856640281442393 0.23046875 0.03430079155672823 0.0640625
0 0.45162708883025504 0.26875 0.03518029903254178 0.0625
0 0.3654353562005277 0.35234375 0.03518029903254178 0.0625
0 0.7713280562884784 0.83125 0.02990325417766051 0.05
0 0.7423043095866315 0.753125 0.04133685136323659 0.0578125
0 0.7110817941952506 0.82421875 0.03518029903254178 0.0609375