0 0.9331574318381706 0.46015625 0.03781882145998241 0.0625
0 0.8232189973614775 0.540625 0.04661389621811785 0.071875
0 0.8403693931398417 0.13515625 0.04309586631486367 0.065625
0 0.7915567282321899 0.19765625 0.03430079155672823 0.0609375
0 0.7203166226912929 0.290625 0.03781882145998241 0.05625
0 0.5703605980650835 0.4875 0.032541776605101144 0.0546875
0 0.5373790677220757 0.534375 0.03518029903254178 0.05625
0 0.49560246262093227 0.584375 0.03518029903254178 0.0609375
0 0.46130167106420406 0.62890625 0.03518029903254178 0.0640625
0 0.6578715919085312 0.921875 0.036939313984168866 0.0625
0 0.5721196130167107 0.91171875 0.03869832893579595 0.065625
0 0.3786279683377309 0.73671875 0.03430079155672823 0.0546875