0 0.227792436235708 0.44609375 0.03869832893579595 0.0453125
0 0.11213720316622691 0.33203125 0.036939313984168866 0.046875
0 0.2858399296394019 0.78046875 0.016710642040457344 0.0453125
0 0.28671943711521547 0.7328125 0.019349164467897976 0.0484375
0 0.2990325417766051 0.68984375 0.01759014951627089 0.0484375
0 0.4226033421284081 0.29453125 0.029023746701846966 0.0703125
0 0.5158311345646438 0.1578125 0.027264731750219876 0.0703125
0 0.5686015831134564 0.1 0.0316622691292876 0.0734375
0 0.35532102022867196 0.940625 0.021108179419525065 0.0421875
0 0.39006156552330695 0.9078125 0.016710642040457344 0.0390625
0 0.4687774846086192 0.80546875 0.023746701846965697 0.05625
0 0.45030782761653476 0.21953125 0.025505716798592787 0.06875
0 0.49340369393139843 0.09140625 0.028144239226033423 0.075
0 0.21503957783641162 0.94375 0.01759014951627089 0.028125
0 0.40369393139841686 0.959375 0.019349164467897976 0.0453125
0 0.2541776605101143 0.83125 0.020228671943711522 0.0484375
0 0.2678100263852243 0.78515625 0.022867194371152155 0.05
0 0.9850483729111698 0.2421875 0.028144239226033423 0.0625
0 0.945910290237467 0.17578125 0.032541776605101144 0.0734375
0 0.9828496042216359 0.109375 0.032541776605101144 0.06875
0 0.9700967458223395 0.08515625 0.025505716798592787 0.03125
0 0.9925241864555848 0.12265625 0.013192612137203167 0.0828125