0 0.12269129287598944 0.89765625 0.03781882145998241 0.04375
0 0.2154793315743184 0.84453125 0.04133685136323659 0.0375
0 0.14907651715039577 0.64765625 0.040457343887423045 0.0421875
0 0.06772207563764292 0.86796875 0.044854881266490766 0.05
0 0.34256816182937555 0.8546875 0.04221635883905013 0.04375
0 0.3940193491644679 0.821875 0.04133685136323659 0.0484375
0 0.30255057167985927 0.55390625 0.04221635883905013 0.0453125
0 0.3390501319261214 0.484375 0.04133685136323659 0.0453125
0 0.4397537379067722 0.69453125 0.036939313984168866 0.0453125
0 0.47845206684256814 0.76796875 0.040457343887423045 0.05
0 0.6539138082673702 0.66328125 0.03781882145998241 0.0421875
0 0.6948109058927001 0.63984375 0.04221635883905013 0.0453125
0 0.7440633245382586 0.61171875 0.0395778364116095 0.0453125
0 0.7867194371152155 0.5890625 0.040457343887423045 0.04375
0 0.6429199648197009 0.215625 0.04309586631486367 0.0453125
0 0.7559366754617414 0.2953125 0.04397537379067722 0.0484375
0 0.5826737027264732 0.01796875 0.032541776605101144 0.0359375
0 0.9498680738786279 0.096875 0.04573438874230431 0.046875
0 0.8856640281442393 0.53125 0.03781882145998241 0.040625
0 0.5303430079155673 0.0171875 0.036939313984168866 0.034375
0 0.5747581354441513 0.003125 0.0395778364116095 0.00625