0 0.4810905892700088 0.609375 0.021108179419525065 0.0390625
0 0.45954265611257694 0.4578125 0.014072119613016711 0.0375
0 0.4419525065963061 0.47421875 0.014072119613016711 0.0390625
0 0.5109938434476693 0.759375 0.008795074758135445 0.03125
0 0.3227792436235708 0.584375 0.026385224274406333 0.028125
0 0.14951627088830255 0.56015625 0.025505716798592787 0.021875
0 0.27792436235708 0.584375 0.026385224274406333 0.021875
0 0.9243623570800352 0.10234375 0.0395778364116095 0.0390625
0 0.9133685136323659 0.15390625 0.03781882145998241 0.034375
0 0.7708883025505717 0.5484375 0.028144239226033423 0.028125
0 0.7735268249780123 0.521875 0.027264731750219876 0.025
0 0.7893579595426561 0.50234375 0.018469656992084433 0.01875
0 0.4335971855760774 0.8265625 0.009674582233948988 0.0203125
0 0.19261213720316622 0.56484375 0.024626209322779244 0.0171875
0 0.2339489885664028 0.5734375 0.024626209322779244 0.0234375
0 0.21635883905013192 0.5203125 0.027264731750219876 0.021875
0 0.17282321899736147 0.51015625 0.032541776605101144 0.0265625
0 0.47229551451187335 0.9640625 0.008795074758135445 0.0234375
0 0.43271767810026385 0.96640625 0.010554089709762533 0.025