0 0.890061565523307 0.56640625 0.03869832893579595 0.0421875
0 0.8918205804749341 0.95859375 0.0316622691292876 0.0796875
0 0.6741424802110818 0.63359375 0.040457343887423045 0.040625
0 0.6662269129287599 0.7265625 0.04309586631486367 0.05
0 0.6121372031662269 0.73046875 0.04309586631486367 0.040625
0 0.5241864555848724 0.734375 0.040457343887423045 0.046875
0 0.4230430958663149 0.57421875 0.04309586631486367 0.04375
0 0.627528583992964 0.59609375 0.03605980650835532 0.0375
0 0.8122251539138082 0.36640625 0.03781882145998241 0.0421875
0 0.3386103781882146 0.759375 0.040457343887423045 0.0421875
0 0.28408091468777485 0.64609375 0.04221635883905013 0.0453125
0 0.2955145118733509 0.76640625 0.044854881266490766 0.05
0 0.21240105540897097 0.70078125 0.04573438874230431 0.0453125
0 0.23878627968337732 0.7734375 0.04221635883905013 0.046875
0 0.193051890941073 0.78125 0.044854881266490766 0.0484375
0 0.08443271767810026 0.79765625 0.04133685136323659 0.0375
0 0.22163588390501318 0.4609375 0.04573438874230431 0.0484375
0 0.2519788918205805 0.3265625 0.04221635883905013 0.04375
0 0.9432717678100264 0.28046875 0.05013192612137203 0.0546875
0 0.31046613896218117 0.06328125 0.018469656992084433 0.0328125
0 0.2691292875989446 0.028125 0.0395778364116095 0.0375
0 0.2695690413368514 0.0640625 0.036939313984168866 0.0359375
0 0.2673702726473175 0.09921875 0.03518029903254178 0.03125