0 0.13148636763412488 0.234375 0.04397537379067722 0.078125
0 0.26605101143359716 0.42734375 0.040457343887423045 0.075
0 0.36455584872471414 0.63203125 0.03781882145998241 0.065625
0 0.2757255936675462 0.83125 0.03781882145998241 0.05625
0 0.287598944591029 0.8015625 0.029023746701846966 0.053125
0 0.010554089709762533 0.14453125 0.021108179419525065 0.0734375
0 0.4261213720316623 0.19921875 0.040457343887423045 0.06875
0 0.4635004397537379 0.24453125 0.03781882145998241 0.06875
0 0.5065963060686016 0.29375 0.040457343887423045 0.0640625
0 0.5422163588390502 0.33671875 0.03518029903254178 0.071875
0 0.6262093227792436 0.428125 0.03518029903254178 0.0671875
0 0.20052770448548812 0.86484375 0.036939313984168866 0.0546875
0 0.23131046613896217 0.79140625 0.0395778364116095 0.0515625
0 0.2642919964819701 0.8640625 0.03518029903254178 0.0515625