0 0.054969217238346524 0.91328125 0.03518029903254178 0.05
0 0.06596306068601583 0.7578125 0.03869832893579595 0.0625
0 0.11785400175901495 0.834375 0.03781882145998241 0.053125
0 0.07695690413368514 0.42265625 0.03869832893579595 0.0796875
0 0.3302550571679859 0.421875 0.04133685136323659 0.0578125
0 0.37423043095866315 0.36953125 0.04309586631486367 0.0640625
0 0.44591029023746703 0.2859375 0.03781882145998241 0.0515625
0 0.6020228671943711 0.0875 0.040457343887423045 0.0546875
0 0.6402814423922604 0.0421875 0.03781882145998241 0.0484375
0 0.6855760773966578 0.0078125 0.04661389621811785 0.015625
0 0.8021108179419525 0.390625 0.047493403693931395 0.0671875
0 0.8430079155672823 0.7703125 0.036939313984168866 0.046875
0 0.8526824978012313 0.59921875 0.03781882145998241 0.040625
0 0.8645558487247141 0.634375 0.03869832893579595 0.0515625
0 0.872471416007036 0.66953125 0.03605980650835532 0.046875
0 0.8197009674582234 0.6734375 0.0316622691292876 0.0515625
0 0.003518029903254178 0.2140625 0.007036059806508356 0.08125
0 0.036939313984168866 0.7984375 0.03781882145998241 0.0515625