0 0.3148636763412489 0.38046875 0.028144239226033423 0.0484375
0 0.37247141600703604 0.35859375 0.029023746701846966 0.053125
0 0.39006156552330695 0.38359375 0.032541776605101144 0.053125
0 0.40281442392260336 0.403125 0.027264731750219876 0.053125
0 0.4731750219876869 0.05 0.028144239226033423 0.05
0 0.5013192612137203 0.5234375 0.03518029903254178 0.0625
0 0.6846965699208444 0.6390625 0.029023746701846966 0.053125
0 0.6257695690413368 0.92890625 0.0316622691292876 0.0703125
0 0.658311345646438 0.86796875 0.0316622691292876 0.0765625
0 0.6926121372031663 0.79765625 0.03342128408091469 0.0609375
0 0.7203166226912929 0.74140625 0.03430079155672823 0.0703125
0 0.7854001759014951 0.61640625 0.032541776605101144 0.0640625
0 0.8157431838170625 0.4625 0.03430079155672823 0.06875
0 0.8847845206684257 0.2984375 0.026385224274406333 0.0484375
0 0.49076517150395776 0.01953125 0.029023746701846966 0.0390625