0 0.8526824978012313 0.503125 0.040457343887423045 0.0640625
0 0.8434476693051891 0.83359375 0.032541776605101144 0.0671875
0 0.7889182058047494 0.896875 0.032541776605101144 0.05625
0 0.6134564643799473 0.4578125 0.03781882145998241 0.06875
0 0.5738786279683378 0.39765625 0.03518029903254178 0.065625
0 0.5079155672823219 0.296875 0.030782761653474055 0.0625
0 0.9485488126649076 0.3203125 0.040457343887423045 0.0734375
0 0.17458223394898856 0.19765625 0.04661389621811785 0.078125
0 0.14028144239226034 0.32578125 0.04133685136323659 0.075
0 0.07211961301671065 0.53046875 0.03430079155672823 0.05625
0 0.056288478452066845 0.5609375 0.03869832893579595 0.0609375
0 0.07080035180299032 0.703125 0.03781882145998241 0.0609375
0 0.04397537379067722 0.59375 0.03781882145998241 0.0609375
0 0.3641160949868074 0.07109375 0.03430079155672823 0.0671875
0 0.0998240985048373 0.61171875 0.03342128408091469 0.0578125
0 0.8693931398416886 0.8765625 0.0316622691292876 0.0640625