0 0.8315743183817063 0.73203125 0.03342128408091469 0.0390625
0 0.8240985048372911 0.6828125 0.032541776605101144 0.03125
0 0.38742304309586634 0.92109375 0.020228671943711522 0.06875
0 0.43447669305189096 0.2 0.016710642040457344 0.0453125
0 0.4023746701846966 0.39296875 0.014072119613016711 0.04375
0 0.3834652594547054 0.34296875 0.014072119613016711 0.034375
0 0.45822339489885666 0.02890625 0.009674582233948988 0.0265625
0 0.7110817941952506 0.3 0.028144239226033423 0.021875
0 0.7145998240985049 0.32890625 0.025505716798592787 0.0296875
0 0.7299912049252418 0.34765625 0.019349164467897976 0.028125
0 0.2616534740545295 0.22109375 0.030782761653474055 0.0296875
0 0.21723834652594548 0.22265625 0.028144239226033423 0.0328125
0 0.14599824098504838 0.27890625 0.029023746701846966 0.0328125
0 0.10026385224274406 0.284375 0.02990325417766051 0.0328125
0 0.07475813544415127 0.2296875 0.029023746701846966 0.0296875
0 0.12357080035180298 0.2265625 0.027264731750219876 0.0265625
0 0.16710642040457344 0.228125 0.026385224274406333 0.0265625
0 0.38478452066842567 0.03125 0.0158311345646438 0.03125