0 0.8522427440633246 0.40625 0.03430079155672823 0.0421875
0 0.8390501319261213 0.4515625 0.03342128408091469 0.034375
0 0.44371152154793314 0.04453125 0.02198768689533861 0.0703125
0 0.39797713280562885 0.76640625 0.018469656992084433 0.046875
0 0.3913808267370273 0.56484375 0.0158311345646438 0.0453125
0 0.36675461741424803 0.60625 0.014951627088830254 0.0359375
0 0.3997361477572559 0.9421875 0.010554089709762533 0.0265625
0 0.6802990325417766 0.7796875 0.028144239226033423 0.0234375
0 0.6873350923482849 0.75234375 0.026385224274406333 0.0328125
0 0.7049252418645559 0.740625 0.020228671943711522 0.0296875
0 0.2326297273526825 0.6765625 0.0316622691292876 0.0328125
0 0.18909410729991205 0.6578125 0.029023746701846966 0.034375
0 0.12708883025505716 0.57421875 0.02990325417766051 0.034375
0 0.08311345646437995 0.55078125 0.030782761653474055 0.034375
0 0.051451187335092345 0.59296875 0.02990325417766051 0.03125
0 0.09850483729111698 0.615625 0.028144239226033423 0.028125
0 0.14160070360598065 0.63203125 0.027264731750219876 0.0296875
0 0.32849604221635886 0.9109375 0.0158311345646438 0.0328125