0 0.11477572559366754 0.87421875 0.03781882145998241 0.040625
0 0.2088830255057168 0.8265625 0.040457343887423045 0.0359375
0 0.14643799472295516 0.62578125 0.040457343887423045 0.040625
0 0.06068601583113457 0.84140625 0.04397537379067722 0.046875
0 0.3355321020228672 0.84453125 0.04221635883905013 0.0421875
0 0.38786279683377306 0.815625 0.040457343887423045 0.046875
0 0.3016710642040457 0.5421875 0.04133685136323659 0.04375
0 0.33948988566402816 0.475 0.040457343887423045 0.04375
0 0.436235708003518 0.690625 0.03605980650835532 0.0421875
0 0.4736147757255937 0.7671875 0.0395778364116095 0.0484375
0 0.6508355321020228 0.67265625 0.03781882145998241 0.0390625
0 0.6921723834652594 0.65234375 0.04133685136323659 0.04375
0 0.741424802110818 0.62734375 0.03869832893579595 0.04375
0 0.7845206684256816 0.60703125 0.040457343887423045 0.0421875
0 0.648636763412489 0.22421875 0.04221635883905013 0.04375
0 0.7598944591029023 0.31171875 0.04309586631486367 0.0453125
0 0.5923482849604221 0.0234375 0.032541776605101144 0.034375
0 0.9573438874230431 0.125 0.044854881266490766 0.04375
0 0.8852242744063324 0.55546875 0.03781882145998241 0.0375
0 0.5400175901495162 0.01796875 0.03518029903254178 0.03125
0 0.5853122251539138 0.00546875 0.0395778364116095 0.0109375