0 0.3117854001759015 0.39765625 0.02990325417766051 0.05
0 0.3685136323658751 0.3703125 0.02990325417766051 0.0546875
0 0.3865435356200528 0.39375 0.03342128408091469 0.0546875
0 0.4001759014951627 0.4125 0.028144239226033423 0.05625
0 0.4599824098504837 0.053125 0.029023746701846966 0.0515625
0 0.5017590149516271 0.5234375 0.036939313984168866 0.065625
0 0.6886543535620053 0.621875 0.02990325417766051 0.0546875
0 0.6380826737027264 0.91640625 0.03342128408091469 0.071875
0 0.6688654353562006 0.85234375 0.03430079155672823 0.078125
0 0.7009674582233949 0.77890625 0.03518029903254178 0.0640625
0 0.7269129287598944 0.72109375 0.03605980650835532 0.0734375
0 0.7884784520668425 0.58984375 0.03430079155672823 0.065625
0 0.8144239226033422 0.43359375 0.03605980650835532 0.071875
0 0.8781882145998241 0.2625 0.027264731750219876 0.0515625
0 0.4766930518909411 0.02109375 0.02990325417766051 0.040625