0 0.7387862796833773 0.171875 0.040457343887423045 0.053125
0 0.16754617414248021 0.27578125 0.0395778364116095 0.0453125
0 0.1600703605980651 0.2390625 0.04133685136323659 0.046875
0 0.15083553210202286 0.20390625 0.04133685136323659 0.05
0 0.18557607739665788 0.109375 0.036939313984168866 0.040625
0 0.762532981530343 0.33671875 0.040457343887423045 0.053125
0 0.9256816182937555 0.6234375 0.036939313984168866 0.08125
0 0.6701846965699209 0.471875 0.04309586631486367 0.05625
0 0.6750219876868954 0.56953125 0.04573438874230431 0.0546875
0 0.6270888302550571 0.6109375 0.04221635883905013 0.0515625
0 0.5505716798592788 0.67578125 0.03781882145998241 0.05
0 0.4656992084432718 0.67265625 0.05364995602462621 0.065625
0 0.5052770448548812 0.71875 0.040457343887423045 0.0578125
0 0.38478452066842567 0.83515625 0.04133685136323659 0.046875
0 0.34432717678100266 0.87109375 0.04397537379067722 0.0546875
0 0.29463500439753737 0.91796875 0.04573438874230431 0.0578125
0 0.25549692172383465 0.959375 0.04661389621811785 0.059375
0 0.29683377308707126 0.52265625 0.04133685136323659 0.046875
0 0.20536499560246263 0.49609375 0.04309586631486367 0.053125
0 0.9226033421284081 0.1453125 0.04221635883905013 0.05625
0 0.9705364995602462 0.1890625 0.020228671943711522 0.040625
0 0.9661389621811786 0.28984375 0.0395778364116095 0.0515625
0 0.990325417766051 0.84765625 0.01759014951627089 0.0703125
0 0.20360598065083554 0.21015625 0.0316622691292876 0.0453125