0 0.9133685136323659 0.8640625 0.04661389621811785 0.06875
0 0.5206684256816183 0.48515625 0.04221635883905013 0.0546875
0 0.4824098504837291 0.8171875 0.040457343887423045 0.0453125
0 0.44239226033421286 0.7875 0.03869832893579595 0.040625
0 0.39050131926121373 0.75625 0.03781882145998241 0.0453125
0 0.351363236587511 0.725 0.04309586631486367 0.046875
0 0.2717678100263852 0.63984375 0.0395778364116095 0.046875
0 0.25285839929639403 0.6640625 0.03869832893579595 0.0453125
0 0.14643799472295516 0.53125 0.04221635883905013 0.046875
0 0.07255936675461741 0.44765625 0.0395778364116095 0.046875
0 0.17546174142480211 0.253125 0.04309586631486367 0.05625
0 0.7396657871591908 0.98515625 0.04397537379067722 0.0265625
0 0.6565523306948109 0.9390625 0.048372911169744945 0.0484375
0 0.5501319261213721 0.1875 0.032541776605101144 0.046875
0 0.6020228671943711 0.1875 0.03781882145998241 0.0421875
0 0.6222515391380826 0.1078125 0.03342128408091469 0.040625
0 0.5659630606860159 0.1203125 0.036939313984168866 0.0421875
0 0.559806508355321 0.15703125 0.03869832893579595 0.0453125