0 0.5668425681618294 0.1578125 0.04133685136323659 0.0640625
0 0.5263852242744064 0.1203125 0.0395778364116095 0.0609375
0 0.48284960422163586 0.0765625 0.040457343887423045 0.0671875
0 0.4384344766930519 0.0390625 0.03781882145998241 0.0546875
0 0.6561125769569042 0.23515625 0.03342128408091469 0.059375
0 0.4788918205804749 0.96484375 0.027264731750219876 0.053125
0 0.91688654353562 0.834375 0.03869832893579595 0.0578125
0 0.2612137203166227 0.73046875 0.03605980650835532 0.0484375
0 0.28671943711521547 0.65078125 0.036939313984168866 0.0546875
0 0.32145998240985046 0.721875 0.03430079155672823 0.059375
0 0.3276165347405453 0.690625 0.036939313984168866 0.05625
0 0.33948988566402816 0.6640625 0.02990325417766051 0.053125
0 0.503957783641161 0.9828125 0.028144239226033423 0.03125