0 0.6319261213720316 0.86875 0.040457343887423045 0.0578125
0 0.7941952506596306 0.56484375 0.02990325417766051 0.0453125
0 0.781882145998241 0.52265625 0.0316622691292876 0.0484375
0 0.335971855760774 0.47265625 0.023746701846965697 0.053125
0 0.3087071240105541 0.45078125 0.024626209322779244 0.0546875
0 0.31882145998240985 0.403125 0.020228671943711522 0.0546875
0 0.29243623570800353 0.384375 0.019349164467897976 0.0421875
0 0.2990325417766051 0.3203125 0.025505716798592787 0.05625
0 0.34300791556728233 0.02265625 0.021108179419525065 0.0453125
0 0.33773087071240104 0.06015625 0.018469656992084433 0.0375
0 0.3201407211961302 0.0109375 0.019349164467897976 0.021875
0 0.14335971855760773 0.253125 0.03430079155672823 0.0421875
0 0.4239226033421284 0.96171875 0.028144239226033423 0.0515625
0 0.40281442392260336 0.96171875 0.029023746701846966 0.04375
0 0.8698328935795955 0.95390625 0.03518029903254178 0.06875
0 0.851363236587511 0.9671875 0.04221635883905013 0.0625
0 0.8311345646437994 0.9734375 0.03342128408091469 0.05
0 0.6437994722955145 0.20859375 0.026385224274406333 0.0359375
0 0.6218117854001759 0.190625 0.026385224274406333 0.034375
0 0.6147757255936676 0.1625 0.027264731750219876 0.0375