0 0.7335092348284961 0.40234375 0.04221635883905013 0.05625
0 0.8306948109058927 0.3234375 0.044854881266490766 0.0578125
0 0.911169744942832 0.2984375 0.04309586631486367 0.0546875
0 0.8847845206684257 0.221875 0.04221635883905013 0.0515625
0 0.7977132805628848 0.0203125 0.047493403693931395 0.040625
0 0.49868073878627966 0.28046875 0.03869832893579595 0.04375
0 0.4621811785400176 0.3140625 0.036939313984168866 0.0484375
0 0.4173262972735268 0.3515625 0.04221635883905013 0.053125
0 0.3759894459102902 0.384375 0.0395778364116095 0.053125
0 0.28671943711521547 0.46015625 0.040457343887423045 0.05625
0 0.7449428320140721 0.0578125 0.04133685136323659 0.0609375
0 0.6657871591908531 0.13203125 0.04221635883905013 0.05625
0 0.6547933157431838 0.87890625 0.03430079155672823 0.046875
0 0.6037818821459983 0.88984375 0.03518029903254178 0.05
0 0.6147757255936676 0.92109375 0.0395778364116095 0.053125
0 0.6187335092348285 0.95390625 0.03518029903254178 0.046875