0 0.5795954265611257 0.81328125 0.027264731750219876 0.05
0 0.55584872471416 0.840625 0.025505716798592787 0.0453125
0 0.7154793315743184 0.51484375 0.03869832893579595 0.0578125
0 0.7058047493403694 0.4875 0.030782761653474055 0.053125
0 0.635004397537379 0.3265625 0.03869832893579595 0.0609375
0 0.5800351802990326 0.30625 0.03869832893579595 0.065625
0 0.3627968337730871 0.11640625 0.036939313984168866 0.0640625
0 0.3649956024626209 0.240625 0.03430079155672823 0.0546875
0 0.2119613016710642 0.5046875 0.032541776605101144 0.05
0 0.45338610378188215 0.02421875 0.051890941072999124 0.0484375
0 0.2022867194371152 0.69296875 0.030782761653474055 0.053125
0 0.08047493403693931 0.56015625 0.030782761653474055 0.0484375
0 0.04397537379067722 0.840625 0.03605980650835532 0.053125
0 0.0043975373790677225 0.80703125 0.008795074758135445 0.0609375
0 0.7955145118733509 0.0609375 0.04397537379067722 0.040625
0 0.7519788918205804 0.05234375 0.028144239226033423 0.034375
0 0.7889182058047494 0.54921875 0.03518029903254178 0.053125
0 0.7603342128408092 0.4734375 0.03869832893579595 0.0515625
0 0.7286719437115216 0.54921875 0.03342128408091469 0.05