0 0.23966578715919085 0.6625 0.02198768689533861 0.05
0 0.2612137203166227 0.74140625 0.023746701846965697 0.053125
0 0.2801231310466139 0.8125 0.02198768689533861 0.0546875
0 0.2510993843447669 0.79453125 0.014951627088830254 0.0453125
0 0.23175021987686895 0.7328125 0.01759014951627089 0.0453125
0 0.272207563764292 0.40234375 0.01759014951627089 0.0359375
0 0.25241864555848725 0.3453125 0.016710642040457344 0.0359375
0 0.08883025505716799 0.13125 0.014072119613016711 0.0296875
0 0.7519788918205804 0.82890625 0.028144239226033423 0.04375
0 0.7330694810905892 0.7890625 0.023746701846965697 0.0359375
0 0.07563764291996482 0.6203125 0.036939313984168866 0.040625
0 0.27616534740545295 0.3578125 0.019349164467897976 0.040625
0 0.17985927880386984 0.06875 0.0158311345646438 0.03125
0 0.5461741424802111 0.4625 0.021108179419525065 0.028125
0 0.5549692172383466 0.48828125 0.022867194371152155 0.0328125
0 0.5782761653474054 0.49765625 0.024626209322779244 0.0328125
0 0.07255936675461741 0.078125 0.011433597185576077 0.0203125