0 0.6204925241864556 0.79296875 0.040457343887423045 0.0640625
0 0.5875109938434476 0.85 0.03869832893579595 0.059375
0 0.5532102022867195 0.91328125 0.040457343887423045 0.065625
0 0.5171503957783641 0.97265625 0.03869832893579595 0.0515625
0 0.693051890941073 0.671875 0.032541776605101144 0.0578125
0 0.40369393139841686 0.06640625 0.027264731750219876 0.0515625
0 0.2339489885664028 0.40390625 0.03518029903254178 0.0484375
0 0.27132805628847845 0.46640625 0.036939313984168866 0.053125
0 0.2928759894459103 0.38046875 0.03342128408091469 0.0578125
0 0.3038698328935796 0.40703125 0.036939313984168866 0.0546875
0 0.3197009674582234 0.4265625 0.02990325417766051 0.053125
0 0.4234828496042216 0.03203125 0.027264731750219876 0.0390625