0 0.6912928759894459 0.70703125 0.04221635883905013 0.053125
0 0.5189094107299912 0.6984375 0.036939313984168866 0.0484375
0 0.4920844327176781 0.81015625 0.03869832893579595 0.0546875
0 0.45382585751978893 0.77421875 0.04397537379067722 0.059375
0 0.40633245382585753 0.73125 0.04309586631486367 0.0578125
0 0.5373790677220757 0.37109375 0.040457343887423045 0.0546875
0 0.5048372911169745 0.44140625 0.044854881266490766 0.0625
0 0.386103781882146 0.51328125 0.03869832893579595 0.05
0 0.2695690413368514 0.26953125 0.03869832893579595 0.05
0 0.25769569041336854 0.196875 0.04133685136323659 0.0546875
0 0.3676341248900616 0.69453125 0.04309586631486367 0.053125
0 0.2752858399296394 0.61015625 0.0395778364116095 0.053125
0 0.16578715919085313 0.40625 0.04133685136323659 0.0515625
0 0.6591908531222516 0.9734375 0.04309586631486367 0.05
0 0.6802990325417766 0.12578125 0.029023746701846966 0.0390625
0 0.6543535620052771 0.20703125 0.0316622691292876 0.0390625
0 0.604221635883905 0.196875 0.03342128408091469 0.0546875
0 0.623570800351803 0.13828125 0.03518029903254178 0.0484375
0 0.6134564643799473 0.16796875 0.040457343887423045 0.0515625