0 0.731750219876869 0.26875 0.028144239226033423 0.04375
0 0.7106420404573439 0.30390625 0.026385224274406333 0.0453125
0 0.519349164467898 0.02890625 0.03430079155672823 0.0578125
0 0.2704485488126649 0.0984375 0.024626209322779244 0.0578125
0 0.2405452946350044 0.1 0.022867194371152155 0.05
0 0.2423043095866315 0.159375 0.024626209322779244 0.05625
0 0.2119613016710642 0.16015625 0.020228671943711522 0.04375
0 0.21108179419525067 0.228125 0.024626209322779244 0.0515625
0 0.21152154793315744 0.50234375 0.018469656992084433 0.0375
0 0.20932277924362358 0.55234375 0.018469656992084433 0.0375
0 0.1820580474934037 0.55703125 0.0158311345646438 0.03125
0 0.0021987686895338612 0.69140625 0.0043975373790677225 0.0296875
0 0.5272647317502199 0.52421875 0.022867194371152155 0.034375
0 0.5052770448548812 0.52890625 0.023746701846965697 0.0328125
0 0.4916446789797713 0.5453125 0.022867194371152155 0.034375
0 0.03737906772207564 0.20859375 0.04133685136323659 0.0484375
0 0.0773966578715919 0.8 0.016710642040457344 0.028125