0 0.43051890941073 0.39765625 0.02990325417766051 0.0640625
0 0.35224274406332456 0.23671875 0.026385224274406333 0.053125
0 0.06200527704485488 0.4421875 0.036939313984168866 0.05
0 0.1785400175901495 0.334375 0.03781882145998241 0.0453125
0 0.38214599824098505 0.47890625 0.028144239226033423 0.0640625
0 0.4494283201407212 0.66796875 0.032541776605101144 0.0671875
0 0.5690413368513633 0.46796875 0.0316622691292876 0.0640625
0 0.7576956904133685 0.93984375 0.040457343887423045 0.075
0 0.8047493403693932 0.821875 0.0395778364116095 0.0734375
0 0.9160070360598065 0.6484375 0.03342128408091469 0.0625
0 0.548372911169745 0.94140625 0.02990325417766051 0.0625
0 0.4072119613016711 0.55390625 0.028144239226033423 0.0625
0 0.8781882145998241 0.575 0.030782761653474055 0.0609375
0 0.899736147757256 0.66953125 0.0316622691292876 0.0515625
0 0.9327176781002638 0.628125 0.03518029903254178 0.059375
0 0.924802110817942 0.52109375 0.023746701846965697 0.0515625
0 0.24802110817941952 0.084375 0.021108179419525065 0.046875
0 0.23087071240105542 0.03984375 0.022867194371152155 0.0453125
0 0.2326297273526825 0.009375 0.023746701846965697 0.01875