0 0.8394898856640282 0.73828125 0.03342128408091469 0.0296875
0 0.8254177660510115 0.68984375 0.04133685136323659 0.0375
0 0.7361477572559367 0.71015625 0.036939313984168866 0.0296875
0 0.8430079155672823 0.3921875 0.040457343887423045 0.0328125
0 0.7862796833773087 0.37578125 0.036939313984168866 0.03125
0 0.7005277044854882 0.35703125 0.03781882145998241 0.034375
0 0.5189094107299912 0.3109375 0.040457343887423045 0.034375
0 0.47537379067722074 0.29609375 0.03518029903254178 0.034375
0 0.4239226033421284 0.2859375 0.03869832893579595 0.034375
0 0.3786279683377309 0.26796875 0.0395778364116095 0.0375
0 0.2752858399296394 0.24140625 0.04133685136323659 0.0390625
0 0.4080914687774846 0.7140625 0.03605980650835532 0.034375
0 0.9155672823218998 0.5875 0.044854881266490766 0.040625
0 0.9916446789797714 0.56015625 0.0158311345646438 0.034375
0 0.4520668425681618 0.96796875 0.03869832893579595 0.0359375
0 0.4072119613016711 0.96484375 0.03869832893579595 0.0421875
0 0.4072119613016711 0.93125 0.03430079155672823 0.040625