0 0.7339489885664028 0.7234375 0.029023746701846966 0.04375
0 0.712401055408971 0.68984375 0.026385224274406333 0.0453125
0 0.5246262093227793 0.9703125 0.03605980650835532 0.05625
0 0.27440633245382584 0.90859375 0.024626209322779244 0.059375
0 0.24450307827616535 0.90859375 0.022867194371152155 0.0515625
0 0.24582233948988566 0.8484375 0.025505716798592787 0.0578125
0 0.2154793315743184 0.8484375 0.020228671943711522 0.04375
0 0.21372031662269128 0.78046875 0.025505716798592787 0.053125
0 0.21152154793315744 0.50625 0.019349164467897976 0.0375
0 0.2088830255057168 0.45625 0.019349164467897976 0.0375
0 0.18161829375549693 0.453125 0.0158311345646438 0.03125
0 0.5272647317502199 0.475 0.022867194371152155 0.0359375
0 0.5048372911169745 0.4703125 0.023746701846965697 0.0328125
0 0.49120492524186454 0.4546875 0.022867194371152155 0.0359375
0 0.040457343887423045 0.80546875 0.04133685136323659 0.05
0 0.0743183817062445 0.21328125 0.016710642040457344 0.028125