0 0.3482849604221636 0.20859375 0.026385224274406333 0.046875
0 0.20184696569920843 0.2578125 0.02198768689533861 0.04375
0 0.1613896218117854 0.28125 0.019349164467897976 0.0375
0 0.1517150395778364 0.2046875 0.021108179419525065 0.046875
0 0.18293755496921724 0.3734375 0.023746701846965697 0.04375
0 0.16314863676341249 0.33046875 0.026385224274406333 0.0453125
0 0.35048372911169745 0.73046875 0.0316622691292876 0.0625
0 0.38258575197889183 0.7984375 0.026385224274406333 0.0578125
0 0.4366754617414248 0.70625 0.030782761653474055 0.0625
0 0.4256816182937555 0.7640625 0.030782761653474055 0.0609375
0 0.13236587510993844 0.6453125 0.036939313984168866 0.053125
0 0.3153034300791557 0.47421875 0.029023746701846966 0.0546875
0 0.3197009674582234 0.54765625 0.024626209322779244 0.046875
0 0.2669305189094107 0.06796875 0.019349164467897976 0.0375
0 0.13808267370272648 0.2828125 0.02198768689533861 0.04375
0 0.12093227792436236 0.24296875 0.028144239226033423 0.04375
0 0.06156552330694811 0.1203125 0.023746701846965697 0.0484375
0 0.4366754617414248 0.903125 0.02990325417766051 0.065625
0 0.8856640281442393 0.60546875 0.0316622691292876 0.0484375
0 0.8518029903254177 0.67890625 0.0316622691292876 0.059375
0 0.9080914687774846 0.70703125 0.03518029903254178 0.05
0 0.8940193491644679 0.734375 0.04309586631486367 0.0640625
0 0.8852242744063324 0.76328125 0.02990325417766051 0.046875
0 0.021547933157431837 0.79609375 0.030782761653474055 0.0625