0 0.4744942832014072 0.61015625 0.036939313984168866 0.059375
0 0.22911169744942833 0.9359375 0.04573438874230431 0.06875
0 0.4419525065963061 0.08046875 0.029023746701846966 0.0546875
0 0.4635004397537379 0.04765625 0.021108179419525065 0.0453125
0 0.8245382585751979 0.11875 0.032541776605101144 0.0515625
0 0.9489885664028144 0.265625 0.03342128408091469 0.0609375
0 0.8909410729991205 0.34375 0.03605980650835532 0.05625
0 0.876429199648197 0.41875 0.03518029903254178 0.059375
0 0.6789797713280563 0.7078125 0.03781882145998241 0.0609375
0 0.6948109058927001 0.73203125 0.036939313984168866 0.0625
0 0.5813544415127528 0.89453125 0.04309586631486367 0.0609375
0 0.6152154793315743 0.846875 0.03342128408091469 0.059375
0 0.5360598065083553 0.95625 0.04397537379067722 0.065625
0 0.5065963060686016 0.9859375 0.028144239226033423 0.025
0 0.25285839929639403 0.38359375 0.030782761653474055 0.046875
0 0.3368513632365875 0.42734375 0.03430079155672823 0.0546875
0 0.3258575197889182 0.40234375 0.03781882145998241 0.053125
0 0.3153034300791557 0.371875 0.032541776605101144 0.05
0 0.28979771328056286 0.45078125 0.03518029903254178 0.0453125
0 0.978891820580475 0.27265625 0.023746701846965697 0.046875