0 0.832014072119613 0.97265625 0.04397537379067722 0.046875
0 0.9349164467897977 0.771875 0.04309586631486367 0.0609375
0 0.519349164467898 0.48125 0.0395778364116095 0.046875
0 0.5043975373790677 0.81875 0.03869832893579595 0.0375
0 0.46262093227792433 0.79765625 0.036939313984168866 0.0328125
0 0.40853122251539137 0.778125 0.03605980650835532 0.0375
0 0.3676341248900616 0.75546875 0.04133685136323659 0.0390625
0 0.2827616534740545 0.68828125 0.03781882145998241 0.0390625
0 0.26605101143359716 0.71640625 0.036939313984168866 0.0375
0 0.15127528583992964 0.60703125 0.040457343887423045 0.0390625
0 0.07211961301671065 0.540625 0.03781882145998241 0.0390625
0 0.16094986807387862 0.325 0.040457343887423045 0.0484375
0 0.772207563764292 0.94296875 0.040457343887423045 0.0453125
0 0.6851363236587511 0.9015625 0.04661389621811785 0.0390625
0 0.5281442392260334 0.17890625 0.02990325417766051 0.040625
0 0.5800351802990326 0.16796875 0.03605980650835532 0.034375
0 0.594547053649956 0.084375 0.0316622691292876 0.034375
0 0.5395778364116095 0.109375 0.03518029903254178 0.034375
0 0.5360598065083553 0.146875 0.036939313984168866 0.0375