0 0.594547053649956 0.2 0.024626209322779244 0.046875
0 0.5721196130167107 0.16953125 0.023746701846965697 0.0421875
0 0.7154793315743184 0.51875 0.03605980650835532 0.053125
0 0.7044854881266491 0.54453125 0.028144239226033423 0.0484375
0 0.6257695690413368 0.69375 0.03605980650835532 0.05625
0 0.5703605980650835 0.70546875 0.03605980650835532 0.0609375
0 0.34432717678100266 0.8609375 0.03430079155672823 0.059375
0 0.3526824978012313 0.7375 0.0316622691292876 0.05
0 0.21328056288478453 0.45078125 0.030782761653474055 0.0453125
0 0.43007915567282323 0.97265625 0.04925241864555849 0.0515625
0 0.21284080914687775 0.26171875 0.028144239226033423 0.0484375
0 0.08487247141600704 0.375 0.029023746701846966 0.04375
0 0.06244503078276165 0.08984375 0.03342128408091469 0.0484375
0 0.011873350923482849 0.115625 0.023746701846965697 0.05625
0 0.7735268249780123 0.98203125 0.04309586631486367 0.0328125
0 0.7295514511873351 0.984375 0.027264731750219876 0.028125
0 0.7902374670184696 0.49609375 0.032541776605101144 0.0484375
0 0.7581354441512753 0.56640625 0.036939313984168866 0.0453125
0 0.7299912049252418 0.48671875 0.0316622691292876 0.0453125