0 0.5325417766051012 0.6625 0.03869832893579595 0.0515625
0 0.49296394019349166 0.92578125 0.03781882145998241 0.053125
0 0.4173262972735268 0.96171875 0.04309586631486367 0.0546875
0 0.7726473175021987 0.703125 0.0395778364116095 0.0484375
0 0.6605101143359718 0.83046875 0.0395778364116095 0.0515625
0 0.012313104661389622 0.52578125 0.023746701846965697 0.0609375
0 0.9656992084432717 0.0421875 0.020228671943711522 0.03125
0 0.8548812664907651 0.15703125 0.04397537379067722 0.0515625
0 0.2801231310466139 0.36484375 0.026385224274406333 0.0359375
0 0.30123131046613894 0.44140625 0.0316622691292876 0.0484375
0 0.2515391380826737 0.44375 0.030782761653474055 0.040625
0 0.2594547053649956 0.475 0.0395778364116095 0.0546875
0 0.2673702726473175 0.50625 0.03342128408091469 0.0359375
0 0.7295514511873351 0.753125 0.0395778364116095 0.0546875