0 0.772207563764292 0.50625 0.036939313984168866 0.0765625
0 0.8535620052770448 0.41875 0.030782761653474055 0.0734375
0 0.5681618293755497 0.4609375 0.02990325417766051 0.065625
0 0.5413368513632366 0.5203125 0.02990325417766051 0.0640625
0 0.5048372911169745 0.59140625 0.030782761653474055 0.0640625
0 0.47977132805628847 0.64609375 0.032541776605101144 0.0703125
0 0.4129287598944591 0.7828125 0.030782761653474055 0.0734375
0 0.7088830255057168 0.84921875 0.032541776605101144 0.0703125
0 0.9239226033421284 0.9890625 0.032541776605101144 0.01875
0 0.8729111697449429 0.94453125 0.03518029903254178 0.059375
0 0.8227792436235708 0.97578125 0.032541776605101144 0.0453125
0 0.8412489006156553 0.98828125 0.0395778364116095 0.0203125
0 0.6917326297273527 0.215625 0.032541776605101144 0.065625
0 0.7475813544415127 0.09609375 0.03605980650835532 0.0734375