0 0.07871591908531222 0.4265625 0.04221635883905013 0.0625
0 0.20360598065083554 0.72890625 0.029023746701846966 0.059375
0 0.1363236587510994 0.70234375 0.025505716798592787 0.04375
0 0.21459982409850484 0.640625 0.028144239226033423 0.046875
0 0.32058047493403696 0.4875 0.0395778364116095 0.0671875
0 0.34564643799472294 0.3640625 0.03430079155672823 0.059375
0 0.3021108179419525 0.3265625 0.03781882145998241 0.0625
0 0.3368513632365875 0.25546875 0.028144239226033423 0.0546875
0 0.38786279683377306 0.1453125 0.02990325417766051 0.0578125
0 0.31354441512752856 0.86015625 0.0316622691292876 0.0546875
0 0.0743183817062445 0.84765625 0.027264731750219876 0.05
0 0.09278803869832894 0.80078125 0.025505716798592787 0.0453125
0 0.11565523306948108 0.79921875 0.027264731750219876 0.0484375
0 0.11829375549692173 0.7453125 0.02990325417766051 0.0484375
0 0.23131046613896217 0.99453125 0.024626209322779244 0.0078125
0 0.04573438874230431 0.99140625 0.026385224274406333 0.0140625
0 0.8324538258575198 0.4109375 0.02990325417766051 0.0484375
0 0.7977132805628848 0.34453125 0.036939313984168866 0.0546875
0 0.8368513632365875 0.28359375 0.04133685136323659 0.0578125
0 0.8504837291116975 0.309375 0.03869832893579595 0.0515625
0 0.8249780123131046 0.259375 0.03342128408091469 0.0453125