0 0.9384344766930519 0.32734375 0.036939313984168866 0.0390625
0 0.7963940193491644 0.2921875 0.0395778364116095 0.0453125
0 0.6750219876868954 0.2578125 0.036939313984168866 0.040625
0 0.5246262093227793 0.50703125 0.026385224274406333 0.0703125
0 0.5149516270888302 0.59296875 0.024626209322779244 0.0640625
0 0.49868073878627966 0.73046875 0.027264731750219876 0.0765625
0 0.4261213720316623 0.55703125 0.02990325417766051 0.0671875
0 0.391820580474934 0.33515625 0.026385224274406333 0.05625
0 0.4102902374670185 0.2125 0.021108179419525065 0.046875
0 0.3896218117854002 0.19375 0.026385224274406333 0.0578125
0 0.5690413368513633 0.06328125 0.021108179419525065 0.05
0 0.5729991204925242 0.0203125 0.02198768689533861 0.040625
0 0.3355321020228672 0.8515625 0.02990325417766051 0.071875
0 0.3258575197889182 0.5421875 0.02990325417766051 0.065625
0 0.38214599824098505 0.04921875 0.027264731750219876 0.05625
0 0.04969217238346526 0.9359375 0.02990325417766051 0.071875