0 0.27308707124010556 0.5453125 0.0395778364116095 0.0484375
0 0.8605980650835532 0.52890625 0.04397537379067722 0.0546875
0 0.8456464379947229 0.28125 0.04221635883905013 0.0484375
0 0.7445030782761654 0.2828125 0.0395778364116095 0.0390625
0 0.7313104661389622 0.23828125 0.03869832893579595 0.04375
0 0.7801231310466139 0.18984375 0.03869832893579595 0.0453125
0 0.5312225153913809 0.24609375 0.03781882145998241 0.04375
0 0.5760773966578716 0.2359375 0.03869832893579595 0.046875
0 0.627528583992964 0.2265625 0.03869832893579595 0.04375
0 0.6723834652594547 0.2140625 0.04133685136323659 0.04375
0 0.21372031662269128 0.3046875 0.04397537379067722 0.0453125
0 0.34872471416007034 0.2796875 0.03605980650835532 0.0421875
0 0.5769569041336852 0.98984375 0.03869832893579595 0.0171875
0 0.5760773966578716 0.9109375 0.036939313984168866 0.04375
0 0.6244503078276166 0.90703125 0.040457343887423045 0.046875
0 0.6244503078276166 0.94375 0.03781882145998241 0.040625
0 0.6231310466138962 0.8734375 0.03430079155672823 0.0375