0 0.7484608619173263 0.29140625 0.04573438874230431 0.059375
0 0.7014072119613016 0.340625 0.03430079155672823 0.0453125
0 0.609938434476693 0.32734375 0.04133685136323659 0.05625
0 0.6292875989445911 0.41015625 0.036939313984168866 0.0515625
0 0.4529463500439754 0.4640625 0.04573438874230431 0.0609375
0 0.47405452946350046 0.571875 0.03869832893579595 0.0515625
0 0.8975373790677221 0.0109375 0.03781882145998241 0.021875
0 0.4384344766930519 0.60859375 0.04309586631486367 0.059375
0 0.3922603342128408 0.659375 0.04309586631486367 0.059375
0 0.35224274406332456 0.7 0.04309586631486367 0.05625
0 0.2590149516270888 0.79765625 0.03869832893579595 0.053125
0 0.5290237467018469 0.16953125 0.04133685136323659 0.0546875
0 0.2836411609498681 0.265625 0.040457343887423045 0.0546875