0 0.27880386983289357 0.39921875 0.036939313984168866 0.0421875
0 0.8592788038698329 0.56015625 0.04133685136323659 0.046875
0 0.8249780123131046 0.80234375 0.0395778364116095 0.0421875
0 0.7251539138082673 0.77578125 0.03781882145998241 0.0328125
0 0.7084432717678101 0.81640625 0.036939313984168866 0.0375
0 0.7532981530343008 0.8765625 0.03605980650835532 0.0390625
0 0.5109938434476693 0.75859375 0.03518029903254178 0.0375
0 0.5545294635004397 0.78046875 0.03605980650835532 0.040625
0 0.6046613896218118 0.80234375 0.036939313984168866 0.0375
0 0.6481970096745823 0.82578125 0.0395778364116095 0.0375
0 0.2009674582233949 0.62265625 0.04221635883905013 0.0375
0 0.33289357959542654 0.68046875 0.03430079155672823 0.0359375
0 0.9815303430079155 0.9265625 0.02990325417766051 0.053125
0 0.9265611257695691 0.04921875 0.019349164467897976 0.05625
0 0.8918205804749341 0.04296875 0.02198768689533861 0.05625
0 0.6156552330694811 0.02265625 0.03605980650835532 0.03125
0 0.6077396657871592 0.11171875 0.03430079155672823 0.0375
0 0.6547933157431838 0.12734375 0.03781882145998241 0.040625
0 0.6578715919085312 0.09140625 0.03605980650835532 0.034375
0 0.6512752858399297 0.1609375 0.032541776605101144 0.0328125