0 0.7810026385224275 0.67265625 0.03342128408091469 0.0421875
0 0.7691292875989446 0.628125 0.032541776605101144 0.04375
0 0.6011433597185576 0.934375 0.04133685136323659 0.06875
0 0.32409850483729113 0.5546875 0.02198768689533861 0.05
0 0.29771328056288476 0.53203125 0.01759014951627089 0.0421875
0 0.30782761653474056 0.48125 0.018469656992084433 0.0515625
0 0.28232189973614774 0.46796875 0.021108179419525065 0.0421875
0 0.29155672823219 0.409375 0.023746701846965697 0.053125
0 0.33948988566402816 0.121875 0.018469656992084433 0.0375
0 0.3333333333333333 0.16171875 0.016710642040457344 0.03125
0 0.31706244503078274 0.10625 0.019349164467897976 0.0359375
0 0.13544415127528583 0.33359375 0.03605980650835532 0.040625
0 0.6033421284080914 0.27421875 0.027264731750219876 0.0328125
0 0.6125769569041337 0.3046875 0.026385224274406333 0.0359375
0 0.6328056288478452 0.31796875 0.028144239226033423 0.0359375