0 0.1284080914687775 0.5 0.03869832893579595 0.046875
0 0.2075637642919965 0.71171875 0.03605980650835532 0.040625
0 0.20492524186455585 0.365625 0.03781882145998241 0.0421875
0 0.38698328935795956 0.33984375 0.03869832893579595 0.040625
0 0.4714160070360598 0.38203125 0.03781882145998241 0.0421875
0 0.5470536499560247 0.22890625 0.03869832893579595 0.04375
0 0.5070360598065083 0.1734375 0.03342128408091469 0.0453125
0 0.5479331574318381 0.14609375 0.036939313984168866 0.04375
0 0.15303430079155672 0.59296875 0.032541776605101144 0.059375
0 0.6649076517150396 0.19375 0.04133685136323659 0.046875
0 0.256816182937555 0.33515625 0.036939313984168866 0.040625
0 0.33509234828496043 0.28671875 0.0395778364116095 0.0453125
0 0.03781882145998241 0.8875 0.03605980650835532 0.0453125
0 0.6015831134564644 0.1140625 0.04221635883905013 0.0546875
0 0.6429199648197009 0.08359375 0.04221635883905013 0.05
0 0.7392260334212841 0.0953125 0.04309586631486367 0.0546875
0 0.7462620932277925 0.01875 0.04661389621811785 0.0375
0 0.6521547933157432 0.88515625 0.02990325417766051 0.028125
0 0.637203166226913 0.7984375 0.03342128408091469 0.040625
0 0.6868953386103782 0.8125 0.03430079155672823 0.034375
0 0.6816182937554969 0.78046875 0.036939313984168866 0.0359375
0 0.6781002638522428 0.74765625 0.03342128408091469 0.0390625
0 0.9234828496042217 0.81953125 0.022867194371152155 0.05625
0 0.9577836411609498 0.80859375 0.024626209322779244 0.0546875