0 0.7660510114335972 0.39765625 0.03869832893579595 0.0796875
0 0.8342128408091469 0.27890625 0.032541776605101144 0.075
0 0.5615655233069481 0.43515625 0.0316622691292876 0.0671875
0 0.5430958663148637 0.503125 0.0316622691292876 0.065625
0 0.5162708883025505 0.5875 0.032541776605101144 0.065625
0 0.49868073878627966 0.65 0.03430079155672823 0.071875
0 0.45074758135444154 0.81015625 0.032541776605101144 0.075
0 0.7475813544415127 0.75703125 0.03430079155672823 0.071875
0 0.9771328056288479 0.82890625 0.03342128408091469 0.0625
0 0.9195250659630607 0.784375 0.036939313984168866 0.0625
0 0.876429199648197 0.8453125 0.03342128408091469 0.0671875
0 0.8970976253298153 0.86328125 0.040457343887423045 0.0703125
0 0.9199648197009674 0.87421875 0.03518029903254178 0.05625
0 0.6508355321020228 0.14609375 0.03430079155672823 0.0671875
0 0.6904133685136323 0.0234375 0.03869832893579595 0.046875