0 0.357080035180299 0.80546875 0.026385224274406333 0.046875
0 0.20932277924362358 0.76953125 0.021108179419525065 0.0421875
0 0.167985927880387 0.75 0.018469656992084433 0.0359375
0 0.16094986807387862 0.82734375 0.021108179419525065 0.0453125
0 0.1868953386103782 0.65546875 0.022867194371152155 0.0421875
0 0.16842568161829374 0.70078125 0.025505716798592787 0.0453125
0 0.3438874230430959 0.28359375 0.0316622691292876 0.0625
0 0.37423043095866315 0.21328125 0.026385224274406333 0.0578125
0 0.4309586631486368 0.3 0.030782761653474055 0.0625
0 0.4177660510114336 0.24296875 0.030782761653474055 0.0609375
0 0.1284080914687775 0.3890625 0.036939313984168866 0.053125
0 0.31618293755496923 0.54296875 0.029023746701846966 0.0546875
0 0.31838170624450307 0.46875 0.024626209322779244 0.0453125
0 0.2801231310466139 0.953125 0.018469656992084433 0.0359375
0 0.14467897977132807 0.75078125 0.021108179419525065 0.0421875
0 0.12884784520668427 0.7921875 0.027264731750219876 0.04375
0 0.07343887423043095 0.91953125 0.023746701846965697 0.046875
0 0.42480211081794195 0.103125 0.02990325417766051 0.065625
0 0.882145998240985 0.35859375 0.0316622691292876 0.0484375
0 0.8460861917326298 0.28828125 0.0316622691292876 0.059375
0 0.9014951627088831 0.25546875 0.03518029903254178 0.05
0 0.8865435356200527 0.2296875 0.04309586631486367 0.0625
0 0.8768689533861038 0.2015625 0.02990325417766051 0.046875
0 0.014511873350923483 0.24921875 0.029023746701846966 0.0640625