0 0.797273526824978 0.665625 0.03430079155672823 0.06875
0 0.7392260334212841 0.55546875 0.03869832893579595 0.090625
0 0.7576956904133685 0.271875 0.0316622691292876 0.075
0 0.5589270008795075 0.56953125 0.029023746701846966 0.0640625
0 0.5417766051011433 0.49765625 0.028144239226033423 0.06875
0 0.5206684256816183 0.4171875 0.0316622691292876 0.078125
0 0.5035180299032542 0.34453125 0.02990325417766051 0.065625
0 0.4630606860158311 0.17890625 0.029023746701846966 0.0640625
0 0.9868073878627969 0.23515625 0.024626209322779244 0.0671875
0 0.9291996481970096 0.265625 0.030782761653474055 0.0640625
0 0.9353562005277045 0.1640625 0.03342128408091469 0.0734375
0 0.9116094986807388 0.18515625 0.03342128408091469 0.06875
0 0.8896218117854002 0.19609375 0.023746701846965697 0.0640625
0 0.6297273526824978 0.86875 0.03342128408091469 0.0734375
0 0.6640281442392261 0.98984375 0.03518029903254178 0.0171875