0 0.08267370272647317 0.62578125 0.0395778364116095 0.059375
0 0.19525065963060687 0.30859375 0.027264731750219876 0.05625
0 0.12884784520668427 0.34296875 0.024626209322779244 0.040625
0 0.20976253298153033 0.3953125 0.026385224274406333 0.04375
0 0.32145998240985046 0.53515625 0.036939313984168866 0.0625
0 0.351363236587511 0.6546875 0.032541776605101144 0.0546875
0 0.3095866314863676 0.69765625 0.03518029903254178 0.0578125
0 0.3469656992084433 0.7640625 0.026385224274406333 0.0515625
0 0.4019349164467898 0.86796875 0.028144239226033423 0.0546875
0 0.29991204925241866 0.1640625 0.02990325417766051 0.0515625
0 0.06200527704485488 0.20625 0.025505716798592787 0.046875
0 0.0822339489885664 0.25078125 0.023746701846965697 0.0421875
0 0.10510114335971855 0.2484375 0.025505716798592787 0.0453125
0 0.10949868073878628 0.30234375 0.028144239226033423 0.0453125
0 0.2119613016710642 0.0234375 0.022867194371152155 0.0375
0 0.026385224274406333 0.0515625 0.024626209322779244 0.0390625
0 0.8350923482849604 0.54765625 0.028144239226033423 0.0453125
0 0.802990325417766 0.61796875 0.03518029903254178 0.05
0 0.8447669305189094 0.6734375 0.0395778364116095 0.0546875
0 0.8570800351802991 0.64609375 0.036939313984168866 0.046875
0 0.8337730870712401 0.7 0.032541776605101144 0.040625