0 0.4445910290237467 0.559375 0.040457343887423045 0.040625
0 0.6310466138962181 0.51171875 0.04573438874230431 0.046875
0 0.5219876868953386 0.43984375 0.03869832893579595 0.0375
0 0.5642040457343888 0.42421875 0.03781882145998241 0.0390625
0 0.6165347405452947 0.4078125 0.040457343887423045 0.0375
0 0.6609498680738787 0.38984375 0.036939313984168866 0.0375
0 0.8935795954265612 0.58203125 0.04133685136323659 0.0375
0 0.7656112576956904 0.34765625 0.03605980650835532 0.040625
0 0.2075637642919965 0.5453125 0.04133685136323659 0.0390625
0 0.09542656112576957 0.70859375 0.0395778364116095 0.0453125
0 0.12708883025505716 0.74375 0.03605980650835532 0.03125
0 0.2647317502198769 0.5234375 0.0395778364116095 0.04375
0 0.3034300791556728 0.82421875 0.03781882145998241 0.040625
0 0.3447669305189094 0.503125 0.04133685136323659 0.05
0 0.644678979771328 0.8421875 0.044854881266490766 0.0453125