0 0.1503957783641161 0.31484375 0.032541776605101144 0.025
0 0.16666666666666666 0.3609375 0.040457343887423045 0.0328125
0 0.2541776605101143 0.3265625 0.03605980650835532 0.0234375
0 0.16358839050131926 0.66015625 0.0395778364116095 0.028125
0 0.22075637642919965 0.66796875 0.03518029903254178 0.025
0 0.3073878627968338 0.6734375 0.036939313984168866 0.028125
0 0.490325417766051 0.690625 0.0395778364116095 0.0296875
0 0.5343007915567283 0.69921875 0.03430079155672823 0.0296875
0 0.5861917326297273 0.7015625 0.03781882145998241 0.028125
0 0.6323658751099385 0.7125 0.03869832893579595 0.03125
0 0.7365875109938435 0.72265625 0.040457343887423045 0.034375
0 0.5809146877748461 0.27265625 0.03518029903254178 0.028125
0 0.08135444151275285 0.47734375 0.04397537379067722 0.034375
0 0.007475813544415127 0.51640625 0.014951627088830254 0.0328125
0 0.5246262093227793 0.0265625 0.03781882145998241 0.0296875
0 0.56948109058927 0.02265625 0.03781882145998241 0.0359375
0 0.5712401055408971 0.05546875 0.03342128408091469 0.0359375