0 0.029023746701846966 0.646875 0.04221635883905013 0.0515625
0 0.0743183817062445 0.72109375 0.03869832893579595 0.05625
0 0.12137203166226913 0.63984375 0.04397537379067722 0.0546875
0 0.2418645558487247 0.578125 0.04309586631486367 0.05
0 0.16094986807387862 0.93828125 0.04661389621811785 0.05
0 0.21943711521547934 0.9046875 0.03869832893579595 0.0421875
0 0.3051890941072999 0.85390625 0.0395778364116095 0.046875
0 0.48021108179419525 0.753125 0.03518029903254178 0.046875
0 0.5215479331574319 0.728125 0.0395778364116095 0.04375
0 0.5708003518029904 0.703125 0.036939313984168866 0.0453125
0 0.6130167106420404 0.68046875 0.0395778364116095 0.05
0 0.7084432717678101 0.6328125 0.040457343887423045 0.0484375
0 0.38258575197889183 0.1171875 0.03342128408091469 0.0421875
0 0.4340369393139842 0.121875 0.032541776605101144 0.0421875
0 0.4291996481970097 0.08984375 0.03781882145998241 0.0375
0 0.3654353562005277 0.03046875 0.030782761653474055 0.0359375
0 0.4230430958663149 0.0546875 0.032541776605101144 0.0421875