0 0.26605101143359716 0.575 0.0395778364116095 0.053125
0 0.2484608619173263 0.65 0.040457343887423045 0.0546875
0 0.1943711521547933 0.46953125 0.02198768689533861 0.0640625
0 0.5395778364116095 0.7484375 0.040457343887423045 0.0578125
0 0.5457343887423043 0.84140625 0.04133685136323659 0.0578125
0 0.5901495162708883 0.86796875 0.040457343887423045 0.0578125
0 0.6424802110817942 0.90390625 0.040457343887423045 0.0609375
0 0.6868953386103782 0.93359375 0.044854881266490766 0.0546875
0 0.7159190853122251 0.875 0.040457343887423045 0.0625
0 0.7242744063324539 0.759375 0.04397537379067722 0.0625
0 0.08795074758135445 0.14375 0.03781882145998241 0.0515625
0 0.09410729991204925 0.228125 0.036939313984168866 0.05
0 0.003518029903254178 0.3484375 0.007036059806508356 0.05
0 0.2985927880386983 0.6828125 0.03605980650835532 0.0515625
0 0.3759894459102902 0.728125 0.04133685136323659 0.05625
0 0.8452066842568162 0.90625 0.0316622691292876 0.0328125
0 0.6886543535620053 0.11953125 0.029023746701846966 0.0421875
0 0.6723834652594547 0.20859375 0.036939313984168866 0.05
0 0.7185576077396658 0.26171875 0.032541776605101144 0.04375
0 0.7229551451187335 0.22734375 0.03869832893579595 0.053125
0 0.727792436235708 0.19375 0.0395778364116095 0.046875
0 0.9705364995602462 0.17890625 0.02198768689533861 0.0625