0 0.5109938434476693 0.671875 0.03869832893579595 0.053125
0 0.4393139841688654 0.91171875 0.03781882145998241 0.0546875
0 0.36103781882145997 0.91640625 0.04309586631486367 0.0546875
0 0.7396657871591908 0.80625 0.0395778364116095 0.05
0 0.6147757255936676 0.8859375 0.0395778364116095 0.053125
0 0.021547933157431837 0.33046875 0.023746701846965697 0.0625
0 0.8891820580474934 0.3078125 0.04397537379067722 0.053125
0 0.30299032541776605 0.28046875 0.026385224274406333 0.0359375
0 0.31354441512752856 0.36328125 0.0316622691292876 0.05
0 0.26517150395778366 0.3453125 0.0316622691292876 0.0421875
0 0.26868953386103783 0.3796875 0.0395778364116095 0.05625
0 0.2726473175021988 0.41328125 0.03342128408091469 0.0359375
0 0.6912928759894459 0.83828125 0.0395778364116095 0.05625