0 0.7906772207563765 0.75 0.04221635883905013 0.0609375
0 0.9173262972735268 0.89453125 0.05013192612137203 0.0609375
0 0.9204045734388743 0.96875 0.04133685136323659 0.059375
0 0.42788038698328934 0.6640625 0.03781882145998241 0.053125
0 0.47053649956024624 0.71953125 0.03605980650835532 0.0515625
0 0.5052770448548812 0.759375 0.040457343887423045 0.05
0 0.31090589270008795 0.525 0.03430079155672823 0.05
0 0.3891820580474934 0.6203125 0.040457343887423045 0.0609375
0 0.6578715919085312 0.95390625 0.03869832893579595 0.0578125
0 0.7387862796833773 0.1234375 0.03518029903254178 0.046875
0 0.7084432717678101 0.203125 0.040457343887423045 0.053125
0 0.6561125769569042 0.18125 0.02990325417766051 0.053125
0 0.6684256816182937 0.15078125 0.0395778364116095 0.0546875
0 0.6781002638522428 0.121875 0.0316622691292876 0.046875