0 0.8597185576077396 0.3921875 0.032541776605101144 0.028125
0 0.8403693931398417 0.434375 0.040457343887423045 0.0359375
0 0.7554969217238346 0.38125 0.036939313984168866 0.028125
0 0.8227792436235708 0.73203125 0.0395778364116095 0.03125
0 0.7656112576956904 0.72734375 0.03605980650835532 0.028125
0 0.679419525065963 0.7140625 0.036939313984168866 0.0328125
0 0.49648197009674583 0.69140625 0.0395778364116095 0.0328125
0 0.4520668425681618 0.68984375 0.03430079155672823 0.0328125
0 0.40061565523306947 0.68125 0.03781882145998241 0.0328125
0 0.3540017590149516 0.68203125 0.03869832893579595 0.0359375
0 0.2497801231310466 0.66953125 0.04133685136323659 0.0375
0 0.43535620052770446 0.25703125 0.03518029903254178 0.03125
0 0.91688654353562 0.56796875 0.044854881266490766 0.0375
0 0.9881266490765171 0.62265625 0.0158311345646438 0.0328125
0 0.5079155672823219 0.02421875 0.03781882145998241 0.034375
0 0.46394019349164467 0.01640625 0.0395778364116095 0.0328125
0 0.4599824098504837 0.04375 0.03430079155672823 0.0390625