0 0.7058047493403694 0.3421875 0.0395778364116095 0.04375
0 0.5343007915567283 0.3078125 0.03430079155672823 0.040625
0 0.5162708883025505 0.190625 0.03518029903254178 0.046875
0 0.4758135444151275 0.2171875 0.040457343887423045 0.05
0 0.4252418645558487 0.24765625 0.0395778364116095 0.0484375
0 0.5268249780123131 0.63671875 0.036939313984168866 0.0453125
0 0.5 0.559375 0.04133685136323659 0.053125
0 0.38830255057167984 0.45859375 0.03605980650835532 0.0421875
0 0.2537379067722076 0.67109375 0.03605980650835532 0.0421875
0 0.23614775725593667 0.73984375 0.03781882145998241 0.0453125
0 0.3843447669305189 0.275 0.040457343887423045 0.04375
0 0.2862796833773087 0.33515625 0.03605980650835532 0.0453125
0 0.16182937554969218 0.51015625 0.03869832893579595 0.0421875
0 0.6948109058927001 0.06796875 0.03869832893579595 0.0453125
0 0.7805628847845206 0.01796875 0.0395778364116095 0.0359375
0 0.6490765171503958 0.91484375 0.026385224274406333 0.0328125
0 0.6297273526824978 0.828125 0.02990325417766051 0.03125
0 0.5795954265611257 0.82578125 0.02990325417766051 0.0484375
0 0.5941072999120492 0.8890625 0.032541776605101144 0.040625
0 0.5861917326297273 0.85703125 0.03781882145998241 0.0421875