0 0.5549692172383466 0.4390625 0.040457343887423045 0.040625
0 0.36895338610378187 0.49296875 0.04573438874230431 0.0453125
0 0.47845206684256814 0.5609375 0.03869832893579595 0.0359375
0 0.436235708003518 0.578125 0.03781882145998241 0.0375
0 0.38478452066842567 0.59609375 0.040457343887423045 0.0375
0 0.3403693931398417 0.61484375 0.036939313984168866 0.0359375
0 0.1059806508355321 0.43046875 0.04133685136323659 0.0375
0 0.2357080035180299 0.66015625 0.03605980650835532 0.0390625
0 0.7919964819700968 0.4453125 0.04133685136323659 0.0390625
0 0.9023746701846965 0.27890625 0.0395778364116095 0.0453125
0 0.8707124010554089 0.24453125 0.03605980650835532 0.0296875
0 0.7352682497801232 0.46953125 0.0395778364116095 0.04375
0 0.6934916446789797 0.16953125 0.03781882145998241 0.0390625
0 0.6552330694810906 0.4921875 0.040457343887423045 0.05
0 0.35224274406332456 0.1625 0.044854881266490766 0.04375