0 0.8421284080914688 0.79375 0.04309586631486367 0.0828125
0 0.8671943711521548 0.90859375 0.036939313984168866 0.0671875
0 0.8992963940193491 0.8296875 0.04221635883905013 0.0765625
0 0.6868953386103782 0.95234375 0.03430079155672823 0.06875
0 0.5549692172383466 0.71015625 0.0316622691292876 0.0625
0 0.525065963060686 0.65546875 0.03342128408091469 0.065625
0 0.4894459102902375 0.5890625 0.0316622691292876 0.0625
0 0.45910290237467016 0.53984375 0.032541776605101144 0.0609375
0 0.3887423043095866 0.41328125 0.032541776605101144 0.0578125
0 0.7968337730870713 0.715625 0.03518029903254178 0.071875
0 0.9678979771328057 0.9375 0.04397537379067722 0.0671875
0 0.8676341248900615 0.15390625 0.030782761653474055 0.0515625
0 0.8232189973614775 0.21953125 0.029023746701846966 0.05625
0 0.7730870712401056 0.18125 0.029023746701846966 0.0609375
0 0.7893579595426561 0.1578125 0.032541776605101144 0.059375
0 0.802990325417766 0.1296875 0.023746701846965697 0.0546875