0 0.785839929639402 0.58828125 0.04221635883905013 0.0421875
0 0.8284960422163589 0.35078125 0.04661389621811785 0.046875
0 0.7726473175021987 0.32109375 0.03781882145998241 0.0390625
0 0.5153913808267371 0.20078125 0.03869832893579595 0.040625
0 0.4714160070360598 0.17890625 0.03869832893579595 0.0421875
0 0.4226033421284081 0.15390625 0.04133685136323659 0.040625
0 0.3781882145998241 0.1328125 0.04133685136323659 0.0421875
0 0.3043095866314864 0.12890625 0.04309586631486367 0.04375
0 0.2770448548812665 0.08046875 0.04397537379067722 0.0390625
0 0.24670184696569922 0.1484375 0.0395778364116095 0.0421875
0 0.14643799472295516 0.11953125 0.040457343887423045 0.04375
0 0.26517150395778366 0.434375 0.04309586631486367 0.0453125
0 0.6912928759894459 0.28828125 0.04133685136323659 0.0484375
0 0.3997361477572559 0.92421875 0.030782761653474055 0.0328125
0 0.40897097625329815 0.8328125 0.03342128408091469 0.04375
0 0.36455584872471414 0.81953125 0.03781882145998241 0.040625
0 0.3685136323658751 0.7875 0.03342128408091469 0.0328125
0 0.3579595426561126 0.8578125 0.030782761653474055 0.034375
0 0.13060686015831136 0.884375 0.026385224274406333 0.0578125
0 0.0998240985048373 0.8765625 0.024626209322779244 0.0578125