0 0.8104661389621812 0.34375 0.04221635883905013 0.0609375
0 0.9494283201407212 0.240625 0.05013192612137203 0.0609375
0 0.9599824098504838 0.1625 0.040457343887423045 0.0703125
0 0.4450307827616535 0.31640625 0.03781882145998241 0.053125
0 0.4925241864555849 0.27421875 0.03605980650835532 0.0515625
0 0.530782761653474 0.24609375 0.040457343887423045 0.05
0 0.31618293755496923 0.4171875 0.03430079155672823 0.05
0 0.4023746701846966 0.34765625 0.040457343887423045 0.0609375
0 0.6996481970096746 0.1015625 0.03869832893579595 0.0578125
0 0.6983289357959542 0.94375 0.03518029903254178 0.046875
0 0.6763412489006156 0.85703125 0.040457343887423045 0.053125
0 0.6226912928759895 0.86171875 0.02990325417766051 0.053125
0 0.6319261213720316 0.89609375 0.0395778364116095 0.0546875
0 0.6385224274406333 0.9265625 0.0316622691292876 0.046875