0 0.8715919085312225 0.4890625 0.0395778364116095 0.0484375
0 0.7906772207563765 0.2796875 0.036939313984168866 0.040625
0 0.7963940193491644 0.62578125 0.03869832893579595 0.0421875
0 0.6143359718557607 0.65625 0.0395778364116095 0.0421875
0 0.5294635004397538 0.6171875 0.03869832893579595 0.0421875
0 0.455584872471416 0.77265625 0.0395778364116095 0.0453125
0 0.49648197009674583 0.82734375 0.03430079155672823 0.0453125
0 0.455584872471416 0.85546875 0.03781882145998241 0.04375
0 0.8460861917326298 0.39609375 0.032541776605101144 0.059375
0 0.3381706244503078 0.8109375 0.04221635883905013 0.0484375
0 0.7445030782761654 0.6578125 0.03781882145998241 0.040625
0 0.6671064204045735 0.70859375 0.040457343887423045 0.046875
0 0.9586631486367634 0.09765625 0.036939313984168866 0.0453125
0 0.4019349164467898 0.8890625 0.04221635883905013 0.05625
0 0.36147757255936674 0.9203125 0.04221635883905013 0.0515625
0 0.2647317502198769 0.91171875 0.04309586631486367 0.05625
0 0.25813544415127526 0.984375 0.048372911169744945 0.028125
0 0.34432717678100266 0.11953125 0.030782761653474055 0.028125
0 0.36015831134564646 0.20625 0.03430079155672823 0.040625
0 0.3100263852242744 0.19375 0.03518029903254178 0.034375
0 0.3153034300791557 0.225 0.03781882145998241 0.0359375
0 0.3197009674582234 0.2578125 0.03430079155672823 0.0390625
0 0.07343887423043095 0.19375 0.022867194371152155 0.0578125
0 0.03913808267370272 0.20546875 0.024626209322779244 0.05625