0 0.8715919085312225 0.5234375 0.03869832893579595 0.046875
0 0.7963940193491644 0.30703125 0.03605980650835532 0.040625
0 0.7924362357080035 0.653125 0.03781882145998241 0.0421875
0 0.6094986807387863 0.66640625 0.03869832893579595 0.040625
0 0.5259454705364995 0.61953125 0.03781882145998241 0.0421875
0 0.4476693051890941 0.76796875 0.03869832893579595 0.04375
0 0.4868073878627968 0.8265625 0.03342128408091469 0.0453125
0 0.4450307827616535 0.85078125 0.036939313984168866 0.04375
0 0.8487247141600703 0.42890625 0.032541776605101144 0.059375
0 0.3289357959542656 0.7953125 0.04133685136323659 0.046875
0 0.7396657871591908 0.68046875 0.036939313984168866 0.040625
0 0.6605101143359718 0.7234375 0.0395778364116095 0.0453125
0 0.9696569920844327 0.14140625 0.03605980650835532 0.0453125
0 0.39050131926121373 0.8796875 0.04221635883905013 0.0546875
0 0.3491644678979771 0.90703125 0.04221635883905013 0.05
0 0.25285839929639403 0.8890625 0.04309586631486367 0.0546875
0 0.2436235708003518 0.96953125 0.04661389621811785 0.04375
0 0.35576077396657874 0.10546875 0.02990325417766051 0.028125
0 0.36895338610378187 0.19375 0.03342128408091469 0.040625
0 0.31926121372031663 0.1765625 0.03430079155672823 0.034375
0 0.32365875109938436 0.20859375 0.036939313984168866 0.0359375
0 0.32717678100263853 0.24140625 0.03342128408091469 0.0390625
0 0.08311345646437995 0.15390625 0.022867194371152155 0.05625
0 0.048372911169744945 0.16328125 0.024626209322779244 0.0546875