0 0.1442392260334213 0.659375 0.047493403693931395 0.0765625
0 0.08795074758135445 0.665625 0.0395778364116095 0.06875
0 0.1077396657871592 0.759375 0.0395778364116095 0.0703125
0 0.2009674582233949 0.60234375 0.040457343887423045 0.065625
0 0.013632365875109938 0.759375 0.027264731750219876 0.071875
0 0.4331574318381706 0.68828125 0.03518029903254178 0.065625
0 0.47185576077396657 0.64453125 0.03518029903254178 0.0578125
0 0.5145118733509235 0.59921875 0.0395778364116095 0.0640625
0 0.6292875989445911 0.46328125 0.03605980650835532 0.0625
0 0.26605101143359716 0.028125 0.03430079155672823 0.05625
0 0.27396657871591906 0.0578125 0.040457343887423045 0.06875
0 0.28979771328056286 0.09453125 0.03430079155672823 0.0578125
0 0.20360598065083554 0.028125 0.03430079155672823 0.05625
0 0.23834652594547054 0.1109375 0.0316622691292876 0.065625
0 0.5510114335971856 0.55625 0.03781882145998241 0.0640625
0 0.2774846086191733 0.8703125 0.0395778364116095 0.0640625