0 0.32497801231310464 0.80703125 0.0395778364116095 0.05625
0 0.20536499560246263 0.44609375 0.029023746701846966 0.04375
0 0.22251539138082674 0.409375 0.0316622691292876 0.046875
0 0.6631486367634125 0.5390625 0.022867194371152155 0.0515625
0 0.6926121372031663 0.528125 0.023746701846965697 0.053125
0 0.6886543535620053 0.478125 0.019349164467897976 0.0546875
0 0.7167985927880387 0.4703125 0.019349164467897976 0.0421875
0 0.7185576077396658 0.4046875 0.024626209322779244 0.0546875
0 0.7137203166226913 0.0953125 0.020228671943711522 0.046875
0 0.7137203166226913 0.1359375 0.01759014951627089 0.0375
0 0.7387862796833773 0.08515625 0.018469656992084433 0.0421875
0 0.8786279683377308 0.4015625 0.03342128408091469 0.0421875
0 0.5153913808267371 0.9765625 0.028144239226033423 0.04375
0 0.5369393139841688 0.98203125 0.029023746701846966 0.0328125
0 0.013632365875109938 0.83515625 0.027264731750219876 0.0640625
0 0.055408970976253295 0.89140625 0.04221635883905013 0.0625
0 0.08179419525065963 0.79453125 0.03430079155672823 0.0671875
0 0.09762532981530343 0.82265625 0.040457343887423045 0.075
0 0.11609498680738786 0.8390625 0.0316622691292876 0.06875
0 0.3966578715919085 0.15859375 0.026385224274406333 0.0359375
0 0.4204045734388742 0.15 0.026385224274406333 0.034375
0 0.4309586631486368 0.125 0.027264731750219876 0.0375