0 0.6591908531222516 0.1671875 0.03781882145998241 0.0515625
0 0.7963940193491644 0.50859375 0.027264731750219876 0.040625
0 0.7810026385224275 0.546875 0.029023746701846966 0.04375
0 0.3355321020228672 0.4859375 0.021108179419525065 0.0484375
0 0.306948109058927 0.5015625 0.02198768689533861 0.05
0 0.3131046613896218 0.5515625 0.01759014951627089 0.0515625
0 0.2858399296394019 0.56328125 0.016710642040457344 0.0390625
0 0.28671943711521547 0.62890625 0.022867194371152155 0.0515625
0 0.306948109058927 0.9359375 0.01759014951627089 0.04375
0 0.30474934036939316 0.8953125 0.0158311345646438 0.034375
0 0.28232189973614774 0.95 0.0158311345646438 0.0390625
0 0.12752858399296393 0.65625 0.0316622691292876 0.0375
0 0.46174142480211083 0.02421875 0.026385224274406333 0.0484375
0 0.4397537379067722 0.0203125 0.026385224274406333 0.040625
0 0.9722955145118733 0.09140625 0.032541776605101144 0.0578125
0 0.9234828496042217 0.04140625 0.0395778364116095 0.0578125
0 0.9019349164467898 0.1421875 0.0316622691292876 0.0640625
0 0.8852242744063324 0.11640625 0.03781882145998241 0.0703125
0 0.8658751099384345 0.10234375 0.029023746701846966 0.065625
0 0.6196130167106421 0.82421875 0.024626209322779244 0.03125
0 0.5967458223394899 0.83671875 0.024626209322779244 0.0296875
0 0.5870712401055409 0.86328125 0.025505716798592787 0.034375