0 0.40369393139841686 0.18046875 0.036939313984168866 0.0546875
0 0.44063324538258575 0.13203125 0.03518029903254178 0.0515625
0 0.47977132805628847 0.07734375 0.03605980650835532 0.0578125
0 0.5202286719437115 0.02734375 0.03430079155672823 0.0453125
0 0.322339489885664 0.28203125 0.029023746701846966 0.0515625
0 0.5615655233069481 0.953125 0.023746701846965697 0.046875
0 0.11785400175901495 0.94609375 0.03518029903254178 0.0484375
0 0.7559366754617414 0.6609375 0.032541776605101144 0.040625
0 0.723834652594547 0.58984375 0.03342128408091469 0.0453125
0 0.6956904133685137 0.66953125 0.02990325417766051 0.0515625
0 0.6868953386103782 0.640625 0.03342128408091469 0.046875
0 0.6728232189973615 0.6171875 0.026385224274406333 0.046875
0 0.5391380826737028 0.98203125 0.024626209322779244 0.0328125