0 0.8390501319261213 0.1953125 0.04221635883905013 0.08125
0 0.8632365875109939 0.0796875 0.036939313984168866 0.0671875
0 0.8962181178540017 0.15859375 0.04133685136323659 0.075
0 0.6824978012313104 0.0421875 0.03430079155672823 0.06875
0 0.5532102022867195 0.28828125 0.0316622691292876 0.0625
0 0.5237467018469657 0.34375 0.03342128408091469 0.065625
0 0.48856640281442393 0.41171875 0.0316622691292876 0.0625
0 0.4586631486367634 0.4609375 0.032541776605101144 0.0609375
0 0.3896218117854002 0.590625 0.032541776605101144 0.0578125
0 0.7946350043975374 0.27578125 0.03430079155672823 0.071875
0 0.9630606860158312 0.046875 0.04309586631486367 0.0671875
0 0.8711521547933158 0.83515625 0.030782761653474055 0.0515625
0 0.8258575197889182 0.7703125 0.029023746701846966 0.05625
0 0.776165347405453 0.81015625 0.029023746701846966 0.0609375
0 0.7928759894459103 0.83359375 0.032541776605101144 0.059375
0 0.8065083553210203 0.8609375 0.023746701846965697 0.053125