0 0.9485488126649076 0.4515625 0.03781882145998241 0.040625
0 0.8170624450307827 0.5546875 0.0395778364116095 0.046875
0 0.7058047493403694 0.646875 0.03781882145998241 0.0421875
0 0.5224274406332454 0.48125 0.027264731750219876 0.0703125
0 0.5 0.40390625 0.026385224274406333 0.0640625
0 0.4630606860158311 0.2796875 0.029023746701846966 0.078125
0 0.41996481970096744 0.48125 0.030782761653474055 0.06875
0 0.4212840809146878 0.7109375 0.027264731750219876 0.0578125
0 0.45822339489885666 0.8203125 0.02198768689533861 0.0484375
0 0.4415127528583993 0.8484375 0.027264731750219876 0.059375
0 0.6341248900615655 0.8859375 0.02198768689533861 0.0515625
0 0.644678979771328 0.93046875 0.021108179419525065 0.0515625
0 0.287598944591029 0.24296875 0.030782761653474055 0.0734375
0 0.3258575197889182 0.5453125 0.030782761653474055 0.0671875
0 0.4569041336851363 0.9796875 0.029023746701846966 0.0375
0 0.0079155672823219 0.3015625 0.0158311345646438 0.075