0 0.7379067722075637 0.7484375 0.04397537379067722 0.05
0 0.9437115215479331 0.7671875 0.04133685136323659 0.075
0 0.9256816182937555 0.90625 0.04573438874230431 0.046875
0 0.8175021987686896 0.93046875 0.04309586631486367 0.0453125
0 0.7550571679859279 0.9 0.03781882145998241 0.0390625
0 0.6759014951627089 0.85078125 0.0395778364116095 0.040625
0 0.5 0.746875 0.04221635883905013 0.0328125
0 0.45954265611257694 0.721875 0.03781882145998241 0.04375
0 0.40853122251539137 0.696875 0.04397537379067722 0.05
0 0.3654353562005277 0.6703125 0.04309586631486367 0.0484375
0 0.2678100263852243 0.62421875 0.04133685136323659 0.0484375
0 0.5114335971855761 0.4015625 0.040457343887423045 0.0453125
0 0.22823218997361477 0.49375 0.040457343887423045 0.05
0 0.04221635883905013 0.2984375 0.04133685136323659 0.046875
0 0.6094986807387863 0.7234375 0.04661389621811785 0.059375
0 0.7726473175021987 0.81875 0.04309586631486367 0.046875
0 0.9705364995602462 0.690625 0.040457343887423045 0.0484375
0 0.6029023746701847 0.1109375 0.03605980650835532 0.040625
0 0.5518909410729991 0.1125 0.030782761653474055 0.0421875
0 0.559806508355321 0.0828125 0.036939313984168866 0.04375
0 0.5668425681618294 0.0453125 0.03869832893579595 0.0484375