0 0.4687774846086192 0.10546875 0.03605980650835532 0.0609375
0 0.42963940193491645 0.14453125 0.03605980650835532 0.065625
0 0.34432717678100266 0.2234375 0.03869832893579595 0.06875
0 0.3447669305189094 0.425 0.03781882145998241 0.059375
0 0.37906772207563766 0.55546875 0.03781882145998241 0.059375
0 0.15875109938434476 0.75703125 0.036939313984168866 0.05625
0 0.5197889182058048 0.0640625 0.04661389621811785 0.0796875
0 0.5593667546174143 0.03515625 0.047493403693931395 0.0609375
0 0.7379067722075637 0.06484375 0.040457343887423045 0.040625
0 0.7352682497801232 0.715625 0.032541776605101144 0.0453125
0 0.7097625329815304 0.63671875 0.03430079155672823 0.05
0 0.6618293755496921 0.646875 0.03430079155672823 0.05625
0 0.6706244503078276 0.67734375 0.03605980650835532 0.05
0 0.6785400175901495 0.71015625 0.03518029903254178 0.0515625
0 0.521108179419525 0.95546875 0.029023746701846966 0.05
0 0.49868073878627966 0.97734375 0.02990325417766051 0.0421875