0 0.3016710642040457 0.04765625 0.0395778364116095 0.0625
0 0.4656992084432718 0.0265625 0.03605980650835532 0.0515625
0 0.5035180299032542 0.0734375 0.03518029903254178 0.0515625
0 0.5479331574318381 0.12578125 0.03605980650835532 0.0546875
0 0.5835532102022867 0.1640625 0.032541776605101144 0.0578125
0 0.6675461741424802 0.26328125 0.03605980650835532 0.0609375
0 0.8500439753737907 0.86015625 0.030782761653474055 0.046875
0 0.24626209322779244 0.6796875 0.03342128408091469 0.0453125
0 0.2774846086191733 0.60625 0.028144239226033423 0.0484375
0 0.3065083553210202 0.6828125 0.032541776605101144 0.0546875
0 0.3144239226033421 0.653125 0.036939313984168866 0.046875
0 0.32717678100263853 0.62734375 0.03518029903254178 0.05
0 0.4472295514511873 0.95859375 0.026385224274406333 0.0515625
0 0.4727352682497801 0.98046875 0.029023746701846966 0.0359375