0 0.6899736147757256 0.67265625 0.03781882145998241 0.0515625
0 0.5246262093227793 0.75234375 0.036939313984168866 0.05625
0 0.5083553210202286 0.87734375 0.036939313984168866 0.0484375
0 0.4687774846086192 0.840625 0.03869832893579595 0.0515625
0 0.4230430958663149 0.79453125 0.04133685136323659 0.0546875
0 0.3843447669305189 0.76015625 0.0395778364116095 0.0546875
0 0.36455584872471414 0.5375 0.0395778364116095 0.0578125
0 0.341688654353562 0.33984375 0.0395778364116095 0.0546875
0 0.2941952506596306 0.67265625 0.0395778364116095 0.0546875
0 0.6983289357959542 0.2 0.03430079155672823 0.0359375
0 0.6706244503078276 0.27890625 0.03430079155672823 0.0390625
0 0.6394019349164468 0.209375 0.03518029903254178 0.0453125
0 0.6323658751099385 0.2390625 0.036939313984168866 0.04375
0 0.6213720316622692 0.26875 0.0316622691292876 0.05