0 0.287598944591029 0.6296875 0.036939313984168866 0.0546875
0 0.31926121372031663 0.69921875 0.03605980650835532 0.0578125
0 0.3280562884784521 0.665625 0.03781882145998241 0.05625
0 0.3390501319261214 0.640625 0.027264731750219876 0.046875
0 0.47185576077396657 0.95546875 0.027264731750219876 0.05
0 0.4951627088830255 0.9765625 0.026385224274406333 0.04375
0 0.5699208443271768 0.3484375 0.03781882145998241 0.06875
0 0.44591029023746703 0.0296875 0.044854881266490766 0.0515625
0 0.48988566402814426 0.0640625 0.04221635883905013 0.0671875
0 0.5356200527704486 0.109375 0.03781882145998241 0.0609375
0 0.5747581354441513 0.14609375 0.04133685136323659 0.0703125
0 0.6613896218117854 0.23359375 0.04221635883905013 0.0671875
0 0.693051890941073 0.63359375 0.03430079155672823 0.05625
0 0.8830255057167986 0.815625 0.03518029903254178 0.0546875
0 0.26033421284080915 0.7125 0.0316622691292876 0.0453125