0 0.297273526824978 0.05390625 0.040457343887423045 0.0640625
0 0.46130167106420406 0.028125 0.03605980650835532 0.053125
0 0.4995602462620932 0.0734375 0.03518029903254178 0.053125
0 0.544415127528584 0.12421875 0.03605980650835532 0.05625
0 0.5800351802990326 0.16171875 0.032541776605101144 0.0578125
0 0.6649076517150396 0.2578125 0.03605980650835532 0.0625
0 0.8535620052770448 0.84921875 0.0316622691292876 0.046875
0 0.24802110817941952 0.6875 0.03430079155672823 0.046875
0 0.27880386983289357 0.6125 0.029023746701846966 0.0484375
0 0.30826737027264733 0.6890625 0.032541776605101144 0.0546875
0 0.31574318381706246 0.659375 0.03781882145998241 0.0484375
0 0.32849604221635886 0.6328125 0.03518029903254178 0.0515625
0 0.45162708883025504 0.96015625 0.026385224274406333 0.053125
0 0.47757255936675463 0.98046875 0.02990325417766051 0.0359375