0 0.747141600703606 0.71875 0.04221635883905013 0.04375
0 0.9529463500439753 0.71171875 0.03869832893579595 0.0703125
0 0.9406332453825857 0.85234375 0.04397537379067722 0.0421875
0 0.8337730870712401 0.88984375 0.04221635883905013 0.0390625
0 0.7700087950747582 0.86796875 0.036939313984168866 0.034375
0 0.6895338610378188 0.828125 0.03869832893579595 0.0359375
0 0.5101143359718557 0.746875 0.04133685136323659 0.028125
0 0.4683377308707124 0.7265625 0.03605980650835532 0.0390625
0 0.41644678979771327 0.7078125 0.04221635883905013 0.04375
0 0.37247141600703604 0.68671875 0.04133685136323659 0.04375
0 0.27308707124010556 0.65234375 0.0395778364116095 0.04375
0 0.5074758135444152 0.40078125 0.03869832893579595 0.040625
0 0.22867194371152155 0.52734375 0.03869832893579595 0.0453125
0 0.03518029903254178 0.35546875 0.0395778364116095 0.0421875
0 0.617854001759015 0.709375 0.044854881266490766 0.0546875
0 0.7845206684256816 0.78359375 0.04133685136323659 0.0421875
0 0.9771328056288479 0.63203125 0.03869832893579595 0.04375
0 0.5875109938434476 0.09921875 0.03518029903254178 0.0359375
0 0.5364995602462621 0.10703125 0.029023746701846966 0.0390625
0 0.5435356200527705 0.07578125 0.03518029903254178 0.0390625
0 0.5488126649076517 0.03828125 0.036939313984168866 0.04375