0 0.23526824978012312 0.3609375 0.04397537379067722 0.05
0 0.032981530343007916 0.43125 0.04133685136323659 0.075
0 0.0316622691292876 0.2890625 0.04573438874230431 0.046875
0 0.13324538258575197 0.21875 0.04309586631486367 0.0453125
0 0.19788918205804748 0.22109375 0.03781882145998241 0.0390625
0 0.28144239226033424 0.23515625 0.0395778364116095 0.040625
0 0.46613896218117856 0.26015625 0.04221635883905013 0.0328125
0 0.5092348284960422 0.2671875 0.03781882145998241 0.04375
0 0.5620052770448549 0.26953125 0.04397537379067722 0.05
0 0.6072999120492524 0.2765625 0.04309586631486367 0.0484375
0 0.7084432717678101 0.2796875 0.04133685136323659 0.0484375
0 0.5026385224274407 0.6 0.040457343887423045 0.0453125
0 0.7642919964819701 0.38984375 0.040457343887423045 0.05
0 0.9718557607739666 0.4984375 0.04133685136323659 0.046875
0 0.36323658751099386 0.3296875 0.04661389621811785 0.059375
0 0.19217238346525944 0.3078125 0.04309586631486367 0.046875
0 0.018909410729991204 0.5171875 0.03781882145998241 0.05
0 0.4529463500439754 0.921875 0.03605980650835532 0.040625
0 0.5021987686895338 0.8984375 0.030782761653474055 0.0421875
0 0.49868073878627966 0.93046875 0.036939313984168866 0.04375
0 0.4969217238346526 0.96953125 0.03869832893579595 0.0484375