0 0.6983289357959542 0.04765625 0.0395778364116095 0.0625
0 0.5343007915567283 0.0265625 0.03605980650835532 0.0515625
0 0.49648197009674583 0.0734375 0.03518029903254178 0.0515625
0 0.4520668425681618 0.12578125 0.03605980650835532 0.0546875
0 0.41644678979771327 0.1640625 0.032541776605101144 0.0578125
0 0.3324538258575198 0.26328125 0.03605980650835532 0.0609375
0 0.14995602462620933 0.86015625 0.030782761653474055 0.046875
0 0.7537379067722075 0.6796875 0.03342128408091469 0.0453125
0 0.7225153913808268 0.60625 0.028144239226033423 0.0484375
0 0.6934916446789797 0.6828125 0.032541776605101144 0.0546875
0 0.6855760773966578 0.653125 0.036939313984168866 0.046875
0 0.6728232189973615 0.62734375 0.03518029903254178 0.05
0 0.5527704485488126 0.95859375 0.026385224274406333 0.0515625
0 0.5272647317502199 0.98046875 0.029023746701846966 0.0359375