0 0.4608619173262973 0.89296875 0.03518029903254178 0.059375
0 0.4226033421284081 0.85078125 0.03518029903254178 0.0640625
0 0.3390501319261214 0.76640625 0.036939313984168866 0.0671875
0 0.3434476693051891 0.56484375 0.036939313984168866 0.0578125
0 0.38038698328935794 0.43671875 0.036939313984168866 0.0578125
0 0.16402814423922604 0.221875 0.036939313984168866 0.053125
0 0.5114335971855761 0.93671875 0.04573438874230431 0.0765625
0 0.5505716798592788 0.9671875 0.047493403693931395 0.05625
0 0.7295514511873351 0.94921875 0.04133685136323659 0.0375
0 0.7396657871591908 0.29921875 0.0316622691292876 0.04375
0 0.712401055408971 0.37578125 0.03342128408091469 0.0484375
0 0.6644678979771328 0.36328125 0.03342128408091469 0.0546875
0 0.6741424802110818 0.33359375 0.03518029903254178 0.0484375
0 0.6824978012313104 0.3015625 0.03430079155672823 0.05
0 0.5303430079155673 0.04609375 0.028144239226033423 0.05
0 0.5079155672823219 0.021875 0.029023746701846966 0.04375