0 0.3447669305189094 0.9734375 0.03342128408091469 0.05
0 0.2546174142480211 0.85625 0.029023746701846966 0.05
0 0.2247141600703606 0.91875 0.029023746701846966 0.0484375
0 0.3131046613896218 0.57109375 0.032541776605101144 0.0609375
0 0.2801231310466139 0.51796875 0.03518029903254178 0.0578125
0 0.351363236587511 0.46484375 0.0316622691292876 0.0609375
0 0.20580474934036938 0.415625 0.03605980650835532 0.0671875
0 0.17150395778364116 0.3703125 0.03518029903254178 0.0609375
0 0.1358839050131926 0.32265625 0.028144239226033423 0.0515625
0 0.08663148636763413 0.2515625 0.03781882145998241 0.0671875
0 0.5466138962181178 0.215625 0.036939313984168866 0.0734375
0 0.5189094107299912 0.28671875 0.03342128408091469 0.0625
0 0.8825857519788918 0.33984375 0.030782761653474055 0.059375