0 0.30035180299032543 0.92421875 0.0316622691292876 0.0578125
0 0.2233948988566403 0.775 0.028144239226033423 0.0484375
0 0.18777484608619174 0.82734375 0.028144239226033423 0.046875
0 0.30914687774846084 0.5125 0.030782761653474055 0.059375
0 0.28144239226033424 0.45 0.03430079155672823 0.05625
0 0.357080035180299 0.41953125 0.02990325417766051 0.059375
0 0.2185576077396658 0.3265625 0.03518029903254178 0.0640625
0 0.18909410729991205 0.27109375 0.03430079155672823 0.0578125
0 0.15875109938434476 0.21328125 0.027264731750219876 0.05
0 0.1169744942832014 0.12734375 0.036939313984168866 0.065625
0 0.5734388742304309 0.234375 0.03605980650835532 0.071875
0 0.5391380826737028 0.29609375 0.0316622691292876 0.0609375
0 0.8927000879507476 0.46015625 0.02990325417766051 0.0578125