0 0.9221635883905013 0.6546875 0.03342128408091469 0.05625
0 0.5857519788918206 0.7671875 0.03781882145998241 0.075
0 0.5584872471416007 0.6953125 0.03605980650835532 0.065625
0 0.3944591029023747 0.51171875 0.032541776605101144 0.0625
0 0.3548812664907652 0.4046875 0.03605980650835532 0.0640625
0 0.32189973614775724 0.45546875 0.03518029903254178 0.0640625
0 0.2484608619173263 0.55546875 0.03781882145998241 0.06875
0 0.2119613016710642 0.60234375 0.03430079155672823 0.0625
0 0.17766051011433598 0.646875 0.0316622691292876 0.05625
0 0.1248900615655233 0.71328125 0.03869832893579595 0.06875
0 0.39006156552330695 0.01640625 0.03781882145998241 0.0328125
0 0.2726473175021988 0.05390625 0.029023746701846966 0.0515625
0 0.29991204925241866 0.1203125 0.0316622691292876 0.0546875