0 0.06904133685136324 0.50390625 0.032541776605101144 0.0546875
0 0.38478452066842567 0.2703125 0.036939313984168866 0.0734375
0 0.41996481970096744 0.33046875 0.03518029903254178 0.0640625
0 0.6015831134564644 0.45 0.0316622691292876 0.0609375
0 0.6530343007915568 0.53984375 0.03518029903254178 0.0625
0 0.679419525065963 0.47734375 0.03430079155672823 0.0625
0 0.7396657871591908 0.353125 0.03605980650835532 0.0671875
0 0.7695690413368513 0.29375 0.03342128408091469 0.0609375
0 0.7981530343007915 0.2375 0.030782761653474055 0.0546875
0 0.841688654353562 0.153125 0.03781882145998241 0.065625
0 0.6662269129287599 0.946875 0.03605980650835532 0.059375
0 0.7748460861917327 0.85234375 0.029023746701846966 0.0515625
0 0.7401055408970977 0.79765625 0.030782761653474055 0.053125