0 0.03386103781882146 0.45703125 0.030782761653474055 0.0609375
0 0.3465259454705365 0.6921875 0.036939313984168866 0.065625
0 0.38258575197889183 0.6328125 0.03430079155672823 0.0625
0 0.6152154793315743 0.42421875 0.032541776605101144 0.0546875
0 0.6420404573438874 0.48671875 0.03518029903254178 0.0625
0 0.565523306948109 0.5125 0.0316622691292876 0.059375
0 0.6222515391380826 0.03203125 0.023746701846965697 0.0296875
0 0.7405452946350044 0.1125 0.027264731750219876 0.04375
0 0.7044854881266491 0.16328125 0.028144239226033423 0.053125
0 0.702726473175022 0.61015625 0.036939313984168866 0.0640625
0 0.7308707124010554 0.6671875 0.03342128408091469 0.059375
0 0.7616534740545294 0.721875 0.029023746701846966 0.0515625
0 0.9547053649956024 0.80234375 0.036939313984168866 0.0625
0 0.8021108179419525 0.80703125 0.0395778364116095 0.065625