0 0.07783641160949868 0.3453125 0.03342128408091469 0.05625
0 0.41424802110817943 0.2328125 0.03781882145998241 0.075
0 0.4415127528583993 0.3046875 0.03605980650835532 0.065625
0 0.6055408970976254 0.48828125 0.032541776605101144 0.0625
0 0.6451187335092349 0.5953125 0.03605980650835532 0.0640625
0 0.6781002638522428 0.54453125 0.03518029903254178 0.0640625
0 0.7515391380826737 0.44453125 0.03781882145998241 0.06875
0 0.7880386983289358 0.39765625 0.03430079155672823 0.0625
0 0.8223394898856641 0.353125 0.0316622691292876 0.05625
0 0.8751099384344767 0.28671875 0.03869832893579595 0.06875
0 0.6108179419525066 0.9828125 0.03781882145998241 0.03125
0 0.7273526824978013 0.94609375 0.029023746701846966 0.0515625
0 0.7000879507475813 0.8796875 0.0316622691292876 0.0546875