0 0.5202286719437115 0.0796875 0.030782761653474055 0.053125
0 0.490325417766051 0.13125 0.03342128408091469 0.053125
0 0.4230430958663149 0.23515625 0.030782761653474055 0.059375
0 0.3922603342128408 0.2828125 0.030782761653474055 0.053125
0 0.3579595426561126 0.33203125 0.026385224274406333 0.0484375
0 0.3122251539138083 0.403125 0.03781882145998241 0.065625
0 0.5624450307827616 0.175 0.030782761653474055 0.05625
0 0.7339489885664028 0.33359375 0.02990325417766051 0.053125
0 0.7656112576956904 0.4015625 0.03430079155672823 0.065625
0 0.11565523306948108 0.8859375 0.03342128408091469 0.0609375
0 0.07387862796833773 0.94453125 0.04133685136323659 0.059375
0 0.16182937554969218 0.35625 0.03430079155672823 0.06875