0 0.06992084432717678 0.725 0.025505716798592787 0.0625
0 0.05672823218997362 0.61640625 0.027264731750219876 0.0625
0 0.03781882145998241 0.48671875 0.024626209322779244 0.0671875
0 0.4287598944591029 0.76640625 0.03781882145998241 0.0484375
0 0.4542656112576957 0.965625 0.032541776605101144 0.04375
0 0.40853122251539137 0.9765625 0.03342128408091469 0.0234375
0 0.6983289357959542 0.971875 0.022867194371152155 0.053125
0 0.6284080914687775 0.9796875 0.025505716798592787 0.0375
0 0.8636763412489006 0.79453125 0.03869832893579595 0.0484375
0 0.909410729991205 0.78046875 0.04397537379067722 0.053125
0 0.10202286719437115 0.18046875 0.021108179419525065 0.0421875
0 0.24626209322779244 0.05546875 0.03605980650835532 0.04375
0 0.2862796833773087 0.0421875 0.036939313984168866 0.046875
0 0.33201407211961304 0.02734375 0.03342128408091469 0.04375
0 0.9942832014072119 0.19140625 0.009674582233948988 0.0703125