0 0.4542656112576957 0.09921875 0.03518029903254178 0.0421875
0 0.49780123131046616 0.13671875 0.03342128408091469 0.046875
0 0.4520668425681618 0.32421875 0.040457343887423045 0.05
0 0.37950747581354444 0.2453125 0.04133685136323659 0.05
0 0.03737906772207564 0.46640625 0.026385224274406333 0.0703125
0 0.06860158311345646 0.3453125 0.023746701846965697 0.059375
0 0.09278803869832894 0.24375 0.024626209322779244 0.0609375
0 0.060246262093227795 0.0234375 0.04661389621811785 0.046875
0 0.693051890941073 0.09453125 0.025505716798592787 0.071875
0 0.673702726473175 0.16484375 0.027264731750219876 0.0734375
0 0.741424802110818 0.20703125 0.028144239226033423 0.0640625
0 0.9265611257695691 0.475 0.04397537379067722 0.046875
0 0.8812664907651715 0.44609375 0.04133685136323659 0.0484375