0 0.38478452066842567 0.31640625 0.03342128408091469 0.0640625
0 0.3526824978012313 0.409375 0.03605980650835532 0.0578125
0 0.3887423043095866 0.4609375 0.03605980650835532 0.059375
0 0.28188214599824096 0.296875 0.032541776605101144 0.059375
0 0.5149516270888302 0.51796875 0.03430079155672823 0.0609375
0 0.5677220756376429 0.5921875 0.03518029903254178 0.065625
0 0.702726473175022 0.79609375 0.03605980650835532 0.059375
0 0.6605101143359718 0.609375 0.036939313984168866 0.05625
0 0.5795954265611257 0.73515625 0.03518029903254178 0.0625
0 0.7673702726473175 0.9015625 0.03518029903254178 0.059375
0 0.8034300791556728 0.95234375 0.03430079155672823 0.05625