0 0.5576077396657871 0.10390625 0.03430079155672823 0.0390625
0 0.5131926121372031 0.1375 0.0316622691292876 0.04375
0 0.5532102022867195 0.32890625 0.03869832893579595 0.046875
0 0.6279683377308707 0.25625 0.0395778364116095 0.046875
0 0.9630606860158312 0.509375 0.024626209322779244 0.06875
0 0.9353562005277045 0.3859375 0.02198768689533861 0.0578125
0 0.9142480211081794 0.28203125 0.022867194371152155 0.059375
0 0.9538258575197889 0.06171875 0.04397537379067722 0.0484375
0 0.31926121372031663 0.07734375 0.023746701846965697 0.0703125
0 0.33641160949868076 0.14921875 0.025505716798592787 0.0703125
0 0.2673702726473175 0.18515625 0.026385224274406333 0.0609375
0 0.07475813544415127 0.43515625 0.04309586631486367 0.0421875
0 0.12093227792436236 0.4109375 0.0395778364116095 0.0453125