0 0.9058927000879508 0.09765625 0.026385224274406333 0.0625
0 0.940193491644679 0.215625 0.027264731750219876 0.075
0 0.8803869832893579 0.01640625 0.02990325417766051 0.0328125
0 0.5958663148636764 0.021875 0.044854881266490766 0.04375
0 0.5268249780123131 0.10234375 0.040457343887423045 0.05625
0 0.7941952506596306 0.71875 0.036939313984168866 0.0421875
0 0.7572559366754618 0.74765625 0.0395778364116095 0.0515625
0 0.7132805628847845 0.78125 0.036939313984168866 0.0421875
0 0.7713280562884784 0.846875 0.0395778364116095 0.053125
0 0.9177660510114336 0.53515625 0.018469656992084433 0.0515625
0 0.9938434476693052 0.79296875 0.010554089709762533 0.0703125
0 0.10246262093227793 0.25234375 0.0395778364116095 0.05
0 0.05672823218997362 0.28203125 0.04309586631486367 0.0484375
0 0.04309586631486367 0.89296875 0.025505716798592787 0.0625