0 0.0980650835532102 0.08515625 0.026385224274406333 0.0625
0 0.06244503078276165 0.20234375 0.028144239226033423 0.075
0 0.12532981530343007 0.01015625 0.030782761653474055 0.0203125
0 0.4094107299912049 0.0203125 0.044854881266490766 0.040625
0 0.47713280562884786 0.1015625 0.040457343887423045 0.05625
0 0.20360598065083554 0.709375 0.036939313984168866 0.04375
0 0.2405452946350044 0.7390625 0.040457343887423045 0.0515625
0 0.28408091468777485 0.775 0.036939313984168866 0.04375
0 0.22515391380826738 0.8390625 0.040457343887423045 0.053125
0 0.0822339489885664 0.52265625 0.019349164467897976 0.0515625
0 0.004837291116974494 0.77734375 0.009674582233948988 0.0703125
0 0.899736147757256 0.26484375 0.040457343887423045 0.05
0 0.9450307827616534 0.2953125 0.04309586631486367 0.05
0 0.9529463500439753 0.90703125 0.025505716798592787 0.0625