0 0.1851363236587511 0.91484375 0.044854881266490766 0.03125
0 0.40105540897097625 0.86875 0.03605980650835532 0.04375
0 0.44810905892700087 0.8515625 0.03342128408091469 0.0484375
0 0.42963940193491645 0.65 0.040457343887423045 0.053125
0 0.3482849604221636 0.6953125 0.04133685136323659 0.053125
0 0.04661389621811785 0.33359375 0.028144239226033423 0.071875
0 0.06068601583113457 0.4640625 0.024626209322779244 0.0609375
0 0.06992084432717678 0.5734375 0.025505716798592787 0.0625
0 0.015391380826737027 0.7765625 0.030782761653474055 0.05625
0 0.6323658751099385 0.96875 0.028144239226033423 0.059375
0 0.6226912928759895 0.9 0.029023746701846966 0.0734375
0 0.6943711521547933 0.8875 0.029023746701846966 0.065625
0 0.9102902374670184 0.70703125 0.044854881266490766 0.0484375
0 0.862796833773087 0.715625 0.04133685136323659 0.0515625