0 0.2418645558487247 0.321875 0.036939313984168866 0.0421875
0 0.025945470536499562 0.65546875 0.03869832893579595 0.0421875
0 0.23350923482849603 0.54765625 0.02990325417766051 0.0390625
0 0.2774846086191733 0.5203125 0.030782761653474055 0.04375
0 0.47053649956024624 0.59609375 0.02198768689533861 0.065625
0 0.4547053649956025 0.52265625 0.02198768689533861 0.0640625
0 0.523306948109059 0.496875 0.02198768689533861 0.0640625
0 0.5369393139841688 0.98125 0.014072119613016711 0.0328125
0 0.5202286719437115 0.896875 0.020228671943711522 0.0546875
0 0.5092348284960422 0.82265625 0.022867194371152155 0.0640625
0 0.4973614775725594 0.746875 0.024626209322779244 0.06875
0 0.6789797713280563 0.28125 0.03430079155672823 0.0375
0 0.7269129287598944 0.26015625 0.040457343887423045 0.0390625