0 0.7075637642919965 0.515625 0.02198768689533861 0.0671875
0 0.7189973614775725 0.36328125 0.022867194371152155 0.071875
0 0.6618293755496921 0.0875 0.029023746701846966 0.0828125
0 0.7176781002638523 0.92421875 0.020228671943711522 0.05625
0 0.5277044854881267 0.75859375 0.018469656992084433 0.0484375
0 0.5272647317502199 0.71796875 0.018469656992084433 0.0484375
0 0.5554089709762533 0.7390625 0.020228671943711522 0.0546875
0 0.5329815303430079 0.98046875 0.021108179419525065 0.0359375
0 0.530782761653474 0.9421875 0.018469656992084433 0.046875
0 0.9674582233948988 0.534375 0.029023746701846966 0.0625
0 0.8992963940193491 0.3625 0.036939313984168866 0.065625
0 0.689094107299912 0.2875 0.021108179419525065 0.0703125
0 0.25769569041336854 0.89375 0.032541776605101144 0.053125