0 0.7211961301671064 0.50625 0.022867194371152155 0.06875
0 0.7176781002638523 0.6484375 0.016710642040457344 0.065625
0 0.6842568161829375 0.7015625 0.022867194371152155 0.06875
0 0.7669305189094108 0.15078125 0.020228671943711522 0.0546875
0 0.5633245382585752 0.2546875 0.018469656992084433 0.04375
0 0.5589270008795075 0.29296875 0.01759014951627089 0.0453125
0 0.5708003518029904 0.421875 0.019349164467897976 0.059375
0 0.5369393139841688 0.4671875 0.019349164467897976 0.0546875
0 0.5910290237467019 0.03125 0.01759014951627089 0.040625
0 0.5853122251539138 0.07109375 0.01759014951627089 0.05
0 0.934476693051891 0.715625 0.03430079155672823 0.0625
0 0.8689533861037819 0.80703125 0.03430079155672823 0.059375
0 0.6407211961301671 0.86796875 0.022867194371152155 0.0765625
0 0.31090589270008795 0.03203125 0.0316622691292876 0.053125