0 0.3654353562005277 0.025 0.011433597185576077 0.0171875
0 0.3781882145998241 0.0640625 0.011433597185576077 0.0296875
0 0.38522427440633245 0.0875 0.012313104661389622 0.028125
0 0.3729111697449428 0.1640625 0.011433597185576077 0.0375
0 0.4230430958663149 0.2265625 0.016710642040457344 0.0375
0 0.38258575197889183 0.20703125 0.012313104661389622 0.034375
0 0.6693051890941073 0.5140625 0.027264731750219876 0.0296875
0 0.6882145998240985 0.59765625 0.02990325417766051 0.0328125
0 0.635004397537379 0.540625 0.03430079155672823 0.0375
0 0.48636763412489004 0.55859375 0.018469656992084433 0.040625
0 0.4551451187335092 0.66171875 0.032541776605101144 0.0390625
0 0.43579595426561124 0.38671875 0.014951627088830254 0.0375
0 0.4445910290237467 0.421875 0.0158311345646438 0.0375
0 0.4573438874230431 0.465625 0.014951627088830254 0.04375
0 0.741424802110818 0.56328125 0.0158311345646438 0.028125
0 0.6763412489006156 0.07109375 0.0158311345646438 0.0359375
0 0.12225153913808268 0.8859375 0.036939313984168866 0.040625