0 0.44591029023746703 0.240625 0.022867194371152155 0.0609375
0 0.29331574318381703 0.3015625 0.023746701846965697 0.0515625
0 0.5158311345646438 0.08828125 0.016710642040457344 0.0578125
0 0.5048372911169745 0.18203125 0.020228671943711522 0.0546875
0 0.40369393139841686 0.71171875 0.026385224274406333 0.065625
0 0.4335971855760774 0.553125 0.020228671943711522 0.0640625
0 0.42216358839050133 0.6203125 0.022867194371152155 0.065625
0 0.12269129287598944 0.86875 0.03518029903254178 0.040625
0 0.17018469656992086 0.89765625 0.04661389621811785 0.05625
0 0.027264731750219876 0.97578125 0.02990325417766051 0.0453125
0 0.370712401055409 0.878125 0.026385224274406333 0.0640625