0 0.4410729991204925 0.0203125 0.020228671943711522 0.040625
0 0.4529463500439754 0.09921875 0.020228671943711522 0.05625
0 0.5092348284960422 0.15546875 0.02198768689533861 0.05625
0 0.6574318381706244 0.2171875 0.020228671943711522 0.0453125
0 0.519349164467898 0.459375 0.022867194371152155 0.0671875
0 0.5299032541776605 0.52578125 0.020228671943711522 0.05625
0 0.5452946350043976 0.609375 0.023746701846965697 0.0609375
0 0.5765171503957783 0.76875 0.027264731750219876 0.0671875
0 0.7713280562884784 0.7890625 0.04309586631486367 0.0546875
0 0.8188214599824098 0.7609375 0.036939313984168866 0.04375
0 0.8324538258575198 0.90546875 0.04133685136323659 0.0515625
0 0.9164467897977133 0.859375 0.04133685136323659 0.053125
0 0.5325417766051012 0.92578125 0.0395778364116095 0.05