0 0.8931398416886543 0.79296875 0.029023746701846966 0.0609375
0 0.8456464379947229 0.82578125 0.03518029903254178 0.05625
0 0.6495162708883025 0.78515625 0.022867194371152155 0.078125
0 0.6701846965699209 0.96796875 0.022867194371152155 0.0609375
0 0.6860158311345647 0.634375 0.02198768689533861 0.06875
0 0.7172383465259454 0.46484375 0.016710642040457344 0.0734375
0 0.7185576077396658 0.59296875 0.022867194371152155 0.0703125
0 0.5474934036939314 0.565625 0.020228671943711522 0.0578125
0 0.7546174142480211 0.13515625 0.021108179419525065 0.0625
0 0.5778364116094987 0.02578125 0.019349164467897976 0.040625
0 0.5734388742304309 0.06640625 0.01759014951627089 0.053125
0 0.5549692172383466 0.24609375 0.0158311345646438 0.04375
0 0.5518909410729991 0.290625 0.014951627088830254 0.0484375
0 0.5321020228671943 0.4625 0.014951627088830254 0.0625
0 0.2994722955145119 0.03984375 0.028144239226033423 0.04375