0 0.7207563764291997 0.5140625 0.021108179419525065 0.0671875
0 0.7216358839050132 0.371875 0.014951627088830254 0.0640625
0 0.6899736147757256 0.315625 0.021108179419525065 0.065625
0 0.7559366754617414 0.8734375 0.019349164467897976 0.053125
0 0.5562884784520669 0.75078125 0.016710642040457344 0.0421875
0 0.5527704485488126 0.7125 0.0158311345646438 0.04375
0 0.5686015831134564 0.584375 0.01759014951627089 0.0578125
0 0.5360598065083553 0.53671875 0.018469656992084433 0.053125
0 0.5773966578715919 0.9765625 0.0158311345646438 0.0390625
0 0.5725593667546174 0.9359375 0.016710642040457344 0.0484375
0 0.940193491644679 0.325 0.032541776605101144 0.0609375
0 0.8773087071240105 0.22734375 0.03342128408091469 0.0578125
0 0.6512752858399297 0.1453125 0.021108179419525065 0.075
0 0.297273526824978 0.95 0.030782761653474055 0.0515625