0 0.7075637642919965 0.52265625 0.018469656992084433 0.0640625
0 0.7097625329815304 0.6765625 0.019349164467897976 0.06875
0 0.6367634124890061 0.940625 0.024626209322779244 0.078125
0 0.741424802110818 0.11875 0.01759014951627089 0.053125
0 0.5426561125769569 0.24765625 0.0158311345646438 0.0453125
0 0.5400175901495162 0.28828125 0.0158311345646438 0.0453125
0 0.5690413368513633 0.27265625 0.01759014951627089 0.0515625
0 0.5611257695690414 0.02265625 0.01759014951627089 0.0421875
0 0.5567282321899736 0.065625 0.0158311345646438 0.04375
0 0.9670184696569921 0.55234375 0.025505716798592787 0.0578125
0 0.8891820580474934 0.7109375 0.03342128408091469 0.059375
0 0.6754617414248021 0.74609375 0.01759014951627089 0.0671875
0 0.28232189973614774 0.06328125 0.02990325417766051 0.0484375