0 0.37467018469656993 0.9828125 0.010554089709762533 0.015625
0 0.38698328935795956 0.94296875 0.011433597185576077 0.028125
0 0.39313984168865435 0.91953125 0.012313104661389622 0.0265625
0 0.37950747581354444 0.84375 0.010554089709762533 0.0359375
0 0.4283201407211961 0.778125 0.0158311345646438 0.0375
0 0.38830255057167984 0.8 0.012313104661389622 0.0328125
0 0.6688654353562006 0.475 0.027264731750219876 0.028125
0 0.6860158311345647 0.390625 0.02990325417766051 0.03125
0 0.6341248900615655 0.4515625 0.03430079155672823 0.034375
0 0.48548812664907653 0.4421875 0.01759014951627089 0.040625
0 0.4520668425681618 0.34140625 0.0316622691292876 0.0375
0 0.43799472295514513 0.6171875 0.014072119613016711 0.0375
0 0.44591029023746703 0.58203125 0.014951627088830254 0.0375
0 0.4577836411609499 0.5375 0.014072119613016711 0.04375
0 0.7401055408970977 0.421875 0.0158311345646438 0.028125
0 0.6846965699208444 0.91796875 0.0158311345646438 0.0359375
0 0.11521547933157432 0.1375 0.03605980650835532 0.0375