0 0.7941952506596306 0.6703125 0.024626209322779244 0.04375
0 0.7405452946350044 0.45234375 0.028144239226033423 0.053125
0 0.6640281442392261 0.42109375 0.0316622691292876 0.065625
0 0.5593667546174143 0.58359375 0.027264731750219876 0.0484375
0 0.5400175901495162 0.54296875 0.029023746701846966 0.053125
0 0.5189094107299912 0.49765625 0.02990325417766051 0.0578125
0 0.4982409850483729 0.44609375 0.027264731750219876 0.05
0 0.4714160070360598 0.3984375 0.027264731750219876 0.0484375
0 0.3605980650835532 0.82109375 0.019349164467897976 0.05
0 0.6385224274406333 0.74765625 0.020228671943711522 0.0359375
0 0.6253298153034301 0.7203125 0.02198768689533861 0.04375