0 0.3496042216358839 0.57109375 0.020228671943711522 0.04375
0 0.29683377308707126 0.67578125 0.022867194371152155 0.04375
0 0.3654353562005277 0.54375 0.019349164467897976 0.04375
0 0.4393139841688654 0.3921875 0.025505716798592787 0.053125
0 0.4630606860158311 0.34609375 0.023746701846965697 0.0515625
0 0.5457343887423043 0.18203125 0.024626209322779244 0.0609375
0 0.5131926121372031 0.2328125 0.028144239226033423 0.053125
0 0.48768689533861037 0.29453125 0.030782761653474055 0.0640625
0 0.24626209322779244 0.2078125 0.02990325417766051 0.0640625
0 0.21459982409850484 0.46328125 0.024626209322779244 0.0515625
0 0.15787159190853123 0.5265625 0.022867194371152155 0.04375
0 0.6429199648197009 0.69609375 0.01759014951627089 0.05