0 0.8038698328935796 0.60546875 0.025505716798592787 0.0453125
0 0.7352682497801232 0.4 0.028144239226033423 0.053125
0 0.6574318381706244 0.38671875 0.032541776605101144 0.065625
0 0.5646437994722955 0.5703125 0.027264731750219876 0.05
0 0.5426561125769569 0.53359375 0.029023746701846966 0.053125
0 0.5189094107299912 0.49375 0.02990325417766051 0.0578125
0 0.49428320140721194 0.446875 0.027264731750219876 0.0515625
0 0.46437994722955145 0.40546875 0.027264731750219876 0.05
0 0.3839050131926121 0.84921875 0.019349164467897976 0.05
0 0.6543535620052771 0.715625 0.020228671943711522 0.0359375
0 0.6394019349164468 0.69140625 0.022867194371152155 0.0453125