0 0.3526824978012313 0.58984375 0.020228671943711522 0.04375
0 0.3043095866314864 0.70078125 0.022867194371152155 0.04375
0 0.3676341248900616 0.5609375 0.019349164467897976 0.04375
0 0.43491644678979774 0.4 0.025505716798592787 0.053125
0 0.4569041336851363 0.35078125 0.023746701846965697 0.0515625
0 0.5334212840809147 0.17734375 0.024626209322779244 0.0609375
0 0.5026385224274407 0.23203125 0.028144239226033423 0.053125
0 0.47977132805628847 0.29609375 0.030782761653474055 0.0640625
0 0.23526824978012312 0.23984375 0.02990325417766051 0.0640625
0 0.21416007036059806 0.49921875 0.024626209322779244 0.0515625
0 0.1600703605980651 0.56875 0.022867194371152155 0.04375
0 0.6503957783641161 0.67734375 0.01759014951627089 0.05