0 0.5149516270888302 0.38125 0.024626209322779244 0.05
0 0.5461741424802111 0.33671875 0.027264731750219876 0.053125
0 0.4441512752858399 0.51484375 0.026385224274406333 0.05
0 0.46613896218117856 0.475 0.02990325417766051 0.0515625
0 0.48988566402814426 0.43125 0.0316622691292876 0.05625
0 0.3540017590149516 0.671875 0.019349164467897976 0.034375
0 0.3658751099384345 0.64609375 0.023746701846965697 0.034375
0 0.18117854001759015 0.60078125 0.020228671943711522 0.04375
0 0.2598944591029024 0.5015625 0.028144239226033423 0.053125
0 0.26561125769569044 0.33671875 0.02990325417766051 0.0609375
0 0.6328056288478452 0.80390625 0.02198768689533861 0.0515625