0 0.4397537379067722 0.95390625 0.03781882145998241 0.0796875
0 0.5576077396657871 0.65234375 0.02198768689533861 0.0609375
0 0.42656112576956906 0.50546875 0.021108179419525065 0.05
0 0.4608619173262973 0.52421875 0.021108179419525065 0.053125
0 0.43755496921723835 0.40390625 0.01759014951627089 0.04375
0 0.6640281442392261 0.4890625 0.030782761653474055 0.03125
0 0.6811785400175902 0.43203125 0.023746701846965697 0.028125
0 0.42480211081794195 0.265625 0.014072119613016711 0.034375
0 0.41424802110817943 0.13984375 0.013192612137203167 0.0375
0 0.42963940193491645 0.12421875 0.012313104661389622 0.034375
0 0.44854881266490765 0.15625 0.016710642040457344 0.046875
0 0.4569041336851363 0.20625 0.016710642040457344 0.0390625
0 0.25549692172383465 0.96796875 0.03430079155672823 0.0609375