0 0.5422163588390502 0.04140625 0.04133685136323659 0.0828125
0 0.4366754617414248 0.3546875 0.023746701846965697 0.0640625
0 0.5729991204925242 0.4859375 0.022867194371152155 0.053125
0 0.5382585751978892 0.47109375 0.022867194371152155 0.05625
0 0.5659630606860159 0.58828125 0.019349164467897976 0.0453125
0 0.3368513632365875 0.53125 0.0316622691292876 0.0359375
0 0.32189973614775724 0.58984375 0.024626209322779244 0.0296875
0 0.5844327176781002 0.72421875 0.0158311345646438 0.0359375
0 0.5993843447669305 0.8484375 0.014072119613016711 0.0390625
0 0.5848724714160071 0.86640625 0.014072119613016711 0.0359375
0 0.5646437994722955 0.83671875 0.018469656992084433 0.0484375
0 0.5545294635004397 0.7875 0.01759014951627089 0.040625
0 0.7260334212840809 0.01796875 0.03605980650835532 0.0359375