0 0.3544415127528584 0.5984375 0.021108179419525065 0.04375
0 0.30826737027264733 0.7125 0.023746701846965697 0.0453125
0 0.3685136323658751 0.56875 0.020228671943711522 0.04375
0 0.4331574318381706 0.40390625 0.026385224274406333 0.0546875
0 0.4542656112576957 0.35390625 0.024626209322779244 0.053125
0 0.5268249780123131 0.17578125 0.026385224274406333 0.0625
0 0.4973614775725594 0.23203125 0.029023746701846966 0.0546875
0 0.4758135444151275 0.29765625 0.032541776605101144 0.065625
0 0.23043095866314864 0.25625 0.0316622691292876 0.065625
0 0.21416007036059806 0.51640625 0.025505716798592787 0.053125
0 0.1613896218117854 0.58984375 0.023746701846965697 0.0453125
0 0.6539138082673702 0.66796875 0.018469656992084433 0.05