0 0.4925241864555849 0.57734375 0.027264731750219876 0.0546875
0 0.46437994722955145 0.625 0.022867194371152155 0.0515625
0 0.5514511873350924 0.43203125 0.022867194371152155 0.05
0 0.5325417766051012 0.47734375 0.027264731750219876 0.0484375
0 0.5127528583992964 0.52109375 0.032541776605101144 0.0515625
0 0.6292875989445911 0.2625 0.020228671943711522 0.0359375
0 0.6156552330694811 0.290625 0.020228671943711522 0.0359375
0 0.34784520668425684 0.196875 0.019349164467897976 0.0546875
0 0.673702726473175 0.16484375 0.020228671943711522 0.0359375
0 0.7990325417766051 0.3078125 0.021108179419525065 0.0421875
0 0.7370272647317502 0.56484375 0.029023746701846966 0.0515625
0 0.712401055408971 0.45390625 0.028144239226033423 0.0625