0 0.5466138962181178 0.04140625 0.040457343887423045 0.0828125
0 0.43799472295514513 0.353125 0.022867194371152155 0.0625
0 0.5729991204925242 0.48828125 0.022867194371152155 0.0515625
0 0.5382585751978892 0.471875 0.022867194371152155 0.0546875
0 0.5650835532102023 0.590625 0.018469656992084433 0.0453125
0 0.33641160949868076 0.5265625 0.0316622691292876 0.034375
0 0.3210202286719437 0.584375 0.024626209322779244 0.0296875
0 0.5822339489885664 0.7265625 0.014951627088830254 0.0359375
0 0.5958663148636764 0.8515625 0.014072119613016711 0.0375
0 0.5813544415127528 0.86875 0.013192612137203167 0.034375
0 0.5615655233069481 0.83828125 0.01759014951627089 0.0484375
0 0.5518909410729991 0.7890625 0.01759014951627089 0.040625
0 0.7308707124010554 0.02109375 0.03518029903254178 0.0421875