0 0.4995602462620932 0.378125 0.026385224274406333 0.0515625
0 0.47405452946350046 0.3234375 0.029023746701846966 0.05625
0 0.5527704485488126 0.53515625 0.028144239226033423 0.053125
0 0.5360598065083553 0.4875 0.0316622691292876 0.0546875
0 0.5180299032541776 0.43671875 0.03342128408091469 0.059375
0 0.6226912928759895 0.72265625 0.021108179419525065 0.0375
0 0.613896218117854 0.6921875 0.025505716798592787 0.0359375
0 0.7999120492524187 0.71640625 0.02198768689533861 0.046875
0 0.7348284960422163 0.58984375 0.02990325417766051 0.05625
0 0.7480211081794196 0.42734375 0.0316622691292876 0.0640625
0 0.33465259454705365 0.7484375 0.023746701846965697 0.053125