0 0.5101143359718557 0.3796875 0.022867194371152155 0.046875
0 0.5395778364116095 0.33125 0.025505716798592787 0.05
0 0.4450307827616535 0.521875 0.024626209322779244 0.046875
0 0.465259454705365 0.47890625 0.028144239226033423 0.0484375
0 0.4872471416007036 0.4328125 0.02990325417766051 0.053125
0 0.36103781882145997 0.68984375 0.018469656992084433 0.0328125
0 0.3720316622691293 0.6625 0.022867194371152155 0.03125
0 0.18601583113456466 0.63984375 0.018469656992084433 0.0421875
0 0.26033421284080915 0.53125 0.026385224274406333 0.05
0 0.2598944591029024 0.36640625 0.027264731750219876 0.0578125
0 0.6442392260334213 0.78671875 0.020228671943711522 0.0484375