0 0.006156552330694811 0.5484375 0.012313104661389622 0.034375
0 0.1772207563764292 0.5265625 0.030782761653474055 0.03125
0 0.1455584872471416 0.5328125 0.030782761653474055 0.034375
0 0.2994722955145119 0.5125 0.03430079155672823 0.03125
0 0.1503957783641161 0.74921875 0.04309586631486367 0.04375
0 0.23482849604221637 0.7296875 0.0395778364116095 0.0390625
0 0.29683377308707126 0.71953125 0.0395778364116095 0.0359375
0 0.3491644678979771 0.71796875 0.040457343887423045 0.0421875
0 0.4094107299912049 0.71171875 0.04221635883905013 0.0390625
0 0.35883905013192613 0.7734375 0.04221635883905013 0.040625
0 0.2598944591029024 0.77734375 0.04133685136323659 0.0453125
0 0.06992084432717678 0.821875 0.04661389621811785 0.040625
0 0.4665787159190853 0.73984375 0.04397537379067722 0.04375
0 0.706684256816183 0.97265625 0.04309586631486367 0.0515625
0 0.8834652594547053 0.9109375 0.029023746701846966 0.05625
0 0.8474054529463501 0.97265625 0.03781882145998241 0.0515625
0 0.7880386983289358 0.39921875 0.030782761653474055 0.0484375