0 0.8905013192612137 0.51328125 0.03605980650835532 0.0421875
0 0.702726473175022 0.03203125 0.04221635883905013 0.0640625
0 0.23878627968337732 0.5453125 0.02990325417766051 0.028125
0 0.2678100263852243 0.5421875 0.028144239226033423 0.0265625
0 0.38214599824098505 0.5265625 0.032541776605101144 0.028125
0 0.022427440633245383 0.57578125 0.03781882145998241 0.03125
0 0.06200527704485488 0.57265625 0.03605980650835532 0.0296875
0 0.10158311345646438 0.56875 0.032541776605101144 0.0328125
0 0.09762532981530343 0.29921875 0.044854881266490766 0.0390625
0 0.04397537379067722 0.221875 0.04397537379067722 0.0375
0 0.19217238346525944 0.34453125 0.04133685136323659 0.0421875
0 0.29243623570800353 0.33359375 0.03869832893579595 0.03125
0 0.36367634124890064 0.3265625 0.036939313984168866 0.0375
0 0.41380826737027265 0.3140625 0.03869832893579595 0.0375
0 0.46921723834652596 0.30390625 0.04309586631486367 0.0390625
0 0.4894459102902375 0.2609375 0.044854881266490766 0.0421875
0 0.3891820580474934 0.26328125 0.04309586631486367 0.040625
0 0.2990325417766051 0.28671875 0.04133685136323659 0.0390625