0 0.9595426561125769 0.02890625 0.023746701846965697 0.05
0 0.93051890941073 0.1546875 0.02990325417766051 0.0515625
0 0.8887423043095867 0.178125 0.0316622691292876 0.0515625
0 0.9586631486367634 0.23671875 0.032541776605101144 0.0578125
0 0.862796833773087 0.30234375 0.032541776605101144 0.0578125
0 0.7532981530343008 0.51953125 0.03518029903254178 0.0609375
0 0.7150395778364116 0.534375 0.03605980650835532 0.0640625
0 0.679419525065963 0.60703125 0.03605980650835532 0.0625
0 0.751099384344767 0.621875 0.03430079155672823 0.059375
0 0.7211961301671064 0.203125 0.02198768689533861 0.0359375
0 0.7049252418645559 0.234375 0.024626209322779244 0.040625
0 0.6358839050131926 0.35859375 0.027264731750219876 0.0484375
0 0.8342128408091469 0.0078125 0.027264731750219876 0.015625
0 0.8139841688654353 0.03046875 0.026385224274406333 0.040625
0 0.7946350043975374 0.06484375 0.022867194371152155 0.0375