0 0.9010554089709762 0.29453125 0.026385224274406333 0.028125
0 0.872471416007036 0.31484375 0.02990325417766051 0.0328125
0 0.8350923482849604 0.321875 0.03342128408091469 0.0328125
0 0.8021108179419525 0.33671875 0.032541776605101144 0.034375
0 0.768249780123131 0.34921875 0.029023746701846966 0.0328125
0 0.6451187335092349 0.39921875 0.027264731750219876 0.0328125
0 0.6174142480211082 0.41171875 0.027264731750219876 0.0328125
0 0.8324538258575198 0.57890625 0.03781882145998241 0.040625
0 0.8430079155672823 0.65546875 0.036939313984168866 0.0421875
0 0.7379067722075637 0.5671875 0.036939313984168866 0.04375
0 0.5101143359718557 0.45546875 0.030782761653474055 0.0328125
0 0.6297273526824978 0.609375 0.036939313984168866 0.0421875
0 0.6301671064204045 0.65625 0.03781882145998241 0.0421875
0 0.544415127528584 0.64296875 0.03605980650835532 0.046875
0 0.5457343887423043 0.70078125 0.03781882145998241 0.04375
0 0.49912049252418644 0.66875 0.036939313984168866 0.0421875
0 0.44327176781002636 0.69609375 0.04221635883905013 0.0453125
0 0.45602462620932277 0.73203125 0.04221635883905013 0.046875
0 0.27440633245382584 0.96484375 0.040457343887423045 0.0421875