0 0.1521547933157432 0.88046875 0.020228671943711522 0.03125
0 0.1723834652594547 0.85078125 0.024626209322779244 0.0359375
0 0.19832893579595426 0.828125 0.028144239226033423 0.040625
0 0.22207563764291996 0.8015625 0.025505716798592787 0.0390625
0 0.24714160070360597 0.775 0.026385224274406333 0.040625
0 0.341688654353562 0.66953125 0.025505716798592787 0.04375
0 0.36147757255936674 0.64375 0.022867194371152155 0.040625
0 0.4489885664028144 0.55078125 0.027264731750219876 0.046875
0 0.05672823218997362 0.771875 0.02990325417766051 0.05
0 0.12752858399296393 0.6859375 0.02990325417766051 0.0515625
0 0.11741424802110818 0.53671875 0.032541776605101144 0.0546875
0 0.17766051011433598 0.571875 0.02990325417766051 0.0515625
0 0.22911169744942833 0.5609375 0.03342128408091469 0.053125
0 0.2594547053649956 0.46796875 0.03430079155672823 0.059375
0 0.3702726473175022 0.328125 0.03605980650835532 0.065625
0 0.40105540897097625 0.34296875 0.03605980650835532 0.0625
0 0.44854881266490765 0.28359375 0.03605980650835532 0.0671875
0 0.391820580474934 0.2265625 0.03518029903254178 0.0640625