0 0.2616534740545295 0.58828125 0.022867194371152155 0.0484375
0 0.5206684256816183 0.27421875 0.04133685136323659 0.0671875
0 0.19525065963060687 0.88828125 0.022867194371152155 0.053125
0 0.3641160949868074 0.72578125 0.023746701846965697 0.053125
0 0.7119613016710642 0.51171875 0.03781882145998241 0.040625
0 0.86103781882146 0.55546875 0.03869832893579595 0.0390625
0 0.7053649956024626 0.63046875 0.0395778364116095 0.0421875
0 0.7286719437115216 0.69453125 0.03781882145998241 0.0484375
0 0.7717678100263852 0.6765625 0.03518029903254178 0.0390625
0 0.8364116094986808 0.80703125 0.03869832893579595 0.046875
0 0.86103781882146 0.73671875 0.03605980650835532 0.040625
0 0.969217238346526 0.81640625 0.03605980650835532 0.0390625
0 0.9762532981530343 0.58203125 0.0316622691292876 0.0328125
0 0.974934036939314 0.95078125 0.0158311345646438 0.0359375
0 0.8693931398416886 0.49921875 0.03605980650835532 0.0453125