0 0.3997361477572559 0.79140625 0.025505716798592787 0.040625
0 0.48812664907651715 0.65703125 0.022867194371152155 0.0359375
0 0.509674582233949 0.62734375 0.022867194371152155 0.0359375
0 0.2752858399296394 0.73359375 0.029023746701846966 0.05
0 0.3469656992084433 0.61875 0.029023746701846966 0.0515625
0 0.262532981530343 0.58359375 0.029023746701846966 0.0515625
0 0.37994722955145116 0.5125 0.030782761653474055 0.0546875
0 0.44019349164467897 0.41484375 0.0316622691292876 0.0546875
0 0.45954265611257694 0.45 0.03342128408091469 0.053125
0 0.13808267370272648 0.8953125 0.02990325417766051 0.046875
0 0.306948109058927 0.925 0.021108179419525065 0.0328125
0 0.3254177660510114 0.8890625 0.022867194371152155 0.0328125
0 0.351363236587511 0.85703125 0.026385224274406333 0.0375
0 0.3751099384344767 0.825 0.026385224274406333 0.0390625
0 0.5941072999120492 0.51015625 0.027264731750219876 0.0453125
0 0.523306948109059 0.28125 0.03781882145998241 0.0609375
0 0.5439753737906772 0.3046875 0.03605980650835532 0.0609375
0 0.5879507475813545 0.234375 0.036939313984168866 0.059375
0 0.56948109058927 0.11484375 0.03430079155672823 0.065625