0 0.9063324538258575 0.33203125 0.026385224274406333 0.0296875
0 0.8773087071240105 0.35 0.030782761653474055 0.0359375
0 0.8399296394019349 0.35390625 0.03430079155672823 0.0359375
0 0.8065083553210203 0.36484375 0.03342128408091469 0.0375
0 0.772207563764292 0.37421875 0.02990325417766051 0.0359375
0 0.6477572559366754 0.41328125 0.028144239226033423 0.0359375
0 0.6200527704485488 0.42265625 0.028144239226033423 0.0359375
0 0.8298153034300791 0.61015625 0.03869832893579595 0.0453125
0 0.837730870712401 0.6875 0.03781882145998241 0.0453125
0 0.7357080035180299 0.5890625 0.03781882145998241 0.046875
0 0.5114335971855761 0.45625 0.0316622691292876 0.0359375
0 0.6266490765171504 0.621875 0.03781882145998241 0.0453125
0 0.6253298153034301 0.66875 0.03869832893579595 0.046875
0 0.5400175901495162 0.646875 0.036939313984168866 0.05
0 0.5400175901495162 0.7046875 0.03869832893579595 0.0484375
0 0.49428320140721194 0.66875 0.03781882145998241 0.0453125
0 0.43755496921723835 0.690625 0.04309586631486367 0.0484375
0 0.4489885664028144 0.72734375 0.04309586631486367 0.05
0 0.26077396657871593 0.94375 0.04133685136323659 0.0453125