0 0.604221635883905 0.68125 0.036939313984168866 0.053125
0 0.525065963060686 0.52109375 0.040457343887423045 0.0484375
0 0.7058047493403694 0.7140625 0.0395778364116095 0.06875
0 0.635004397537379 0.23046875 0.028144239226033423 0.0703125
0 0.6948109058927001 0.0109375 0.022867194371152155 0.01875
0 0.6574318381706244 0.125 0.027264731750219876 0.0625
0 0.6776605101143359 0.28125 0.020228671943711522 0.059375
0 0.32629727352682497 0.27734375 0.03342128408091469 0.0328125
0 0.3333333333333333 0.44375 0.03869832893579595 0.0375
0 0.24626209322779244 0.39609375 0.04397537379067722 0.0421875
0 0.03430079155672823 0.5890625 0.04221635883905013 0.040625