0 0.09542656112576957 0.31953125 0.026385224274406333 0.0296875
0 0.12401055408970976 0.33828125 0.02990325417766051 0.034375
0 0.1613896218117854 0.34296875 0.03342128408091469 0.0359375
0 0.1948109058927001 0.35546875 0.032541776605101144 0.0359375
0 0.22911169744942833 0.36640625 0.029023746701846966 0.034375
0 0.35312225153913807 0.40859375 0.027264731750219876 0.034375
0 0.3808267370272647 0.41953125 0.027264731750219876 0.034375
0 0.1693051890941073 0.6 0.03869832893579595 0.04375
0 0.16051011433597184 0.6765625 0.03781882145998241 0.0453125
0 0.26341248900615655 0.58203125 0.03781882145998241 0.046875
0 0.4890061565523307 0.45625 0.030782761653474055 0.034375
0 0.37247141600703604 0.61796875 0.03781882145998241 0.0453125
0 0.3729111697449428 0.66484375 0.03869832893579595 0.0453125
0 0.4586631486367634 0.6453125 0.036939313984168866 0.05
0 0.45822339489885666 0.703125 0.03869832893579595 0.046875
0 0.503957783641161 0.66875 0.03781882145998241 0.0453125
0 0.5602462620932278 0.6921875 0.04309586631486367 0.046875
0 0.5488126649076517 0.72890625 0.04309586631486367 0.0484375
0 0.7343887423043096 0.9515625 0.040457343887423045 0.0453125