0 0.741424802110818 0.55859375 0.024626209322779244 0.05
0 0.47053649956024624 0.27734375 0.04309586631486367 0.071875
0 0.8192612137203166 0.84921875 0.024626209322779244 0.0546875
0 0.6442392260334213 0.70859375 0.025505716798592787 0.0546875
0 0.28891820580474936 0.5375 0.03869832893579595 0.04375
0 0.14204045734388743 0.60078125 0.040457343887423045 0.04375
0 0.29991204925241866 0.65546875 0.040457343887423045 0.046875
0 0.2796833773087071 0.72265625 0.03869832893579595 0.0515625
0 0.2357080035180299 0.709375 0.036939313984168866 0.0421875
0 0.17634124890061564 0.8484375 0.0395778364116095 0.0515625
0 0.14907651715039577 0.78125 0.036939313984168866 0.04375
0 0.044415127528583995 0.87421875 0.03781882145998241 0.0421875
0 0.028144239226033423 0.640625 0.032541776605101144 0.0375
0 0.04309586631486367 0.99375 0.019349164467897976 0.009375
0 0.13148636763412488 0.54453125 0.036939313984168866 0.0484375