0 0.09938434476693052 0.103125 0.024626209322779244 0.0265625
0 0.12225153913808268 0.13125 0.026385224274406333 0.0328125
0 0.1547933157431838 0.15390625 0.0316622691292876 0.0375
0 0.18425681618293754 0.1765625 0.02990325417766051 0.0359375
0 0.21284080914687775 0.2015625 0.029023746701846966 0.0359375
0 0.32145998240985046 0.29765625 0.026385224274406333 0.0359375
0 0.3447669305189094 0.3171875 0.023746701846965697 0.034375
0 0.4397537379067722 0.39921875 0.030782761653474055 0.040625
0 0.09762532981530343 0.459375 0.03781882145998241 0.0484375
0 0.3100263852242744 0.61875 0.03869832893579595 0.0515625
0 0.723834652594547 0.8484375 0.04309586631486367 0.05
0 0.9335971855760774 0.75703125 0.04397537379067722 0.040625
0 0.8751099384344767 0.909375 0.04133685136323659 0.034375
0 0.9700967458223395 0.80390625 0.03518029903254178 0.0359375