0 0.8197009674582234 0.70234375 0.03518029903254178 0.0390625
0 0.9538258575197889 0.78671875 0.03430079155672823 0.0390625
0 0.9854881266490765 0.8078125 0.027264731750219876 0.040625
0 0.3491644678979771 0.35625 0.026385224274406333 0.05
0 0.4384344766930519 0.69140625 0.03781882145998241 0.0515625
0 0.5294635004397538 0.81328125 0.03869832893579595 0.0453125
0 0.6521547933157432 0.84375 0.04309586631486367 0.04375
0 0.7260334212840809 0.88984375 0.04133685136323659 0.0453125
0 0.7902374670184696 0.9265625 0.04309586631486367 0.05
0 0.6745822339489885 0.91015625 0.04221635883905013 0.0515625
0 0.1882145998240985 0.81171875 0.024626209322779244 0.0484375
0 0.21108179419525067 0.8984375 0.03518029903254178 0.065625
0 0.16710642040457344 0.97890625 0.03518029903254178 0.0390625
0 0.8434476693051891 0.9640625 0.04573438874230431 0.05