0 0.1627088830255057 0.31171875 0.0395778364116095 0.0328125
0 0.021108179419525065 0.34765625 0.03518029903254178 0.0375
0 0.11169744942832015 0.45390625 0.0395778364116095 0.0328125
0 0.0743183817062445 0.4171875 0.03518029903254178 0.0390625
0 0.8183817062445031 0.8375 0.026385224274406333 0.03125
0 0.9379947229551451 0.91640625 0.027264731750219876 0.028125
0 0.9116094986807388 0.88984375 0.027264731750219876 0.0328125
0 0.8786279683377308 0.875 0.030782761653474055 0.034375
0 0.8478452066842568 0.85625 0.02990325417766051 0.0375
0 0.9199648197009674 0.56953125 0.036939313984168866 0.0421875
0 0.7097625329815304 0.76640625 0.026385224274406333 0.0296875
0 0.6855760773966578 0.75234375 0.024626209322779244 0.0265625
0 0.588830255057168 0.6890625 0.028144239226033423 0.0328125
0 0.6644678979771328 0.43671875 0.0395778364116095 0.0375
0 0.2260334212840809 0.046875 0.022867194371152155 0.071875