0 0.23482849604221637 0.51796875 0.036939313984168866 0.04375
0 0.10554089709762533 0.54140625 0.03430079155672823 0.040625
0 0.07211961301671065 0.546875 0.03430079155672823 0.04375
0 0.051451187335092345 0.8375 0.051890941072999124 0.0609375
0 0.10861917326297274 0.76953125 0.047493403693931395 0.059375
0 0.17766051011433598 0.7453125 0.04397537379067722 0.0515625
0 0.22735268249780125 0.78515625 0.04309586631486367 0.053125
0 0.23658751099384345 0.73125 0.040457343887423045 0.05
0 0.2911169744942832 0.72578125 0.04221635883905013 0.05
0 0.3579595426561126 0.71328125 0.04221635883905013 0.0484375
0 0.3390501319261214 0.7734375 0.04221635883905013 0.05
0 0.4525065963060686 0.721875 0.04309586631486367 0.053125
0 0.7216358839050132 0.38125 0.032541776605101144 0.0546875
0 0.8192612137203166 0.8703125 0.02990325417766051 0.053125
0 0.7867194371152155 0.946875 0.0395778364116095 0.0734375