0 0.24274406332453827 0.615625 0.03605980650835532 0.040625
0 0.11873350923482849 0.6859375 0.032541776605101144 0.0359375
0 0.0870712401055409 0.70390625 0.03342128408091469 0.0390625
0 0.1011433597185576 0.9828125 0.051011433597185574 0.03125
0 0.148636763412489 0.9078125 0.04573438874230431 0.053125
0 0.21328056288478453 0.859375 0.04309586631486367 0.046875
0 0.2669305189094107 0.8796875 0.04221635883905013 0.0484375
0 0.2695690413368514 0.8234375 0.0395778364116095 0.0453125
0 0.322339489885664 0.79765625 0.04133685136323659 0.0453125
0 0.386103781882146 0.7609375 0.04133685136323659 0.04375
0 0.37467018469656993 0.82734375 0.04133685136323659 0.0453125
0 0.47977132805628847 0.734375 0.04221635883905013 0.0484375
0 0.702726473175022 0.3015625 0.030782761653474055 0.0515625
0 0.7612137203166227 0.94609375 0.040457343887423045 0.05
0 0.8557607739665787 0.74375 0.028144239226033423 0.05
0 0.8324538258575198 0.83125 0.03781882145998241 0.0703125
0 0.8790677220756377 0.92109375 0.04221635883905013 0.0703125