0 0.758575197889182 0.3921875 0.03518029903254178 0.0390625
0 0.8830255057167986 0.32578125 0.032541776605101144 0.0359375
0 0.9146877748460862 0.30859375 0.032541776605101144 0.0390625
0 0.9041336851363236 0.02265625 0.051011433597185574 0.0453125
0 0.855321020228672 0.103125 0.04573438874230431 0.053125
0 0.7897977132805629 0.15 0.04221635883905013 0.0453125
0 0.7370272647317502 0.12734375 0.04133685136323659 0.046875
0 0.7339489885664028 0.184375 0.03869832893579595 0.04375
0 0.6807387862796834 0.2078125 0.040457343887423045 0.04375
0 0.6165347405452947 0.24296875 0.040457343887423045 0.0421875
0 0.6288478452066842 0.1765625 0.040457343887423045 0.04375
0 0.5224274406332454 0.26640625 0.04133685136323659 0.046875
0 0.29507475813544415 0.6921875 0.030782761653474055 0.0515625
0 0.24318381706244502 0.04609375 0.0395778364116095 0.0484375
0 0.1468777484608619 0.2453125 0.028144239226033423 0.05
0 0.1706244503078276 0.15859375 0.036939313984168866 0.06875
0 0.12532981530343007 0.0671875 0.04133685136323659 0.06875