0 0.810905892700088 0.6578125 0.029023746701846966 0.0296875
0 0.7801231310466139 0.66015625 0.029023746701846966 0.0296875
0 0.6618293755496921 0.66640625 0.032541776605101144 0.025
0 0.6666666666666666 0.59296875 0.03518029903254178 0.0328125
0 0.6398416886543535 0.46796875 0.03869832893579595 0.034375
0 0.5501319261213721 0.42109375 0.0395778364116095 0.034375
0 0.6319261213720316 0.41484375 0.04133685136323659 0.0296875
0 0.5848724714160071 0.35859375 0.04309586631486367 0.0359375
0 0.7128408091468778 0.40859375 0.04133685136323659 0.0375
0 0.9898856640281443 0.65234375 0.0158311345646438 0.034375
0 0.9599824098504838 0.6546875 0.03342128408091469 0.0265625
0 0.9775725593667546 0.303125 0.04309586631486367 0.0375
0 0.12884784520668427 0.1390625 0.0316622691292876 0.075
0 0.20492524186455585 0.07890625 0.026385224274406333 0.0703125
0 0.09366754617414248 0.23125 0.024626209322779244 0.05625
0 0.09102902374670185 0.03515625 0.03781882145998241 0.0703125