0 0.6292875989445911 0.36875 0.04309586631486367 0.0390625
0 0.7115215479331575 0.34375 0.04221635883905013 0.0453125
0 0.7963940193491644 0.31171875 0.040457343887423045 0.04375
0 0.7620932277924363 0.58984375 0.03430079155672823 0.0375
0 0.920844327176781 0.54609375 0.032541776605101144 0.0390625
0 0.8878627968337731 0.5546875 0.0316622691292876 0.0375
0 0.18777484608619174 0.88203125 0.023746701846965697 0.04375
0 0.32629727352682497 0.62265625 0.023746701846965697 0.059375
0 0.19656992084432717 0.21015625 0.03430079155672823 0.06875
0 0.1723834652594547 0.3109375 0.025505716798592787 0.046875
0 0.15303430079155672 0.115625 0.03605980650835532 0.075
0 0.11037818821459983 0.0265625 0.04133685136323659 0.053125