0 0.9577836411609498 0.546875 0.036939313984168866 0.0578125
0 0.7392260334212841 0.46171875 0.03781882145998241 0.053125
0 0.671943711521548 0.4078125 0.03781882145998241 0.0546875
0 0.6055408970976254 0.3546875 0.0395778364116095 0.05625
0 0.7401055408970977 0.7421875 0.026385224274406333 0.0421875
0 0.716358839050132 0.725 0.025505716798592787 0.0390625
0 0.6200527704485488 0.65546875 0.030782761653474055 0.0453125
0 0.6939313984168866 0.66171875 0.04133685136323659 0.05625
0 0.8474054529463501 0.821875 0.029023746701846966 0.04375
0 0.9357959542656112 0.8796875 0.029023746701846966 0.0359375
0 0.905452946350044 0.86328125 0.0316622691292876 0.0421875
0 0.8759894459102903 0.84453125 0.029023746701846966 0.04375