0 0.21240105540897097 0.55703125 0.03869832893579595 0.046875
0 0.09146877748460862 0.65546875 0.03342128408091469 0.05
0 0.05980650835532102 0.68125 0.03518029903254178 0.04375
0 0.13852242744063326 0.853125 0.048372911169744945 0.05625
0 0.22119613016710643 0.8484375 0.04661389621811785 0.0609375
0 0.30123131046613894 0.7734375 0.04309586631486367 0.0515625
0 0.376429199648197 0.70546875 0.04133685136323659 0.05625
0 0.2752858399296394 0.8625 0.047493403693931395 0.05625
0 0.5795954265611257 0.21328125 0.030782761653474055 0.05625
0 0.6292875989445911 0.31328125 0.019349164467897976 0.0515625
0 0.718117854001759 0.72109375 0.03518029903254178 0.0703125
0 0.8100263852242744 0.6453125 0.03869832893579595 0.06875
0 0.864995602462621 0.71171875 0.0395778364116095 0.0703125
0 0.9204045734388743 0.7875 0.04221635883905013 0.0765625
0 0.8170624450307827 0.5375 0.028144239226033423 0.0484375