0 0.9067722075637643 0.41171875 0.0316622691292876 0.03125
0 0.876429199648197 0.40078125 0.032541776605101144 0.0359375
0 0.752858399296394 0.346875 0.0316622691292876 0.0328125
0 0.1772207563764292 0.653125 0.03518029903254178 0.06875
0 0.1310466138962181 0.73515625 0.03518029903254178 0.0703125
0 0.0853122251539138 0.83203125 0.03781882145998241 0.075
0 0.15523306948109059 0.546875 0.025505716798592787 0.046875
0 0.33465259454705365 0.33046875 0.022867194371152155 0.05625
0 0.21723834652594548 0.0265625 0.024626209322779244 0.0421875
0 0.6886543535620053 0.58828125 0.040457343887423045 0.0375
0 0.6086191732629728 0.54921875 0.03781882145998241 0.040625
0 0.9124890061565524 0.74609375 0.047493403693931395 0.04375
0 0.772207563764292 0.628125 0.04133685136323659 0.040625