0 0.22515391380826738 0.93046875 0.027264731750219876 0.0453125
0 0.2590149516270888 0.7796875 0.025505716798592787 0.0453125
0 0.32937554969217236 0.4234375 0.021108179419525065 0.0671875
0 0.1785400175901495 0.2484375 0.036939313984168866 0.0703125
0 0.13324538258575197 0.15625 0.03781882145998241 0.071875
0 0.09058927000879508 0.05078125 0.0395778364116095 0.0765625
0 0.15391380826737028 0.353125 0.022867194371152155 0.046875
0 0.741424802110818 0.625 0.03781882145998241 0.0359375
0 0.8992963940193491 0.57578125 0.02990325417766051 0.0421875
0 0.864995602462621 0.5890625 0.029023746701846966 0.040625
0 0.6064204045734388 0.403125 0.0395778364116095 0.040625
0 0.6877748460861918 0.37421875 0.04397537379067722 0.04375
0 0.7739665787159191 0.34375 0.040457343887423045 0.04375
0 0.8021108179419525 0.27578125 0.04661389621811785 0.05
0 0.965259454705365 0.3390625 0.047493403693931395 0.04375