0 0.9454705364995603 0.87890625 0.0316622691292876 0.040625
0 0.9124890061565524 0.85390625 0.030782761653474055 0.0390625
0 0.7963940193491644 0.765625 0.02990325417766051 0.0359375
0 0.7704485488126649 0.74453125 0.027264731750219876 0.034375
0 0.667985927880387 0.67109375 0.032541776605101144 0.040625
0 0.8284960422163589 0.74140625 0.03869832893579595 0.0484375
0 0.9705364995602462 0.89609375 0.023746701846965697 0.034375
0 0.7924362357080035 0.4734375 0.03869832893579595 0.05
0 0.7203166226912929 0.41953125 0.0395778364116095 0.05
0 0.6508355321020228 0.36484375 0.04221635883905013 0.053125
0 0.05013192612137203 0.3421875 0.03869832893579595 0.040625