0 0.38214599824098505 0.66171875 0.04397537379067722 0.0421875
0 0.30255057167985927 0.70703125 0.04309586631486367 0.0484375
0 0.22163588390501318 0.759375 0.04133685136323659 0.046875
0 0.23350923482849603 0.47578125 0.03518029903254178 0.0390625
0 0.07959542656112577 0.55859375 0.03342128408091469 0.040625
0 0.11169744942832015 0.54140625 0.032541776605101144 0.0390625
0 0.7792436235708003 0.04453125 0.024626209322779244 0.0453125
0 0.662269129287599 0.3359375 0.024626209322779244 0.0609375
0 0.8227792436235708 0.71171875 0.03605980650835532 0.0703125
0 0.8394898856640282 0.60625 0.026385224274406333 0.0484375
0 0.8737906772207564 0.79453125 0.03781882145998241 0.0765625
0 0.9239226033421284 0.88515625 0.04221635883905013 0.0796875