0 0.05364995602462621 0.35546875 0.03781882145998241 0.0421875
0 0.08487247141600704 0.37578125 0.0316622691292876 0.0390625
0 0.20624450307827616 0.45703125 0.036939313984168866 0.0390625
0 0.28100263852242746 0.221875 0.044854881266490766 0.0484375
0 0.35883905013192613 0.27578125 0.04221635883905013 0.05
0 0.19832893579595426 0.16328125 0.044854881266490766 0.0515625
0 0.7744063324538258 0.990625 0.023746701846965697 0.015625
0 0.6561125769569042 0.70703125 0.0316622691292876 0.0609375
0 0.8210202286719437 0.37890625 0.026385224274406333 0.05
0 0.8073878627968337 0.26640625 0.03869832893579595 0.075
0 0.8592788038698329 0.1859375 0.040457343887423045 0.0796875
0 0.9067722075637643 0.1140625 0.032541776605101144 0.0421875