0 0.7832014072119613 0.08671875 0.028144239226033423 0.046875
0 0.7467018469656992 0.2359375 0.026385224274406333 0.046875
0 0.6693051890941073 0.5875 0.022867194371152155 0.06875
0 0.8161829375549692 0.77109375 0.03869832893579595 0.071875
0 0.8597185576077396 0.86640625 0.0395778364116095 0.0734375
0 0.9006156552330695 0.96640625 0.04221635883905013 0.0640625
0 0.8430079155672823 0.66875 0.023746701846965697 0.0484375
0 0.2612137203166227 0.36015625 0.03869832893579595 0.0390625
0 0.10246262093227793 0.4 0.030782761653474055 0.04375
0 0.13676341248900617 0.38828125 0.02990325417766051 0.0421875
0 0.391820580474934 0.58984375 0.040457343887423045 0.04375
0 0.3100263852242744 0.6140625 0.044854881266490766 0.0453125
0 0.22295514511873352 0.6390625 0.04133685136323659 0.046875
0 0.19349164467897978 0.70546875 0.047493403693931395 0.0515625
0 0.0316622691292876 0.63203125 0.048372911169744945 0.046875