0 0.044854881266490766 0.603125 0.03518029903254178 0.0546875
0 0.2594547053649956 0.49140625 0.03605980650835532 0.05
0 0.3245382585751979 0.4296875 0.03605980650835532 0.0515625
0 0.3887423043095866 0.36796875 0.03781882145998241 0.053125
0 0.2695690413368514 0.77109375 0.025505716798592787 0.0390625
0 0.2928759894459103 0.7515625 0.023746701846965697 0.0375
0 0.386103781882146 0.66953125 0.02990325417766051 0.0421875
0 0.31266490765171506 0.68515625 0.0395778364116095 0.0515625
0 0.1662269129287599 0.8640625 0.028144239226033423 0.040625
0 0.08003518029903255 0.9328125 0.028144239226033423 0.0328125
0 0.10993843447669305 0.9125 0.030782761653474055 0.0390625
0 0.13852242744063326 0.890625 0.028144239226033423 0.040625