0 0.5844327176781002 0.58671875 0.04221635883905013 0.040625
0 0.4859278803869833 0.64296875 0.04309586631486367 0.0390625
0 0.4648197009674582 0.58984375 0.04309586631486367 0.040625
0 0.490325417766051 0.53359375 0.03869832893579595 0.0359375
0 0.3469656992084433 0.5953125 0.04309586631486367 0.040625
0 0.2484608619173263 0.8484375 0.030782761653474055 0.0328125
0 0.2774846086191733 0.84765625 0.027264731750219876 0.03125
0 0.39533861037818824 0.8453125 0.032541776605101144 0.03125
0 0.024186455584872472 0.853125 0.03869832893579595 0.0359375
0 0.06464379947229551 0.85390625 0.036939313984168866 0.0359375
0 0.10466138962181179 0.85234375 0.03342128408091469 0.0328125
0 0.08883025505716799 0.51640625 0.04309586631486367 0.04375
0 0.9569041336851363 0.36640625 0.024626209322779244 0.0578125
0 0.9133685136323659 0.27890625 0.029023746701846966 0.078125
0 0.9463500439753738 0.1734375 0.03342128408091469 0.078125
0 0.969217238346526 0.084375 0.025505716798592787 0.0296875