0 0.17985927880386984 0.4203125 0.030782761653474055 0.034375
0 0.2102022867194371 0.41015625 0.030782761653474055 0.034375
0 0.32673702726473175 0.375 0.03430079155672823 0.0296875
0 0.3276165347405453 0.44921875 0.036939313984168866 0.0390625
0 0.3641160949868074 0.56640625 0.040457343887423045 0.040625
0 0.45646437994722955 0.590625 0.04133685136323659 0.040625
0 0.3759894459102902 0.61640625 0.04309586631486367 0.0375
0 0.42700087950747584 0.6609375 0.044854881266490766 0.04375
0 0.2963940193491645 0.64296875 0.04309586631486367 0.0453125
0 0.006596306068601583 0.46953125 0.013192612137203167 0.0390625
0 0.032541776605101144 0.46015625 0.03518029903254178 0.0328125
0 0.04133685136323659 0.8140625 0.04661389621811785 0.04375
0 0.895778364116095 0.765625 0.03518029903254178 0.0796875
0 0.8249780123131046 0.84375 0.02990325417766051 0.075
0 0.9234828496042217 0.665625 0.027264731750219876 0.0609375
0 0.9415127528583993 0.8640625 0.04133685136323659 0.084375