0 0.7335092348284961 0.98828125 0.02990325417766051 0.0203125
0 0.7137203166226913 0.84296875 0.027264731750219876 0.0484375
0 0.6754617414248021 0.471875 0.022867194371152155 0.06875
0 0.8394898856640282 0.34140625 0.03869832893579595 0.0734375
0 0.8927000879507476 0.2625 0.0395778364116095 0.075
0 0.94415127528584 0.1703125 0.04221635883905013 0.0796875
0 0.8548812664907651 0.45078125 0.024626209322779244 0.0484375
0 0.25021987686895336 0.55625 0.03869832893579595 0.0390625
0 0.09894459102902374 0.46328125 0.030782761653474055 0.04375
0 0.13148636763412488 0.4859375 0.02990325417766051 0.0421875
0 0.40369393139841686 0.375 0.040457343887423045 0.04375
0 0.3254177660510114 0.3234375 0.044854881266490766 0.046875
0 0.24318381706244502 0.26953125 0.04133685136323659 0.0484375
0 0.22119613016710643 0.19453125 0.048372911169744945 0.053125
0 0.05452946350043975 0.21171875 0.048372911169744945 0.046875