0 0.07651715039577836 0.64609375 0.04309586631486367 0.059375
0 0.051890941072999124 0.8953125 0.047493403693931395 0.0625
0 0.28715919085312225 0.7109375 0.04221635883905013 0.0609375
0 0.3210202286719437 0.615625 0.036939313984168866 0.0515625
0 0.38478452066842567 0.60546875 0.04133685136323659 0.0578125
0 0.40369393139841686 0.53203125 0.04221635883905013 0.0578125
0 0.38478452066842567 0.48984375 0.044854881266490766 0.0578125
0 0.4450307827616535 0.54296875 0.03869832893579595 0.059375
0 0.4648197009674582 0.396875 0.040457343887423045 0.059375
0 0.37686895338610377 0.3078125 0.04309586631486367 0.0578125
0 0.484608619173263 0.1625 0.051890941072999124 0.0703125
0 0.9146877748460862 0.1453125 0.04397537379067722 0.040625