0 0.7093227792436235 0.7359375 0.0158311345646438 0.0484375
0 0.6525945470536499 0.7515625 0.02198768689533861 0.0609375
0 0.6882145998240985 0.49140625 0.04133685136323659 0.053125
0 0.9190853122251539 0.3375 0.047493403693931395 0.0609375
0 0.8038698328935796 0.42578125 0.04397537379067722 0.05625
0 0.8878627968337731 0.140625 0.04925241864555849 0.06875
0 0.287598944591029 0.43125 0.03781882145998241 0.040625
0 0.2678100263852243 0.36953125 0.032541776605101144 0.0359375
0 0.4287598944591029 0.43515625 0.03869832893579595 0.0375
0 0.09894459102902374 0.0140625 0.03781882145998241 0.028125
0 0.06464379947229551 0.0078125 0.03605980650835532 0.015625