0 0.9217238346525946 0.34140625 0.04397537379067722 0.059375
0 0.94415127528584 0.090625 0.048372911169744945 0.0640625
0 0.7110817941952506 0.28203125 0.04309586631486367 0.0609375
0 0.6776605101143359 0.37890625 0.036939313984168866 0.053125
0 0.6143359718557607 0.390625 0.04221635883905013 0.059375
0 0.5958663148636764 0.46484375 0.04309586631486367 0.0578125
0 0.6152154793315743 0.50625 0.04573438874230431 0.059375
0 0.5545294635004397 0.4546875 0.0395778364116095 0.0609375
0 0.5364995602462621 0.60234375 0.04133685136323659 0.0609375
0 0.6253298153034301 0.68828125 0.04397537379067722 0.0578125
0 0.5189094107299912 0.83671875 0.051890941072999124 0.0703125
0 0.08883025505716799 0.8671875 0.04397537379067722 0.0421875