0 0.7915567282321899 0.34375 0.04133685136323659 0.04375
0 0.9639401934916447 0.34765625 0.03869832893579595 0.0421875
0 0.9291996481970096 0.34765625 0.0395778364116095 0.0421875
0 0.7225153913808268 0.66640625 0.048372911169744945 0.0484375
0 0.6618293755496921 0.66015625 0.03869832893579595 0.040625
0 0.10246262093227793 0.15390625 0.04397537379067722 0.0578125
0 0.18337730870712401 0.18515625 0.04397537379067722 0.0640625
0 0.25857519788918204 0.2546875 0.04573438874230431 0.0546875
0 0.218117854001759 0.29140625 0.03781882145998241 0.053125
0 0.2119613016710642 0.3375 0.044854881266490766 0.0609375
0 0.2805628847845207 0.3453125 0.044854881266490766 0.0609375
0 0.26868953386103783 0.42421875 0.04221635883905013 0.0671875
0 0.4080914687774846 0.3578125 0.04221635883905013 0.0453125
0 0.18909410729991205 0.8859375 0.02198768689533861 0.0625