0 0.08795074758135445 0.6828125 0.044854881266490766 0.0546875
0 0.16842568161829374 0.6921875 0.047493403693931395 0.0578125
0 0.19261213720316622 0.56171875 0.04661389621811785 0.059375
0 0.25065963060686014 0.6625 0.04573438874230431 0.0484375
0 0.22559366754617413 0.58515625 0.03605980650835532 0.05
0 0.2546174142480211 0.49765625 0.03869832893579595 0.0640625
0 0.2884784520668426 0.58515625 0.04309586631486367 0.0515625
0 0.7159190853122251 0.4625 0.047493403693931395 0.0421875
0 0.6547933157431838 0.44375 0.0395778364116095 0.04375
0 0.436235708003518 0.63828125 0.04221635883905013 0.0421875
0 0.9098504837291117 0.86484375 0.036939313984168866 0.0421875
0 0.876429199648197 0.85078125 0.03781882145998241 0.0375
0 0.7418645558487247 0.8015625 0.0395778364116095 0.0453125
0 0.2233948988566403 0.0375 0.019349164467897976 0.0640625