0 0.8557607739665787 0.29609375 0.044854881266490766 0.0578125
0 0.7581354441512753 0.2859375 0.044854881266490766 0.05625
0 0.6763412489006156 0.2859375 0.04661389621811785 0.046875
0 0.7902374670184696 0.3953125 0.04397537379067722 0.0609375
0 0.7392260334212841 0.4875 0.03518029903254178 0.071875
0 0.673702726473175 0.4765625 0.03605980650835532 0.0640625
0 0.6226912928759895 0.3578125 0.044854881266490766 0.04375
0 0.44371152154793314 0.2671875 0.04309586631486367 0.046875
0 0.37115215479331576 0.48515625 0.0395778364116095 0.0421875
0 0.31090589270008795 0.46484375 0.044854881266490766 0.0453125
0 0.2862796833773087 0.128125 0.04309586631486367 0.040625
0 0.11829375549692173 0.06328125 0.040457343887423045 0.0421875
0 0.1521547933157432 0.0796875 0.03869832893579595 0.0421875
0 0.7985927880386984 0.896875 0.02198768689533861 0.0671875