0 0.9810905892700088 0.2734375 0.03518029903254178 0.0375
0 0.9450307827616534 0.28046875 0.03518029903254178 0.0375
0 0.7616534740545294 0.64140625 0.04309586631486367 0.040625
0 0.7009674582233949 0.64921875 0.03781882145998241 0.03125
0 0.24758135444151275 0.96953125 0.01759014951627089 0.0421875
0 0.2673702726473175 0.39375 0.040457343887423045 0.046875
0 0.3729111697449428 0.39140625 0.040457343887423045 0.0359375
0 0.2832014072119613 0.4875 0.03781882145998241 0.05625
0 0.21899736147757257 0.4171875 0.04133685136323659 0.053125
0 0.19700967458223395 0.3453125 0.03518029903254178 0.0484375
0 0.2405452946350044 0.31328125 0.0395778364116095 0.046875
0 0.16402814423922604 0.25625 0.04133685136323659 0.05
0 0.0712401055408971 0.234375 0.04133685136323659 0.05
0 0.8073878627968337 0.30390625 0.03869832893579595 0.034375