0 0.9586631486367634 0.15703125 0.03781882145998241 0.04375
0 0.9234828496042217 0.17265625 0.03781882145998241 0.04375
0 0.7700087950747582 0.57578125 0.04573438874230431 0.0484375
0 0.7106420404573439 0.5984375 0.0395778364116095 0.0375
0 0.2612137203166227 0.45234375 0.04309586631486367 0.053125
0 0.3658751099384345 0.4234375 0.04221635883905013 0.0421875
0 0.28452066842568163 0.54140625 0.040457343887423045 0.0625
0 0.21503957783641162 0.4875 0.04397537379067722 0.059375
0 0.18777484608619174 0.421875 0.036939313984168866 0.0546875
0 0.22867194371152155 0.37890625 0.04221635883905013 0.053125
0 0.14819700967458224 0.34140625 0.04309586631486367 0.05625
0 0.05452946350043975 0.34296875 0.04309586631486367 0.05625
0 0.7893579595426561 0.2296875 0.040457343887423045 0.040625