0 0.8271767810026385 0.17890625 0.044854881266490766 0.059375
0 0.7304309586631487 0.20234375 0.044854881266490766 0.0578125
0 0.6503957783641161 0.2296875 0.04661389621811785 0.0484375
0 0.7735268249780123 0.29921875 0.04397537379067722 0.0625
0 0.7335092348284961 0.40703125 0.03518029903254178 0.0734375
0 0.667985927880387 0.41796875 0.036939313984168866 0.065625
0 0.6051011433597185 0.31875 0.044854881266490766 0.0453125
0 0.41952506596306066 0.290625 0.04309586631486367 0.0484375
0 0.37159190853122254 0.5296875 0.0395778364116095 0.0421875
0 0.31090589270008795 0.5296875 0.044854881266490766 0.046875
0 0.25021987686895336 0.20703125 0.04309586631486367 0.0421875
0 0.07871591908531222 0.20078125 0.040457343887423045 0.0421875
0 0.11345646437994723 0.20546875 0.03869832893579595 0.0421875
0 0.8359718557607739 0.78828125 0.022867194371152155 0.0671875