0 0.8909410729991205 0.7953125 0.04397537379067722 0.053125
0 0.810905892700088 0.78203125 0.04661389621811785 0.05625
0 0.7981530343007915 0.646875 0.04573438874230431 0.0578125
0 0.7321899736147758 0.73046875 0.04573438874230431 0.046875
0 0.7634124890061565 0.66015625 0.03605980650835532 0.05
0 0.7423043095866315 0.56640625 0.03869832893579595 0.0640625
0 0.7014072119613016 0.64296875 0.04309586631486367 0.05
0 0.29023746701846964 0.40234375 0.04661389621811785 0.0421875
0 0.35224274406332456 0.4015625 0.0395778364116095 0.0421875
0 0.5510114335971856 0.6546875 0.04133685136323659 0.040625
0 0.0633245382585752 0.74609375 0.036939313984168866 0.0421875
0 0.09718557607739665 0.7421875 0.036939313984168866 0.0375
0 0.2343887423043096 0.73125 0.0395778364116095 0.04375
0 0.8139841688654353 0.1203125 0.019349164467897976 0.0625