0 0.8390501319261213 0.7796875 0.04309586631486367 0.0546875
0 0.741424802110818 0.76796875 0.04309586631486367 0.053125
0 0.6605101143359718 0.75078125 0.04573438874230431 0.04375
0 0.7810026385224275 0.66640625 0.04221635883905013 0.0578125
0 0.7365875109938435 0.5640625 0.032541776605101144 0.06875
0 0.6710642040457344 0.5609375 0.03430079155672823 0.0609375
0 0.6121372031662269 0.66796875 0.04397537379067722 0.040625
0 0.42788038698328934 0.71875 0.04221635883905013 0.04375
0 0.370712401055409 0.48671875 0.03869832893579595 0.0375
0 0.3100263852242744 0.49375 0.04397537379067722 0.0421875
0 0.2620932277924362 0.82265625 0.04221635883905013 0.0375
0 0.09146877748460862 0.85078125 0.0395778364116095 0.0390625
0 0.12576956904133685 0.8421875 0.03781882145998241 0.0375
0 0.8236587510993844 0.1703125 0.020228671943711522 0.065625