0 0.8306948109058927 0.4671875 0.019349164467897976 0.0515625
0 0.8372911169744943 0.52578125 0.023746701846965697 0.0546875
0 0.6789797713280563 0.04609375 0.010554089709762533 0.025
0 0.702726473175022 0.078125 0.013192612137203167 0.025
0 0.5897097625329816 0.8046875 0.0395778364116095 0.0453125
0 0.588830255057168 0.72109375 0.026385224274406333 0.03125
0 0.5285839929639402 0.821875 0.03781882145998241 0.0453125
0 0.617854001759015 0.84296875 0.03518029903254178 0.0328125
0 0.5620052770448549 0.859375 0.03430079155672823 0.034375
0 0.7810026385224275 0.265625 0.018469656992084433 0.05
0 0.7383465259454706 0.409375 0.016710642040457344 0.0484375
0 0.0980650835532102 0.97578125 0.036939313984168866 0.0375