0 0.768249780123131 0.61328125 0.036939313984168866 0.0421875
0 0.5672823218997362 0.81953125 0.03781882145998241 0.0453125
0 0.63896218117854 0.78046875 0.032541776605101144 0.0390625
0 0.7150395778364116 0.74375 0.04221635883905013 0.0453125
0 0.7726473175021987 0.71484375 0.040457343887423045 0.0453125
0 0.851363236587511 0.6671875 0.04221635883905013 0.0390625
0 0.9635004397537379 0.60546875 0.03869832893579595 0.046875
0 0.047493403693931395 0.365625 0.019349164467897976 0.075
0 0.022427440633245383 0.37109375 0.020228671943711522 0.075
0 0.1248900615655233 0.67421875 0.025505716798592787 0.06875
0 0.0712401055408971 0.39453125 0.024626209322779244 0.08125