0 0.23087071240105542 0.39453125 0.03781882145998241 0.0421875
0 0.42963940193491645 0.18203125 0.03869832893579595 0.0453125
0 0.3579595426561126 0.22421875 0.03342128408091469 0.0390625
0 0.2827616534740545 0.26328125 0.04309586631486367 0.046875
0 0.22515391380826738 0.29375 0.04133685136323659 0.046875
0 0.14731750219876869 0.34375 0.04309586631486367 0.040625
0 0.03562005277044855 0.409375 0.0395778364116095 0.0484375
0 0.9538258575197889 0.6203125 0.020228671943711522 0.0765625
0 0.978891820580475 0.6140625 0.021108179419525065 0.0765625
0 0.8733509234828496 0.3140625 0.026385224274406333 0.0703125
0 0.9296394019349165 0.5921875 0.025505716798592787 0.0828125