0 0.9243623570800352 0.91953125 0.03518029903254178 0.0390625
0 0.45910290237467016 0.73671875 0.03869832893579595 0.0421875
0 0.3997361477572559 0.6328125 0.029023746701846966 0.0328125
0 0.3966578715919085 0.71875 0.03781882145998241 0.04375
0 0.4230430958663149 0.775 0.040457343887423045 0.034375
0 0.36807387862796836 0.75625 0.03430079155672823 0.040625
0 0.15303430079155672 0.35078125 0.02198768689533861 0.0546875
0 0.14731750219876869 0.42109375 0.020228671943711522 0.0578125
0 0.24450307827616535 0.38046875 0.019349164467897976 0.0546875
0 0.20536499560246263 0.13671875 0.01759014951627089 0.046875
0 0.28188214599824096 0.01484375 0.016710642040457344 0.0296875
0 0.009674582233948988 0.825 0.019349164467897976 0.065625