0 0.1693051890941073 0.4671875 0.019349164467897976 0.0515625
0 0.1627088830255057 0.52578125 0.023746701846965697 0.0546875
0 0.3210202286719437 0.04609375 0.010554089709762533 0.025
0 0.297273526824978 0.078125 0.013192612137203167 0.025
0 0.4102902374670185 0.8046875 0.0395778364116095 0.0453125
0 0.41116974494283204 0.72109375 0.026385224274406333 0.03125
0 0.4714160070360598 0.821875 0.03781882145998241 0.0453125
0 0.38214599824098505 0.84296875 0.03518029903254178 0.0328125
0 0.43799472295514513 0.859375 0.03430079155672823 0.034375
0 0.21899736147757257 0.265625 0.018469656992084433 0.05
0 0.2616534740545295 0.409375 0.016710642040457344 0.0484375
0 0.9019349164467898 0.97578125 0.036939313984168866 0.0375