0 0.1706244503078276 0.43671875 0.021108179419525065 0.053125
0 0.1627088830255057 0.49453125 0.025505716798592787 0.05625
0 0.33465259454705365 0.03046875 0.010554089709762533 0.025
0 0.3100263852242744 0.059375 0.014072119613016711 0.0265625
0 0.401495162708883 0.79609375 0.040457343887423045 0.0484375
0 0.4050131926121372 0.71328125 0.026385224274406333 0.0328125
0 0.46174142480211083 0.81875 0.03869832893579595 0.0484375
0 0.3720316622691293 0.83203125 0.03518029903254178 0.0359375
0 0.42744063324538256 0.853125 0.03430079155672823 0.0375
0 0.2264731750219877 0.23984375 0.019349164467897976 0.05
0 0.2647317502198769 0.3875 0.01759014951627089 0.0484375