0 0.890061565523307 0.12578125 0.03430079155672823 0.028125
0 0.4371152154793316 0.24140625 0.032541776605101144 0.034375
0 0.43447669305189096 0.3171875 0.02198768689533861 0.0265625
0 0.41072999120492526 0.20078125 0.032541776605101144 0.0296875
0 0.4630606860158311 0.190625 0.03430079155672823 0.03125
0 0.49604221635883905 0.22734375 0.03430079155672823 0.0390625
0 0.23043095866314864 0.734375 0.0158311345646438 0.040625
0 0.2832014072119613 0.67109375 0.014072119613016711 0.040625
0 0.18777484608619174 0.53828125 0.016710642040457344 0.0484375
0 0.1868953386103782 0.4828125 0.0158311345646438 0.046875
0 0.30035180299032543 0.98203125 0.012313104661389622 0.0265625
0 0.3232189973614776 0.99375 0.011433597185576077 0.009375