0 0.7115215479331575 0.1578125 0.044854881266490766 0.05
0 0.7229551451187335 0.26328125 0.032541776605101144 0.0359375
0 0.7119613016710642 0.1015625 0.04309586631486367 0.04375
0 0.48856640281442393 0.096875 0.024626209322779244 0.0828125
0 0.3997361477572559 0.7578125 0.021108179419525065 0.071875
0 0.5369393139841688 0.82890625 0.022867194371152155 0.0703125
0 0.5382585751978892 0.6125 0.020228671943711522 0.0609375
0 0.523306948109059 0.3984375 0.022867194371152155 0.0734375
0 0.785839929639402 0.11953125 0.04661389621811785 0.05
0 0.7867194371152155 0.06796875 0.04925241864555849 0.05
0 0.8575197889182058 0.0359375 0.04309586631486367 0.0515625