0 0.8632365875109939 0.74609375 0.03430079155672823 0.0390625
0 0.8249780123131046 0.7109375 0.03518029903254178 0.0421875
0 0.7805628847845206 0.690625 0.04133685136323659 0.0453125
0 0.737467018469657 0.6703125 0.0395778364116095 0.040625
0 0.6974494283201407 0.6453125 0.03781882145998241 0.046875
0 0.39006156552330695 0.4625 0.04133685136323659 0.0421875
0 0.5470536499560247 0.5546875 0.030782761653474055 0.0390625
0 0.5153913808267371 0.53671875 0.032541776605101144 0.0421875
0 0.6451187335092349 0.27421875 0.04397537379067722 0.0546875
0 0.7634124890061565 0.22890625 0.04661389621811785 0.0609375
0 0.23306948109058928 0.0921875 0.04925241864555849 0.0546875
0 0.27396657871591906 0.0484375 0.04573438874230431 0.05
0 0.35576077396657874 0.09921875 0.04397537379067722 0.0515625
0 0.37906772207563766 0.05859375 0.03869832893579595 0.0453125