0 0.30255057167985927 0.8671875 0.04661389621811785 0.05625
0 0.28671943711521547 0.7640625 0.03430079155672823 0.040625
0 0.3043095866314864 0.9234375 0.04397537379067722 0.0484375
0 0.5272647317502199 0.90078125 0.028144239226033423 0.084375
0 0.5897097625329816 0.23046875 0.023746701846965697 0.0734375
0 0.45030782761653476 0.1765625 0.025505716798592787 0.0734375
0 0.4573438874230431 0.3921875 0.02198768689533861 0.0625
0 0.480650835532102 0.60390625 0.025505716798592787 0.0765625
0 0.22999120492524186 0.915625 0.048372911169744945 0.05625
0 0.23087071240105542 0.96640625 0.05013192612137203 0.0546875
0 0.16182937554969218 0.98828125 0.04573438874230431 0.0203125