0 0.9802110817941952 0.78671875 0.029023746701846966 0.0390625
0 0.6081794195250659 0.2921875 0.03430079155672823 0.046875
0 0.3386103781882146 0.41171875 0.03518029903254178 0.0390625
0 0.2862796833773087 0.40234375 0.029023746701846966 0.0515625
0 0.3276165347405453 0.5171875 0.023746701846965697 0.0375
0 0.27352682497801234 0.48203125 0.03342128408091469 0.0546875
0 0.2326297273526825 0.4875 0.030782761653474055 0.05
0 0.1917326297273527 0.54453125 0.022867194371152155 0.0359375
0 0.15919085312225154 0.5875 0.026385224274406333 0.040625
0 0.12313104661389622 0.640625 0.024626209322779244 0.040625
0 0.19656992084432717 0.596875 0.027264731750219876 0.04375