0 0.6926121372031663 0.78828125 0.04397537379067722 0.040625
0 0.6257695690413368 0.63125 0.04573438874230431 0.040625
0 0.6310466138962181 0.675 0.04397537379067722 0.04375
0 0.6226912928759895 0.7484375 0.04133685136323659 0.04375
0 0.6270888302550571 0.71015625 0.04309586631486367 0.040625
0 0.6209322779243623 0.784375 0.04309586631486367 0.04375
0 0.6125769569041337 0.82421875 0.044854881266490766 0.0453125
0 0.6094986807387863 0.86328125 0.04221635883905013 0.040625
0 0.5936675461741425 0.8984375 0.028144239226033423 0.0390625
0 0.5980650835532102 0.9390625 0.02990325417766051 0.0375
0 0.6055408970976254 0.98125 0.03605980650835532 0.034375
0 0.5145118733509235 0.67265625 0.0395778364116095 0.04375
0 0.46613896218117856 0.65859375 0.04309586631486367 0.040625
0 0.46394019349164467 0.6984375 0.04309586631486367 0.0421875
0 0.4573438874230431 0.73515625 0.04661389621811785 0.0359375
0 0.45074758135444154 0.7734375 0.04133685136323659 0.040625
0 0.3685136323658751 0.7625 0.027264731750219876 0.0828125
0 0.3434476693051891 0.75 0.023746701846965697 0.075
0 0.4419525065963061 0.8515625 0.044854881266490766 0.0390625
0 0.4476693051890941 0.8109375 0.04221635883905013 0.0453125
0 0.5105540897097626 0.7140625 0.040457343887423045 0.04375
0 0.5070360598065083 0.75390625 0.04573438874230431 0.0421875
0 0.4982409850483729 0.825 0.04309586631486367 0.0390625
0 0.490325417766051 0.86484375 0.044854881266490766 0.04375
0 0.48856640281442393 0.90625 0.040457343887423045 0.0421875
0 0.43447669305189096 0.88984375 0.04221635883905013 0.0453125
0 0.4335971855760774 0.93359375 0.04221635883905013 0.0453125
0 0.4335971855760774 0.96953125 0.04661389621811785 0.0390625
0 0.4859278803869833 0.9421875 0.04309586631486367 0.0484375
0 0.48328935795954264 0.98125 0.044854881266490766 0.034375