0 0.7304309586631487 0.19921875 0.04397537379067722 0.0484375
0 0.7357080035180299 0.30625 0.032541776605101144 0.034375
0 0.7339489885664028 0.14296875 0.04221635883905013 0.0421875
0 0.5123131046613896 0.096875 0.023746701846965697 0.08125
0 0.38522427440633245 0.7375 0.020228671943711522 0.071875
0 0.5171503957783641 0.834375 0.02198768689533861 0.0703125
0 0.5316622691292876 0.61953125 0.018469656992084433 0.0609375
0 0.5290237467018469 0.403125 0.02198768689533861 0.0734375
0 0.8065083553210203 0.17421875 0.04573438874230431 0.0484375
0 0.8104661389621812 0.1234375 0.048372911169744945 0.046875
0 0.8825857519788918 0.1046875 0.04221635883905013 0.05