0 0.9762532981530343 0.4359375 0.04661389621811785 0.0546875
0 0.9736147757255936 0.74609375 0.036939313984168866 0.0421875
0 0.9318381706244503 0.728125 0.03781882145998241 0.04375
0 0.8856640281442393 0.7234375 0.04573438874230431 0.0515625
0 0.8425681618293756 0.71484375 0.040457343887423045 0.0484375
0 0.7994722955145118 0.7078125 0.03869832893579595 0.046875
0 0.6451187335092349 0.6703125 0.03430079155672823 0.0453125
0 0.6125769569041337 0.6609375 0.03342128408091469 0.040625
0 0.4824098504837291 0.634375 0.03781882145998241 0.0484375
0 0.8223394898856641 0.2953125 0.04661389621811785 0.0515625
0 0.4445910290237467 0.3140625 0.04573438874230431 0.053125
0 0.3755496921723835 0.34921875 0.044854881266490766 0.053125
0 0.335971855760774 0.28359375 0.04309586631486367 0.0484375
0 0.4340369393139842 0.2609375 0.03869832893579595 0.0484375
0 0.07475813544415127 0.3125 0.04221635883905013 0.0609375