0 0.14291996481970096 0.26015625 0.03342128408091469 0.0296875
0 0.18249780123131046 0.29140625 0.03605980650835532 0.0359375
0 0.227792436235708 0.3046875 0.04309586631486367 0.04375
0 0.27088830255057167 0.32578125 0.036939313984168866 0.04375
0 0.3122251539138083 0.34609375 0.036939313984168866 0.0390625
0 0.46437994722955145 0.421875 0.03342128408091469 0.040625
0 0.4969217238346526 0.4359375 0.0316622691292876 0.0453125
0 0.32145998240985046 0.6828125 0.047493403693931395 0.04375
0 0.7572559366754618 0.83984375 0.047493403693931395 0.04375
0 0.7484608619173263 0.8984375 0.04397537379067722 0.04375
0 0.6640281442392261 0.8546875 0.044854881266490766 0.0515625
0 0.6464379947229552 0.89609375 0.04221635883905013 0.0453125
0 0.6222515391380826 0.49921875 0.03869832893579595 0.040625
0 0.2590149516270888 0.7578125 0.04397537379067722 0.0453125