0 0.2418645558487247 0.3859375 0.03869832893579595 0.04375
0 0.34564643799472294 0.321875 0.044854881266490766 0.05625
0 0.3289357959542656 0.35078125 0.03781882145998241 0.046875
0 0.3210202286719437 0.384375 0.03869832893579595 0.0515625
0 0.3117854001759015 0.41953125 0.0395778364116095 0.05
0 0.30255057167985927 0.44921875 0.0395778364116095 0.0515625
0 0.2959542656112577 0.4890625 0.040457343887423045 0.053125
0 0.2880386983289358 0.52421875 0.03605980650835532 0.0484375
0 0.28891820580474936 0.57109375 0.027264731750219876 0.0390625
0 0.26868953386103783 0.59921875 0.03781882145998241 0.05
0 0.2546174142480211 0.6296875 0.02990325417766051 0.0375
0 0.25505716798592787 0.67578125 0.030782761653474055 0.0390625
0 0.24582233948988566 0.71171875 0.028144239226033423 0.04375
0 0.23966578715919085 0.7484375 0.030782761653474055 0.0421875
0 0.2185576077396658 0.81484375 0.04573438874230431 0.0546875
0 0.21328056288478453 0.8640625 0.029023746701846966 0.0390625
0 0.18337730870712401 0.91875 0.044854881266490766 0.0546875
0 0.4239226033421284 0.465625 0.036939313984168866 0.0484375
0 0.4714160070360598 0.50078125 0.04309586631486367 0.0546875
0 0.45954265611257694 0.53515625 0.04221635883905013 0.05
0 0.4076517150395778 0.53671875 0.040457343887423045 0.053125
0 0.4160070360598065 0.5015625 0.03781882145998241 0.046875
0 0.4542656112576957 0.571875 0.04309586631486367 0.053125
0 0.4463500439753738 0.60703125 0.04309586631486367 0.0515625
0 0.43755496921723835 0.6453125 0.0395778364116095 0.0546875
0 0.42963940193491645 0.6859375 0.040457343887423045 0.0578125
0 0.4230430958663149 0.7203125 0.03781882145998241 0.0515625
0 0.41072999120492526 0.7578125 0.0395778364116095 0.0515625
0 0.39841688654353563 0.78984375 0.04221635883905013 0.0515625
0 0.33465259454705365 0.82421875 0.04133685136323659 0.059375
0 0.341688654353562 0.7875 0.0395778364116095 0.05
0 0.3526824978012313 0.7515625 0.03869832893579595 0.0515625
0 0.3627968337730871 0.7171875 0.040457343887423045 0.0609375
0 0.3737906772207564 0.68203125 0.0395778364116095 0.0515625
0 0.3839050131926121 0.64609375 0.0395778364116095 0.05
0 0.3935795954265611 0.6109375 0.04133685136323659 0.05
0 0.3992963940193492 0.56875 0.04221635883905013 0.053125
0 0.39006156552330695 0.82734375 0.04133685136323659 0.0578125
0 0.37994722955145116 0.86171875 0.04133685136323659 0.05
0 0.3720316622691293 0.89609375 0.03781882145998241 0.05
0 0.3619173262972735 0.93359375 0.03869832893579595 0.0546875
0 0.3144239226033421 0.89453125 0.04397537379067722 0.0578125
0 0.3258575197889182 0.86015625 0.040457343887423045 0.0546875
0 0.3043095866314864 0.93359375 0.0395778364116095 0.05625
0 0.35048372911169745 0.965625 0.04309586631486367 0.053125
0 0.5180299032541776 0.684375 0.028144239226033423 0.0796875
0 0.5417766051011433 0.696875 0.024626209322779244 0.06875
0 0.2928759894459103 0.96484375 0.040457343887423045 0.0484375