0 0.6983289357959542 0.77578125 0.04397537379067722 0.0390625
0 0.6284080914687775 0.6234375 0.04573438874230431 0.0375
0 0.6341248900615655 0.66640625 0.04309586631486367 0.0421875
0 0.627528583992964 0.740625 0.040457343887423045 0.040625
0 0.6314863676341249 0.70234375 0.04309586631486367 0.0390625
0 0.6266490765171504 0.7765625 0.04221635883905013 0.0421875
0 0.6187335092348285 0.81640625 0.04397537379067722 0.04375
0 0.6165347405452947 0.85625 0.04221635883905013 0.0390625
0 0.6015831134564644 0.8921875 0.027264731750219876 0.0375
0 0.6064204045734388 0.9328125 0.02990325417766051 0.0359375
0 0.6147757255936676 0.978125 0.03430079155672823 0.0390625
0 0.6046613896218118 0.99375 0.04133685136323659 0.009375
0 0.5175901495162709 0.67109375 0.03869832893579595 0.040625
0 0.46921723834652596 0.6609375 0.04309586631486367 0.0390625
0 0.4678979771328056 0.70078125 0.04309586631486367 0.040625
0 0.4621811785400176 0.73828125 0.04573438874230431 0.0328125
0 0.45646437994722955 0.7765625 0.04133685136323659 0.0390625
0 0.3737906772207564 0.7703125 0.025505716798592787 0.08125
0 0.3482849604221636 0.759375 0.022867194371152155 0.075
0 0.4489885664028144 0.8546875 0.044854881266490766 0.0359375
0 0.45382585751978893 0.8140625 0.04133685136323659 0.04375
0 0.5149516270888302 0.71328125 0.0395778364116095 0.040625
0 0.5118733509234829 0.75390625 0.04573438874230431 0.0390625
0 0.5048372911169745 0.825 0.04309586631486367 0.0375
0 0.4973614775725594 0.865625 0.04397537379067722 0.0421875
0 0.49648197009674583 0.90703125 0.040457343887423045 0.0390625
0 0.44239226033421286 0.89375 0.04133685136323659 0.04375
0 0.44239226033421286 0.9375 0.04133685136323659 0.04375
0 0.44283201407211964 0.9734375 0.04661389621811785 0.0359375
0 0.4947229551451187 0.94296875 0.04221635883905013 0.046875
0 0.49296394019349166 0.98203125 0.044854881266490766 0.0328125