0 0.9775725593667546 0.525 0.04397537379067722 0.046875
0 0.9569041336851363 0.8328125 0.03518029903254178 0.0359375
0 0.9160070360598065 0.80703125 0.03518029903254178 0.0375
0 0.8707124010554089 0.79375 0.04309586631486367 0.04375
0 0.828056288478452 0.77734375 0.03781882145998241 0.0421875
0 0.785839929639402 0.7625 0.03605980650835532 0.040625
0 0.6341248900615655 0.696875 0.0316622691292876 0.040625
0 0.6024626209322779 0.68125 0.0316622691292876 0.0359375
0 0.4744942832014072 0.63046875 0.03518029903254178 0.0421875
0 0.8324538258575198 0.35625 0.04397537379067722 0.04375
0 0.45602462620932277 0.3046875 0.04309586631486367 0.0453125
0 0.38522427440633245 0.32734375 0.04221635883905013 0.0453125
0 0.3491644678979771 0.2546875 0.040457343887423045 0.0421875
0 0.44810905892700087 0.25 0.03605980650835532 0.0421875
0 0.08795074758135445 0.234375 0.0395778364116095 0.0546875