0 0.023746701846965697 0.4359375 0.04661389621811785 0.0546875
0 0.026385224274406333 0.74609375 0.036939313984168866 0.0421875
0 0.0681618293755497 0.728125 0.03781882145998241 0.04375
0 0.11433597185576078 0.7234375 0.04573438874230431 0.0515625
0 0.15743183817062445 0.71484375 0.040457343887423045 0.0484375
0 0.20052770448548812 0.7078125 0.03869832893579595 0.046875
0 0.3548812664907652 0.6703125 0.03430079155672823 0.0453125
0 0.38742304309586634 0.6609375 0.03342128408091469 0.040625
0 0.5175901495162709 0.634375 0.03781882145998241 0.0484375
0 0.17766051011433598 0.2953125 0.04661389621811785 0.0515625
0 0.5554089709762533 0.3140625 0.04573438874230431 0.053125
0 0.6244503078276166 0.34921875 0.044854881266490766 0.053125
0 0.6640281442392261 0.28359375 0.04309586631486367 0.0484375
0 0.5659630606860159 0.2609375 0.03869832893579595 0.0484375
0 0.9252418645558487 0.3125 0.04221635883905013 0.0609375