0 0.11653474054529464 0.32265625 0.028144239226033423 0.040625
0 0.1864555848724714 0.38359375 0.030782761653474055 0.0515625
0 0.14907651715039577 0.38828125 0.030782761653474055 0.05
0 0.17985927880386984 0.434375 0.029023746701846966 0.053125
0 0.21943711521547934 0.51484375 0.03430079155672823 0.0609375
0 0.262532981530343 0.53984375 0.03430079155672823 0.065625
0 0.26649076517150394 0.62421875 0.029023746701846966 0.0578125
0 0.3324538258575198 0.61015625 0.0395778364116095 0.04375
0 0.30782761653474056 0.4890625 0.025505716798592787 0.0421875
0 0.5716798592788038 0.796875 0.036939313984168866 0.0578125
0 0.9661389621811786 0.390625 0.0316622691292876 0.0484375