0 0.03386103781882146 0.21484375 0.032541776605101144 0.034375
0 0.03518029903254178 0.178125 0.032541776605101144 0.0359375
0 0.03913808267370272 0.1046875 0.036939313984168866 0.040625
0 0.29463500439753737 0.09140625 0.04397537379067722 0.040625
0 0.002638522427440633 0.60234375 0.005277044854881266 0.0359375
0 0.036499560246262094 0.6078125 0.04309586631486367 0.040625
0 0.12093227792436236 0.59453125 0.04397537379067722 0.0390625
0 0.4736147757255937 0.69453125 0.04309586631486367 0.0421875
0 0.7796833773087071 0.990625 0.03781882145998241 0.015625
0 0.8693931398416886 0.884375 0.04397537379067722 0.04375
0 0.8588390501319261 0.92265625 0.044854881266490766 0.040625
0 0.8588390501319261 0.9609375 0.04221635883905013 0.040625
0 0.8583992963940194 0.9890625 0.040457343887423045 0.01875
0 0.9639401934916447 0.97109375 0.023746701846965697 0.0390625