0 0.10817941952506596 0.39453125 0.026385224274406333 0.0359375
0 0.18117854001759015 0.4421875 0.028144239226033423 0.046875
0 0.1442392260334213 0.45390625 0.028144239226033423 0.0453125
0 0.17766051011433598 0.49453125 0.026385224274406333 0.0484375
0 0.22207563764291996 0.5671875 0.030782761653474055 0.05625
0 0.26605101143359716 0.58359375 0.030782761653474055 0.0609375
0 0.2752858399296394 0.6671875 0.026385224274406333 0.053125
0 0.33992963940193494 0.640625 0.03781882145998241 0.0375
0 0.30826737027264733 0.525 0.023746701846965697 0.0375
0 0.588830255057168 0.78203125 0.03430079155672823 0.0515625
0 0.9573438874230431 0.3046875 0.029023746701846966 0.04375