0 0.8992963940193491 0.5296875 0.047493403693931395 0.05625
0 0.6653474054529463 0.79609375 0.03430079155672823 0.046875
0 0.637203166226913 0.7734375 0.032541776605101144 0.046875
0 0.5171503957783641 0.6828125 0.04221635883905013 0.053125
0 0.9331574318381706 0.98359375 0.03869832893579595 0.0296875
0 0.8896218117854002 0.965625 0.04397537379067722 0.0484375
0 0.8491644678979772 0.9375 0.04309586631486367 0.05625
0 0.8095866314863677 0.909375 0.036939313984168866 0.0515625
0 0.5527704485488126 0.3765625 0.04221635883905013 0.05
0 0.465259454705365 0.36640625 0.047493403693931395 0.05625
0 0.43535620052770446 0.28515625 0.04661389621811785 0.053125
0 0.5325417766051012 0.30859375 0.03781882145998241 0.046875
0 0.10729991204925242 0.2328125 0.04221635883905013 0.0578125