0 0.3113456464379947 0.2171875 0.030782761653474055 0.08125
0 0.2598944591029024 0.2328125 0.030782761653474055 0.0875
0 0.2858399296394019 0.22421875 0.02990325417766051 0.090625
0 0.28715919085312225 0.37734375 0.04397537379067722 0.0546875
0 0.4925241864555849 0.48203125 0.030782761653474055 0.084375
0 0.5470536499560247 0.47265625 0.025505716798592787 0.078125
0 0.5716798592788038 0.465625 0.029023746701846966 0.084375
0 0.6011433597185576 0.46328125 0.028144239226033423 0.084375
0 0.6530343007915568 0.36328125 0.04221635883905013 0.0484375
0 0.6851363236587511 0.05390625 0.04133685136323659 0.0390625
0 0.13940193491644678 0.684375 0.04309586631486367 0.0546875
0 0.16402814423922604 0.86796875 0.03781882145998241 0.046875
0 0.03913808267370272 0.70859375 0.04573438874230431 0.0515625
0 0.29815303430079154 0.903125 0.044854881266490766 0.053125
0 0.47537379067722074 0.9515625 0.028144239226033423 0.08125
0 0.33729111697449426 0.95078125 0.02198768689533861 0.0390625
0 0.3605980650835532 0.953125 0.022867194371152155 0.0453125
0 0.4050131926121372 0.95546875 0.024626209322779244 0.059375
0 0.44854881266490765 0.95703125 0.030782761653474055 0.075