0 0.9335971855760774 0.49453125 0.04221635883905013 0.05625
0 0.8175021987686896 0.49375 0.04925241864555849 0.053125
0 0.8192612137203166 0.5390625 0.04661389621811785 0.05
0 0.8276165347405453 0.5734375 0.04573438874230431 0.053125
0 0.8350923482849604 0.61015625 0.04133685136323659 0.05625
0 0.851363236587511 0.68046875 0.048372911169744945 0.0515625
0 0.8408091468777484 0.6421875 0.044854881266490766 0.0546875
0 0.8663148636763413 0.70859375 0.030782761653474055 0.0375
0 0.9780123131046614 0.45546875 0.04221635883905013 0.0546875
0 0.9415127528583993 0.53046875 0.04397537379067722 0.0484375
0 0.9507475813544415 0.5671875 0.044854881266490766 0.05
0 0.9560246262093228 0.6 0.04397537379067722 0.0515625
0 0.9705364995602462 0.63671875 0.04661389621811785 0.053125
0 0.9793315743183817 0.6703125 0.0395778364116095 0.046875
0 0.9956024626209323 0.85703125 0.007036059806508356 0.0453125
0 0.9920844327176781 0.8171875 0.014072119613016711 0.053125
0 0.9868073878627969 0.77890625 0.024626209322779244 0.0546875
0 0.9841688654353562 0.7453125 0.02990325417766051 0.053125
0 0.9815303430079155 0.70859375 0.03518029903254178 0.0546875
0 0.9815303430079155 0.496875 0.03518029903254178 0.0625
0 0.9872471416007036 0.5375 0.023746701846965697 0.046875
0 0.9916446789797714 0.57109375 0.014951627088830254 0.0421875
0 0.9969217238346526 0.61171875 0.0043975373790677225 0.0390625
0 0.7629727352682498 0.678125 0.03342128408091469 0.0484375
0 0.4160070360598065 0.64296875 0.047493403693931395 0.05625
0 0.08575197889182058 0.23046875 0.05013192612137203 0.0546875
0 0.06596306068601583 0.84453125 0.051890941072999124 0.05625
0 0.7801231310466139 0.7875 0.030782761653474055 0.0484375