0 0.9454705364995603 0.09921875 0.04573438874230431 0.053125
0 0.8887423043095867 0.1375 0.04309586631486367 0.059375
0 0.7950747581354441 0.20234375 0.04397537379067722 0.05625
0 0.43271767810026385 0.08515625 0.02990325417766051 0.0859375
0 0.4569041336851363 0.06640625 0.029023746701846966 0.08125
0 0.6125769569041337 0.06015625 0.04133685136323659 0.0484375
0 0.49648197009674583 0.04296875 0.029023746701846966 0.0765625
0 0.5400175901495162 0.02890625 0.026385224274406333 0.0578125
0 0.5650835532102023 0.02421875 0.027264731750219876 0.0484375
0 0.7392260334212841 0.69375 0.029023746701846966 0.0890625
0 0.6926121372031663 0.7296875 0.02990325417766051 0.078125
0 0.7159190853122251 0.71171875 0.027264731750219876 0.084375
0 0.6948109058927001 0.56328125 0.04573438874230431 0.05625
0 0.47977132805628847 0.55078125 0.030782761653474055 0.08125
0 0.4287598944591029 0.5796875 0.027264731750219876 0.0765625
0 0.37950747581354444 0.61484375 0.030782761653474055 0.0875
0 0.405452946350044 0.59921875 0.028144239226033423 0.0890625
0 0.3412489006156552 0.73359375 0.04661389621811785 0.0546875