0 0.3786279683377309 0.49921875 0.020228671943711522 0.071875
0 0.12884784520668427 0.86953125 0.04221635883905013 0.0390625
0 0.5642040457343888 0.575 0.016710642040457344 0.06875
0 0.5215479331574319 0.6890625 0.04309586631486367 0.0375
0 0.534740545294635 0.875 0.04221635883905013 0.0375
0 0.5290237467018469 0.7796875 0.0395778364116095 0.034375
0 0.5268249780123131 0.73515625 0.04397537379067722 0.0359375
0 0.6323658751099385 0.63203125 0.0395778364116095 0.0328125
0 0.727792436235708 0.446875 0.018469656992084433 0.0734375
0 0.7502198768689534 0.44296875 0.016710642040457344 0.065625
0 0.7708883025505717 0.4359375 0.020228671943711522 0.0734375
0 0.7906772207563765 0.43046875 0.01759014951627089 0.0609375
0 0.8122251539138082 0.42578125 0.019349164467897976 0.0765625
0 0.8346525945470537 0.42734375 0.020228671943711522 0.0703125
0 0.8566402814423922 0.41953125 0.020228671943711522 0.075
0 0.9621811785400176 0.4015625 0.02198768689533861 0.0625
0 0.9182058047493403 0.41328125 0.021108179419525065 0.0671875
0 0.8777484608619174 0.415625 0.018469656992084433 0.0703125
0 0.8984168865435356 0.4140625 0.021108179419525065 0.0703125
0 0.0712401055408971 0.85703125 0.019349164467897976 0.034375