0 0.27440633245382584 0.61640625 0.025505716798592787 0.08125
0 0.17985927880386984 0.57734375 0.022867194371152155 0.0734375
0 0.03518029903254178 0.54765625 0.02198768689533861 0.0703125
0 0.025945470536499562 0.3265625 0.03518029903254178 0.0453125
0 0.015391380826737027 0.36640625 0.020228671943711522 0.0359375
0 0.10422163588390501 0.09765625 0.024626209322779244 0.05
0 0.34300791556728233 0.17890625 0.023746701846965697 0.059375
0 0.3856640281442392 0.1921875 0.020228671943711522 0.053125
0 0.4050131926121372 0.196875 0.019349164467897976 0.059375
0 0.4520668425681618 0.92421875 0.022867194371152155 0.0796875
0 0.4995602462620932 0.70546875 0.023746701846965697 0.0765625
0 0.5892700087950747 0.45546875 0.023746701846965697 0.0796875
0 0.6191732629727352 0.3078125 0.023746701846965697 0.0734375
0 0.6292875989445911 0.209375 0.026385224274406333 0.078125
0 0.4551451187335092 0.0234375 0.02198768689533861 0.046875
0 0.6429199648197009 0.053125 0.02198768689533861 0.0484375
0 0.9212840809146877 0.34375 0.028144239226033423 0.078125
0 0.8328935795954265 0.28046875 0.019349164467897976 0.034375
0 0.8518029903254177 0.28515625 0.018469656992084433 0.028125
0 0.8161829375549692 0.2703125 0.018469656992084433 0.0359375
0 0.8122251539138082 0.78515625 0.022867194371152155 0.04375
0 0.7854001759014951 0.78984375 0.020228671943711522 0.0484375