0 0.9393139841688655 0.23828125 0.04925241864555849 0.05
0 0.24318381706244502 0.15 0.026385224274406333 0.071875
0 0.26824978012313105 0.1375 0.027264731750219876 0.084375
0 0.33289357959542654 0.015625 0.04133685136323659 0.03125
0 0.3403693931398417 0.03984375 0.04221635883905013 0.0484375
0 0.34564643799472294 0.08203125 0.040457343887423045 0.05
0 0.35092348284960423 0.1203125 0.04661389621811785 0.04375
0 0.35664028144239224 0.159375 0.048372911169744945 0.05625
0 0.3641160949868074 0.1953125 0.04397537379067722 0.0515625
0 0.3671943711521548 0.23359375 0.04397537379067722 0.053125
0 0.4182058047493404 0.2140625 0.040457343887423045 0.0515625
0 0.38478452066842567 0.00625 0.04309586631486367 0.0125
0 0.39050131926121373 0.0265625 0.040457343887423045 0.05
0 0.3970976253298153 0.06328125 0.04133685136323659 0.04375
0 0.405452946350044 0.10234375 0.040457343887423045 0.040625
0 0.4098504837291117 0.13984375 0.04221635883905013 0.0484375
0 0.41160949868073876 0.175 0.044854881266490766 0.05
0 0.5114335971855761 0.02265625 0.04661389621811785 0.0453125
0 0.5127528583992964 0.06171875 0.04309586631486367 0.0484375
0 0.523306948109059 0.0984375 0.04221635883905013 0.0453125
0 0.5259454705364995 0.13515625 0.0395778364116095 0.0453125
0 0.5303430079155673 0.17109375 0.04397537379067722 0.05
0 0.534740545294635 0.2078125 0.04221635883905013 0.05
0 0.5299032541776605 0.2515625 0.04133685136323659 0.0484375
0 0.5954265611257695 0.09140625 0.04133685136323659 0.046875