0 0.27792436235708 0.82265625 0.029023746701846966 0.0328125
0 0.42700087950747584 0.4171875 0.0395778364116095 0.034375
0 0.4234828496042216 0.46015625 0.040457343887423045 0.0328125
0 0.46921723834652596 0.35546875 0.020228671943711522 0.065625
0 0.42436235708003517 0.5328125 0.040457343887423045 0.034375
0 0.4212840809146878 0.6078125 0.040457343887423045 0.034375
0 0.4226033421284081 0.65234375 0.04221635883905013 0.0328125
0 0.4133685136323659 0.08046875 0.01759014951627089 0.0796875
0 0.6020228671943711 0.10625 0.023746701846965697 0.065625
0 0.751099384344767 0.3859375 0.022867194371152155 0.075
0 0.8306948109058927 0.35546875 0.04573438874230431 0.0328125
0 0.8315743183817063 0.4015625 0.044854881266490766 0.03125
0 0.8342128408091469 0.446875 0.04221635883905013 0.034375
0 0.6732629727352683 0.734375 0.040457343887423045 0.040625
0 0.7458223394898856 0.77578125 0.020228671943711522 0.0734375
0 0.671943711521548 0.82890625 0.0395778364116095 0.0328125
0 0.6723834652594547 0.87421875 0.044854881266490766 0.0359375
0 0.6710642040457344 0.9265625 0.04309586631486367 0.034375