0 0.6130167106420404 0.690625 0.04309586631486367 0.05
0 0.5584872471416007 0.621875 0.020228671943711522 0.0734375
0 0.5043975373790677 0.81640625 0.04397537379067722 0.0453125
0 0.5061565523306948 0.771875 0.044854881266490766 0.040625
0 0.5043975373790677 0.725 0.048372911169744945 0.0484375
0 0.37994722955145116 0.5078125 0.025505716798592787 0.0796875
0 0.10290237467018469 0.79140625 0.04397537379067722 0.04375
0 0.047053649956024624 0.76171875 0.02198768689533861 0.0359375
0 0.5026385224274407 0.91171875 0.04397537379067722 0.046875
0 0.7299912049252418 0.5421875 0.022867194371152155 0.071875
0 0.7506596306068601 0.54375 0.02198768689533861 0.071875
0 0.7739665787159191 0.54140625 0.024626209322779244 0.0765625
0 0.793315743183817 0.5453125 0.020228671943711522 0.065625
0 0.8157431838170625 0.5453125 0.022867194371152155 0.071875
0 0.8386103781882146 0.55234375 0.022867194371152155 0.0734375
0 0.8605980650835532 0.55 0.023746701846965697 0.078125
0 0.8812664907651715 0.553125 0.02198768689533861 0.06875
0 0.9032541776605101 0.5578125 0.023746701846965697 0.075
0 0.9239226033421284 0.56015625 0.021108179419525065 0.0734375
0 0.9678979771328057 0.56328125 0.024626209322779244 0.0671875