0 0.48768689533861037 0.19921875 0.022867194371152155 0.078125
0 0.47053649956024624 0.10625 0.014951627088830254 0.021875
0 0.5993843447669305 0.45546875 0.024626209322779244 0.0796875
0 0.6244503078276166 0.446875 0.024626209322779244 0.0765625
0 0.6649076517150396 0.44140625 0.026385224274406333 0.08125
0 0.7115215479331575 0.43984375 0.026385224274406333 0.0796875
0 0.7343887423043096 0.4421875 0.02198768689533861 0.0765625
0 0.7766051011433597 0.51640625 0.03781882145998241 0.0421875
0 0.4714160070360598 0.94296875 0.024626209322779244 0.0921875
0 0.4982409850483729 0.9421875 0.025505716798592787 0.0890625
0 0.5237467018469657 0.934375 0.023746701846965697 0.084375
0 0.5787159190853123 0.92734375 0.029023746701846966 0.090625
0 0.9256816182937555 0.3875 0.048372911169744945 0.0421875
0 0.9322779243623571 0.7328125 0.04309586631486367 0.0484375