0 0.3781882145998241 0.32734375 0.04133685136323659 0.0453125
0 0.43579595426561124 0.3875 0.01759014951627089 0.071875
0 0.48021108179419525 0.18515625 0.04309586631486367 0.0390625
0 0.480650835532102 0.2296875 0.04397537379067722 0.034375
0 0.484608619173263 0.2765625 0.04661389621811785 0.0421875
0 0.6191732629727352 0.4734375 0.02198768689533861 0.078125
0 0.8812664907651715 0.1484375 0.04309586631486367 0.0375
0 0.9384344766930519 0.16953125 0.021108179419525065 0.0328125
0 0.47713280562884786 0.090625 0.04221635883905013 0.040625
0 0.26868953386103783 0.49375 0.020228671943711522 0.0703125
0 0.24802110817941952 0.4953125 0.019349164467897976 0.0703125
0 0.22515391380826738 0.50078125 0.021108179419525065 0.075
0 0.20580474934036938 0.50078125 0.016710642040457344 0.0640625
0 0.18293755496921724 0.50390625 0.020228671943711522 0.0703125
0 0.16051011433597184 0.5 0.020228671943711522 0.071875
0 0.13808267370272648 0.50546875 0.020228671943711522 0.0765625
0 0.11741424802110818 0.50625 0.018469656992084433 0.0671875
0 0.09542656112576957 0.5046875 0.021108179419525065 0.0734375
0 0.07475813544415127 0.50546875 0.018469656992084433 0.071875
0 0.030782761653474055 0.509375 0.021108179419525065 0.065625