0 0.007036059806508356 0.41796875 0.014072119613016711 0.0796875
0 0.10334212840809147 0.4859375 0.04573438874230431 0.0484375
0 0.0980650835532102 0.44140625 0.044854881266490766 0.046875
0 0.08883025505716799 0.41171875 0.044854881266490766 0.05
0 0.079155672823219 0.375 0.04573438874230431 0.0515625
0 0.06156552330694811 0.3015625 0.04221635883905013 0.046875
0 0.051451187335092345 0.265625 0.04309586631486367 0.046875
0 0.04661389621811785 0.228125 0.04397537379067722 0.0484375
0 0.0426561125769569 0.18984375 0.04573438874230431 0.05
0 0.021108179419525065 0.0890625 0.04221635883905013 0.0375
0 0.028144239226033423 0.115625 0.04309586631486367 0.05
0 0.03605980650835532 0.15 0.04133685136323659 0.05
0 0.07563764291996482 0.08671875 0.04397537379067722 0.0421875
0 0.08355321020228672 0.12109375 0.040457343887423045 0.04375
0 0.0932277924362357 0.15859375 0.040457343887423045 0.05
0 0.09850483729111698 0.19921875 0.04309586631486367 0.0453125
0 0.10554089709762533 0.23515625 0.04133685136323659 0.04375
0 0.11081794195250659 0.275 0.04221635883905013 0.053125
0 0.11741424802110818 0.30625 0.04397537379067722 0.0515625
0 0.2532981530343008 0.3421875 0.04397537379067722 0.046875
0 0.13148636763412488 0.34296875 0.04397537379067722 0.0515625
0 0.13676341248900617 0.37890625 0.04397537379067722 0.05
0 0.1442392260334213 0.415625 0.040457343887423045 0.05
0 0.1521547933157432 0.45 0.04133685136323659 0.0484375
0 0.26077396657871593 0.37890625 0.04309586631486367 0.05
0 0.2691292875989446 0.41171875 0.04573438874230431 0.05
0 0.26561125769569044 0.45234375 0.044854881266490766 0.0515625
0 0.2484608619173263 0.3109375 0.04221635883905013 0.0484375
0 0.23614775725593667 0.27265625 0.04661389621811785 0.046875
0 0.2247141600703606 0.23984375 0.030782761653474055 0.0328125
0 0.3280562884784521 0.27421875 0.027264731750219876 0.040625
0 0.673702726473175 0.33203125 0.044854881266490766 0.046875
0 0.3122251539138083 0.165625 0.027264731750219876 0.040625