0 0.9379947229551451 0.521875 0.02990325417766051 0.078125
0 0.8474054529463501 0.57421875 0.04925241864555849 0.0453125
0 0.8043095866314863 0.57578125 0.021108179419525065 0.08125
0 0.7783641160949868 0.5796875 0.025505716798592787 0.078125
0 0.7119613016710642 0.6046875 0.024626209322779244 0.08125
0 0.7343887423043096 0.596875 0.021108179419525065 0.0859375
0 0.7559366754617414 0.5828125 0.024626209322779244 0.0796875
0 0.6244503078276166 0.6296875 0.02198768689533861 0.065625
0 0.23175021987686895 0.88125 0.02198768689533861 0.078125
0 0.05408970976253298 0.95625 0.022867194371152155 0.0546875
0 0.024186455584872472 0.915625 0.02198768689533861 0.0625
0 0.19525065963060687 0.98984375 0.04925241864555849 0.0171875
0 0.3896218117854002 0.72109375 0.021108179419525065 0.075
0 0.40853122251539137 0.71328125 0.019349164467897976 0.0796875
0 0.5804749340369393 0.64765625 0.021108179419525065 0.0703125
0 0.5584872471416007 0.6546875 0.024626209322779244 0.078125
0 0.5364995602462621 0.66015625 0.018469656992084433 0.065625
0 0.5158311345646438 0.66875 0.022867194371152155 0.0734375
0 0.49648197009674583 0.6796875 0.02198768689533861 0.075
0 0.4744942832014072 0.68203125 0.023746701846965697 0.0765625
0 0.4525065963060686 0.68984375 0.021108179419525065 0.0625
0 0.4313984168865435 0.703125 0.021108179419525065 0.0734375
0 0.4837291116974494 0.10390625 0.03869832893579595 0.040625
0 0.03342128408091469 0.403125 0.025505716798592787 0.078125
0 0.9705364995602462 0.50859375 0.026385224274406333 0.084375
0 0.9912049252418645 0.50703125 0.0158311345646438 0.0796875