0 0.1882145998240985 0.69765625 0.025505716798592787 0.0765625
0 0.13984168865435356 0.6765625 0.027264731750219876 0.0796875
0 0.16534740545294635 0.6875 0.025505716798592787 0.0828125
0 0.17546174142480211 0.53828125 0.040457343887423045 0.0390625
0 0.386103781882146 0.4671875 0.028144239226033423 0.084375
0 0.44019349164467897 0.4875 0.021108179419525065 0.071875
0 0.4635004397537379 0.50078125 0.023746701846965697 0.08125
0 0.49120492524186454 0.50703125 0.024626209322779244 0.0734375
0 0.5373790677220757 0.615625 0.044854881266490766 0.04375
0 0.36367634124890064 0.14921875 0.04133685136323659 0.0453125
0 0.21372031662269128 0.02265625 0.032541776605101144 0.0296875
0 0.044854881266490766 0.2 0.04573438874230431 0.0546875
0 0.5479331574318381 0.97109375 0.0395778364116095 0.046875
0 0.554089709762533 0.9390625 0.04221635883905013 0.0421875