0 0.39313984168865435 0.1859375 0.03781882145998241 0.0484375
0 0.010554089709762533 0.24609375 0.021108179419525065 0.0453125
0 0.13720316622691292 0.56484375 0.04309586631486367 0.040625
0 0.15787159190853123 0.72265625 0.026385224274406333 0.078125
0 0.10861917326297274 0.7078125 0.032541776605101144 0.0921875
0 0.13236587510993844 0.715625 0.028144239226033423 0.0921875
0 0.3469656992084433 0.47734375 0.03342128408091469 0.0859375
0 0.5030782761653474 0.61171875 0.047493403693931395 0.0546875
0 0.4525065963060686 0.50703125 0.026385224274406333 0.0796875
0 0.4256816182937555 0.5015625 0.025505716798592787 0.08125
0 0.4023746701846966 0.4921875 0.027264731750219876 0.0796875
0 0.5197889182058048 0.98828125 0.0395778364116095 0.021875
0 0.5237467018469657 0.96640625 0.04309586631486367 0.046875
0 0.5290237467018469 0.9296875 0.04397537379067722 0.04375