0 0.26605101143359716 0.4109375 0.05013192612137203 0.046875
0 0.41864555848724716 0.54296875 0.04221635883905013 0.04375
0 0.594547053649956 0.48984375 0.023746701846965697 0.0828125
0 0.5686015831134564 0.48203125 0.027264731750219876 0.0859375
0 0.525065963060686 0.478125 0.022867194371152155 0.078125
0 0.48197009674582236 0.46875 0.024626209322779244 0.08125
0 0.45954265611257694 0.47421875 0.02198768689533861 0.075
0 0.7071240105540897 0.25 0.024626209322779244 0.0453125
0 0.7260334212840809 0.96953125 0.029023746701846966 0.0578125
0 0.6152154793315743 0.96015625 0.030782761653474055 0.0765625
0 0.6706244503078276 0.96640625 0.027264731750219876 0.0640625
0 0.6956904133685137 0.96953125 0.028144239226033423 0.0578125
0 0.256816182937555 0.76015625 0.040457343887423045 0.0421875
0 0.15919085312225154 0.7421875 0.04397537379067722 0.0453125
0 0.10202286719437115 0.7296875 0.04221635883905013 0.0421875
0 0.018469656992084433 0.6859375 0.036939313984168866 0.05