0 0.26077396657871593 0.49140625 0.048372911169744945 0.040625
0 0.42436235708003517 0.56953125 0.040457343887423045 0.0375
0 0.5914687774846086 0.4578125 0.020228671943711522 0.08125
0 0.5650835532102023 0.459375 0.023746701846965697 0.0828125
0 0.5224274406332454 0.46953125 0.019349164467897976 0.0765625
0 0.4788918205804749 0.475 0.021108179419525065 0.0796875
0 0.4573438874230431 0.48828125 0.018469656992084433 0.0734375
0 0.6763412489006156 0.184375 0.022867194371152155 0.0421875
0 0.7739665787159191 0.90234375 0.023746701846965697 0.090625
0 0.6631486367634125 0.91953125 0.026385224274406333 0.0859375
0 0.718117854001759 0.9109375 0.022867194371152155 0.08125
0 0.7440633245382586 0.91015625 0.023746701846965697 0.084375
0 0.28935795954265614 0.83828125 0.0395778364116095 0.0359375
0 0.1917326297273527 0.853125 0.04221635883905013 0.0390625
0 0.13412489006156553 0.86015625 0.04133685136323659 0.0359375
0 0.04353562005277045 0.846875 0.04221635883905013 0.0421875