0 0.6965699208443272 0.728125 0.025505716798592787 0.08125
0 0.793315743183817 0.73984375 0.023746701846965697 0.075
0 0.9366754617414248 0.78671875 0.02198768689533861 0.0703125
0 0.9815303430079155 0.58046875 0.03518029903254178 0.0453125
0 0.9854881266490765 0.62421875 0.020228671943711522 0.0359375
0 0.9445910290237467 0.3203125 0.024626209322779244 0.05
0 0.7031662269129287 0.275 0.023746701846965697 0.059375
0 0.6600703605980651 0.26484375 0.021108179419525065 0.0546875
0 0.6407211961301671 0.259375 0.019349164467897976 0.059375
0 0.4758135444151275 0.93046875 0.022867194371152155 0.0796875
0 0.4665787159190853 0.696875 0.024626209322779244 0.078125
0 0.42216358839050133 0.4109375 0.023746701846965697 0.08125
0 0.4177660510114336 0.2546875 0.024626209322779244 0.075
0 0.42436235708003517 0.15546875 0.027264731750219876 0.078125
0 0.6231310466138962 0.05859375 0.02198768689533861 0.0640625
0 0.4371152154793316 0.01171875 0.022867194371152155 0.0234375
0 0.12269129287598944 0.13203125 0.029023746701846966 0.078125
0 0.218117854001759 0.1171875 0.019349164467897976 0.0359375
0 0.19876868953386104 0.11171875 0.018469656992084433 0.0296875
0 0.23526824978012312 0.11640625 0.018469656992084433 0.0375
0 0.15435356200527706 0.6109375 0.023746701846965697 0.04375
0 0.17941952506596306 0.62890625 0.020228671943711522 0.05