0 0.008795074758135445 0.4375 0.014951627088830254 0.034375
0 0.24670184696569922 0.4234375 0.018469656992084433 0.0375
0 0.29023746701846964 0.42578125 0.014072119613016711 0.0359375
0 0.3087071240105541 0.4265625 0.0158311345646438 0.0375
0 0.1218117854001759 0.02109375 0.018469656992084433 0.0421875
0 0.21723834652594548 0.01484375 0.021108179419525065 0.0296875
0 0.3412489006156552 0.63828125 0.019349164467897976 0.0765625
0 0.5272647317502199 0.39453125 0.01759014951627089 0.06875
0 0.5299032541776605 0.4875 0.01759014951627089 0.0703125
0 0.5303430079155673 0.6578125 0.020228671943711522 0.0734375
0 0.8254177660510115 0.4359375 0.021108179419525065 0.0703125
0 0.7357080035180299 0.4703125 0.0158311345646438 0.0265625
0 0.7541776605101144 0.4703125 0.014072119613016711 0.01875
0 0.5127528583992964 0.23828125 0.016710642040457344 0.0734375
0 0.39621811785400174 0.91328125 0.020228671943711522 0.0671875
0 0.35576077396657874 0.97890625 0.040457343887423045 0.034375
0 0.4951627088830255 0.978125 0.019349164467897976 0.040625
0 0.683377308707124 0.95 0.018469656992084433 0.0671875
0 0.7642919964819701 0.915625 0.044854881266490766 0.034375
0 0.7651715039577837 0.95859375 0.04397537379067722 0.0390625
0 0.7669305189094108 0.99296875 0.04573438874230431 0.0109375