0 0.9696569920844327 0.8015625 0.04309586631486367 0.04375
0 0.9107299912049253 0.77578125 0.0395778364116095 0.0515625
0 0.8131046613896218 0.73125 0.04133685136323659 0.046875
0 0.886103781882146 0.9578125 0.03781882145998241 0.046875
0 0.46174142480211083 0.9265625 0.024626209322779244 0.08125
0 0.4868073878627968 0.93984375 0.023746701846965697 0.0765625
0 0.6420404573438874 0.9125 0.03869832893579595 0.040625
0 0.5277044854881267 0.9546875 0.024626209322779244 0.071875
0 0.5729991204925242 0.965625 0.02198768689533861 0.065625
0 0.5980650835532102 0.96796875 0.022867194371152155 0.0609375
0 0.7242744063324539 0.25625 0.023746701846965697 0.084375
0 0.6754617414248021 0.23046875 0.024626209322779244 0.0734375
0 0.6996481970096746 0.24296875 0.02198768689533861 0.0796875
0 0.689094107299912 0.3953125 0.04309586631486367 0.046875
0 0.4762532981530343 0.45390625 0.025505716798592787 0.0765625
0 0.4239226033421284 0.4359375 0.022867194371152155 0.071875
0 0.37247141600703604 0.41171875 0.025505716798592787 0.0828125
0 0.3992963940193492 0.421875 0.022867194371152155 0.084375
0 0.32629727352682497 0.30234375 0.04397537379067722 0.0453125