0 0.978891820580475 0.74921875 0.021108179419525065 0.0796875
0 0.8878627968337731 0.6484375 0.04661389621811785 0.05
0 0.8883025505716798 0.69375 0.044854881266490766 0.0484375
0 0.8944591029023746 0.72578125 0.04573438874230431 0.0515625
0 0.8992963940193491 0.765625 0.04661389621811785 0.053125
0 0.9089709762532981 0.84375 0.04221635883905013 0.0484375
0 0.9151275285839929 0.88203125 0.04309586631486367 0.0484375
0 0.9160070360598065 0.92109375 0.044854881266490766 0.05
0 0.9155672823218998 0.959375 0.04661389621811785 0.0515625
0 0.9177660510114336 0.98671875 0.04309586631486367 0.0234375
0 0.8623570800351803 0.97265625 0.04133685136323659 0.05
0 0.8619173262972736 0.93125 0.04309586631486367 0.046875
0 0.8588390501319261 0.89375 0.04133685136323659 0.0453125
0 0.8579595426561126 0.853125 0.04309586631486367 0.0546875
0 0.8548812664907651 0.8203125 0.044854881266490766 0.053125
0 0.7251539138082673 0.73828125 0.04397537379067722 0.0484375
0 0.8447669305189094 0.77890625 0.044854881266490766 0.053125
0 0.8434476693051891 0.74140625 0.044854881266490766 0.0515625
0 0.8403693931398417 0.703125 0.04133685136323659 0.05
0 0.8359718557607739 0.6671875 0.04221635883905013 0.05
0 0.7216358839050132 0.7 0.04397537379067722 0.0515625
0 0.7172383465259454 0.66484375 0.04661389621811785 0.0515625
0 0.7251539138082673 0.62578125 0.04573438874230431 0.053125
0 0.7269129287598944 0.77109375 0.04309586631486367 0.05
0 0.7343887423043096 0.8125 0.04661389621811785 0.0484375
0 0.7423043095866315 0.8484375 0.0316622691292876 0.0328125
0 0.6442392260334213 0.7796875 0.027264731750219876 0.0421875
0 0.3113456464379947 0.60625 0.044854881266490766 0.0484375
0 0.6481970096745823 0.8921875 0.027264731750219876 0.0421875