0 0.6081794195250659 0.01640625 0.04661389621811785 0.0328125
0 0.6090589270008795 0.0515625 0.047493403693931395 0.0421875
0 0.7783641160949868 0.15859375 0.047493403693931395 0.05
0 0.8364116094986808 0.15703125 0.0158311345646438 0.03125
0 0.5624450307827616 0.6640625 0.028144239226033423 0.0765625
0 0.37730870712401055 0.22734375 0.04573438874230431 0.0453125
0 0.3896218117854002 0.3203125 0.04309586631486367 0.0421875
0 0.3922603342128408 0.3625 0.04573438874230431 0.0453125
0 0.3988566402814424 0.40703125 0.04661389621811785 0.0453125
0 0.3654353562005277 0.528125 0.025505716798592787 0.078125
0 0.29331574318381703 0.48515625 0.04221635883905013 0.040625
0 0.2102022867194371 0.6828125 0.024626209322779244 0.0734375
0 0.18865435356200527 0.69453125 0.02198768689533861 0.075
0 0.16842568161829374 0.70234375 0.024626209322779244 0.0703125
0 0.14819700967458224 0.71328125 0.021108179419525065 0.0640625
0 0.1279683377308707 0.71953125 0.026385224274406333 0.075
0 0.10466138962181179 0.7234375 0.023746701846965697 0.0703125
0 0.06420404573438875 0.74296875 0.022867194371152155 0.071875
0 0.04309586631486367 0.74609375 0.024626209322779244 0.075
0 0.024626209322779244 0.75625 0.023746701846965697 0.0703125