0 0.9221635883905013 0.98828125 0.027264731750219876 0.0203125
0 0.9041336851363236 0.984375 0.022867194371152155 0.028125
0 0.882145998240985 0.9828125 0.022867194371152155 0.03125
0 0.8592788038698329 0.98984375 0.021108179419525065 0.0171875
0 0.8390501319261213 0.9828125 0.024626209322779244 0.03125
0 0.8131046613896218 0.98515625 0.029023746701846966 0.0265625
0 0.7686895338610378 0.88828125 0.024626209322779244 0.034375
0 0.7897977132805629 0.746875 0.03869832893579595 0.04375
0 0.2695690413368514 0.7890625 0.040457343887423045 0.04375
0 0.9938434476693052 0.409375 0.010554089709762533 0.075
0 0.9362357080035181 0.3984375 0.024626209322779244 0.08125
0 0.9120492524186455 0.38984375 0.024626209322779244 0.084375
0 0.8896218117854002 0.384375 0.02198768689533861 0.0734375
0 0.8676341248900615 0.3765625 0.023746701846965697 0.0765625
0 0.8452066842568162 0.3734375 0.026385224274406333 0.0796875
0 0.8223394898856641 0.36796875 0.024626209322779244 0.0765625
0 0.8012313104661389 0.35703125 0.025505716798592787 0.0796875
0 0.7788038698328936 0.3515625 0.024626209322779244 0.0671875
0 0.7554969217238346 0.35078125 0.023746701846965697 0.075
0 0.7335092348284961 0.33828125 0.021108179419525065 0.071875
0 0.7036059806508356 0.33515625 0.027264731750219876 0.0828125
0 0.6086191732629728 0.290625 0.04573438874230431 0.04375
0 0.5677220756376429 0.2953125 0.024626209322779244 0.0828125
0 0.5426561125769569 0.2921875 0.02198768689533861 0.078125
0 0.521108179419525 0.28984375 0.021108179419525065 0.0828125
0 0.4982409850483729 0.28125 0.02198768689533861 0.0859375
0 0.4766930518909411 0.2734375 0.023746701846965697 0.0765625
0 0.39050131926121373 0.253125 0.022867194371152155 0.0703125
0 0.3447669305189094 0.2390625 0.020228671943711522 0.0703125
0 0.3245382585751979 0.234375 0.019349164467897976 0.0765625
0 0.30474934036939316 0.23203125 0.021108179419525065 0.06875
0 0.28188214599824096 0.22578125 0.023746701846965697 0.06875
0 0.2620932277924362 0.21484375 0.02198768689533861 0.075
0 0.24098504837291118 0.2140625 0.02198768689533861 0.071875
0 0.21723834652594548 0.2078125 0.022867194371152155 0.0640625
0 0.19656992084432717 0.19765625 0.025505716798592787 0.078125
0 0.1759014951627089 0.18984375 0.021108179419525065 0.071875
0 0.15567282321899736 0.184375 0.022867194371152155 0.06875