0 0.3970976253298153 0.984375 0.04661389621811785 0.028125
0 0.39577836411609496 0.9515625 0.047493403693931395 0.04375
0 0.2247141600703606 0.85 0.047493403693931395 0.0515625
0 0.16666666666666666 0.853125 0.016710642040457344 0.03125
0 0.436235708003518 0.3375 0.029023746701846966 0.078125
0 0.6253298153034301 0.76875 0.04573438874230431 0.0453125
0 0.6116974494283202 0.6765625 0.04397537379067722 0.04375
0 0.6090589270008795 0.63359375 0.04573438874230431 0.0453125
0 0.6020228671943711 0.58984375 0.04661389621811785 0.046875
0 0.6341248900615655 0.46796875 0.026385224274406333 0.078125
0 0.706684256816183 0.50859375 0.04309586631486367 0.0421875
0 0.7880386983289358 0.30859375 0.025505716798592787 0.0734375
0 0.8095866314863677 0.29609375 0.022867194371152155 0.075
0 0.8298153034300791 0.28671875 0.024626209322779244 0.0703125
0 0.8496042216358839 0.27578125 0.02198768689533861 0.0640625
0 0.8698328935795955 0.26875 0.027264731750219876 0.075
0 0.8931398416886543 0.2640625 0.023746701846965697 0.0703125
0 0.9335971855760774 0.24375 0.023746701846965697 0.0734375
0 0.9547053649956024 0.23984375 0.025505716798592787 0.075
0 0.9722955145118733 0.23046875 0.022867194371152155 0.071875