0 0.8324538258575198 0.86640625 0.028144239226033423 0.0921875
0 0.8047493403693932 0.8703125 0.025505716798592787 0.0875
0 0.7783641160949868 0.878125 0.023746701846965697 0.08125
0 0.7229551451187335 0.88984375 0.026385224274406333 0.0859375
0 0.6363236587510994 0.434375 0.023746701846965697 0.0828125
0 0.6090589270008795 0.43984375 0.020228671943711522 0.0765625
0 0.5686015831134564 0.4515625 0.022867194371152155 0.0765625
0 0.5246262093227793 0.46640625 0.022867194371152155 0.0796875
0 0.5021987686895338 0.4796875 0.021108179419525065 0.0734375
0 0.4727352682497801 0.565625 0.04133685136323659 0.040625
0 0.7132805628847845 0.15390625 0.020228671943711522 0.046875
0 0.30782761653474056 0.5015625 0.047493403693931395 0.0421875
0 0.09894459102902374 0.87578125 0.04573438874230431 0.04375
0 0.18997361477572558 0.8796875 0.04133685136323659 0.0421875
0 0.24714160070360597 0.86953125 0.04221635883905013 0.0390625
0 0.3465259454705365 0.84765625 0.04309586631486367 0.0453125