0 0.016710642040457344 0.33203125 0.01759014951627089 0.0375
0 0.2537379067722076 0.36875 0.021108179419525065 0.0421875
0 0.29683377308707126 0.38046875 0.016710642040457344 0.0390625
0 0.3148636763412489 0.3859375 0.018469656992084433 0.040625
0 0.33289357959542654 0.60234375 0.024626209322779244 0.0796875
0 0.5343007915567283 0.4015625 0.02198768689533861 0.071875
0 0.530782761653474 0.49453125 0.02198768689533861 0.0734375
0 0.519349164467898 0.66328125 0.024626209322779244 0.078125
0 0.8271767810026385 0.50703125 0.025505716798592787 0.075
0 0.7357080035180299 0.521875 0.01759014951627089 0.0296875
0 0.7541776605101144 0.52578125 0.0158311345646438 0.021875
0 0.5303430079155673 0.24296875 0.021108179419525065 0.0765625
0 0.3685136323658751 0.8875 0.024626209322779244 0.071875
0 0.32409850483729113 0.94453125 0.04221635883905013 0.0421875
0 0.46262093227792433 0.97421875 0.02198768689533861 0.046875
0 0.6512752858399297 0.975 0.023746701846965697 0.046875
0 0.7339489885664028 0.96953125 0.04661389621811785 0.04375
0 0.731750219876869 0.99296875 0.047493403693931395 0.0109375