0 0.4678979771328056 0.796875 0.022867194371152155 0.078125
0 0.470976253298153 0.89375 0.0158311345646438 0.021875
0 0.3975373790677221 0.49765625 0.025505716798592787 0.08125
0 0.3720316622691293 0.49375 0.024626209322779244 0.078125
0 0.3324538258575198 0.48125 0.027264731750219876 0.08125
0 0.28671943711521547 0.4609375 0.026385224274406333 0.0796875
0 0.26517150395778366 0.4484375 0.02198768689533861 0.0765625
0 0.23526824978012312 0.35625 0.03869832893579595 0.0421875
0 0.5923482849604221 0.08515625 0.025505716798592787 0.0921875
0 0.5659630606860159 0.07421875 0.025505716798592787 0.090625
0 0.5404573438874231 0.06953125 0.024626209322779244 0.084375
0 0.48636763412489004 0.05078125 0.029023746701846966 0.090625
0 0.07255936675461741 0.41328125 0.048372911169744945 0.04375
0 0.11653474054529464 0.07578125 0.04309586631486367 0.05