0 0.11565523306948108 0.4609375 0.025505716798592787 0.0796875
0 0.14291996481970096 0.46875 0.023746701846965697 0.0765625
0 0.1851363236587511 0.471875 0.025505716798592787 0.0765625
0 0.2326297273526825 0.48046875 0.026385224274406333 0.0828125
0 0.2559366754617414 0.475 0.025505716798592787 0.0765625
0 0.2985927880386983 0.4046875 0.04221635883905013 0.0390625
0 0.45118733509234826 0.5390625 0.048372911169744945 0.046875
0 0.8126649076517151 0.8359375 0.04573438874230431 0.046875
0 0.5628847845206685 0.734375 0.02198768689533861 0.0375
0 0.5681618293755497 0.65390625 0.019349164467897976 0.034375
0 0.56948109058927 0.6203125 0.02198768689533861 0.034375
0 0.45954265611257694 0.1828125 0.04133685136323659 0.0421875
0 0.5593667546174143 0.2046875 0.04309586631486367 0.0453125
0 0.6165347405452947 0.2171875 0.040457343887423045 0.0421875
0 0.7053649956024626 0.2609375 0.04397537379067722 0.046875
0 0.7541776605101144 0.3359375 0.04661389621811785 0.0453125
0 0.006156552330694811 0.7 0.012313104661389622 0.040625