0 0.7431838170624451 0.7734375 0.02990325417766051 0.075
0 0.7203166226912929 0.79609375 0.02990325417766051 0.08125
0 0.6715039577836411 0.94609375 0.04221635883905013 0.0453125
0 0.6587510993843447 0.915625 0.04309586631486367 0.0515625
0 0.6495162708883025 0.8765625 0.04133685136323659 0.0515625
0 0.6394019349164468 0.840625 0.04397537379067722 0.0515625
0 0.6310466138962181 0.80390625 0.047493403693931395 0.05
0 0.6196130167106421 0.77421875 0.044854881266490766 0.053125
0 0.6125769569041337 0.7328125 0.04397537379067722 0.05625
0 0.6187335092348285 0.96875 0.04133685136323659 0.025
0 0.613896218117854 0.946875 0.04133685136323659 0.05
0 0.600263852242744 0.91484375 0.04133685136323659 0.04375
0 0.5883905013192612 0.8765625 0.044854881266490766 0.0515625
0 0.58311345646438 0.84140625 0.04397537379067722 0.0515625
0 0.575197889182058 0.81015625 0.0395778364116095 0.046875
0 0.5642040457343888 0.7703125 0.04133685136323659 0.05
0 0.4951627088830255 0.98046875 0.04925241864555849 0.0359375
0 0.4872471416007036 0.95546875 0.047493403693931395 0.0484375
0 0.47405452946350046 0.91953125 0.04397537379067722 0.05625
0 0.4687774846086192 0.88671875 0.04661389621811785 0.0546875
0 0.4599824098504837 0.8515625 0.04309586631486367 0.0546875
0 0.45162708883025504 0.8171875 0.04309586631486367 0.0546875
0 0.45162708883025504 0.7734375 0.047493403693931395 0.053125
0 0.04969217238346526 0.93046875 0.04397537379067722 0.046875
0 0.4050131926121372 0.953125 0.04309586631486367 0.05625