0 0.8962181178540017 0.0140625 0.04221635883905013 0.028125
0 0.6380826737027264 0.0234375 0.02198768689533861 0.046875
0 0.6846965699208444 0.6546875 0.02198768689533861 0.0625
0 0.05672823218997362 0.53671875 0.023746701846965697 0.0703125
0 0.10158311345646438 0.5453125 0.027264731750219876 0.0734375
0 0.12401055408970976 0.54375 0.026385224274406333 0.0796875
0 0.1437994722955145 0.540625 0.022867194371152155 0.0734375
0 0.16842568161829374 0.546875 0.027264731750219876 0.078125
0 0.18953386103781883 0.55234375 0.024626209322779244 0.0765625
0 0.21328056288478453 0.546875 0.022867194371152155 0.0734375
0 0.23482849604221637 0.5515625 0.021108179419525065 0.0671875
0 0.25549692172383465 0.553125 0.023746701846965697 0.0734375
0 0.2801231310466139 0.56171875 0.023746701846965697 0.0859375
0 0.30123131046613894 0.56328125 0.024626209322779244 0.0734375
0 0.470976253298153 0.67421875 0.026385224274406333 0.075
0 0.5131926121372031 0.978125 0.048372911169744945 0.040625
0 0.5149516270888302 0.88515625 0.04573438874230431 0.046875
0 0.5145118733509235 0.83828125 0.047493403693931395 0.046875
0 0.5158311345646438 0.78984375 0.048372911169744945 0.05