0 0.11609498680738786 0.54453125 0.021108179419525065 0.075
0 0.14335971855760773 0.54609375 0.019349164467897976 0.0734375
0 0.18557607739665788 0.540625 0.021108179419525065 0.071875
0 0.23306948109058928 0.53828125 0.021108179419525065 0.078125
0 0.2559366754617414 0.528125 0.021108179419525065 0.071875
0 0.29331574318381703 0.44921875 0.040457343887423045 0.03125
0 0.4542656112576957 0.54921875 0.04573438874230431 0.0375
0 0.8333333333333334 0.765625 0.04309586631486367 0.0375
0 0.5782761653474054 0.71875 0.019349164467897976 0.0328125
0 0.5782761653474054 0.6375 0.01759014951627089 0.0296875
0 0.5773966578715919 0.6046875 0.020228671943711522 0.0296875
0 0.43799472295514513 0.19375 0.0395778364116095 0.034375
0 0.538698328935796 0.19375 0.040457343887423045 0.0375
0 0.5963060686015831 0.19453125 0.03781882145998241 0.034375
0 0.6873350923482849 0.21796875 0.04133685136323659 0.0390625
0 0.7409850483729111 0.2828125 0.04397537379067722 0.0359375
0 0.19041336851363236 0.0125 0.029023746701846966 0.025
0 0.017150395778364115 0.80703125 0.021108179419525065 0.034375
0 0.05804749340369393 0.06171875 0.025505716798592787 0.0890625