0 0.830255057167986 0.0953125 0.021108179419525065 0.0671875
0 0.8091468777484608 0.09921875 0.021108179419525065 0.0703125
0 0.7902374670184696 0.10078125 0.018469656992084433 0.078125
0 0.7678100263852242 0.08828125 0.019349164467897976 0.065625
0 0.7453825857519789 0.09375 0.018469656992084433 0.06875
0 0.7220756376429199 0.0828125 0.01759014951627089 0.0671875
0 0.6675461741424802 0.184375 0.032541776605101144 0.03125
0 0.6754617414248021 0.33203125 0.04221635883905013 0.0359375
0 0.9929639401934917 0.71015625 0.008795074758135445 0.0796875
0 0.9780123131046614 0.7125 0.022867194371152155 0.0671875
0 0.9538258575197889 0.7140625 0.02198768689533861 0.071875
0 0.9300791556728232 0.7109375 0.02198768689533861 0.0671875
0 0.9076517150395779 0.70859375 0.021108179419525065 0.0796875
0 0.8597185576077396 0.7125 0.020228671943711522 0.065625
0 0.8839050131926122 0.709375 0.021108179419525065 0.0734375
0 0.7915567282321899 0.7109375 0.019349164467897976 0.071875
0 0.7686895338610378 0.715625 0.019349164467897976 0.0765625
0 0.7458223394898856 0.71328125 0.01759014951627089 0.0734375
0 0.723834652594547 0.71328125 0.019349164467897976 0.075
0 0.7022867194371152 0.71484375 0.018469656992084433 0.0734375
0 0.6798592788038699 0.71171875 0.01759014951627089 0.075
0 0.6578715919085312 0.7125 0.01759014951627089 0.075
0 0.635004397537379 0.71328125 0.01759014951627089 0.06875
0 0.6125769569041337 0.715625 0.018469656992084433 0.0765625
0 0.588830255057168 0.71484375 0.016710642040457344 0.0734375
0 0.5602462620932278 0.7140625 0.01759014951627089 0.071875
0 0.46613896218117856 0.7359375 0.04309586631486367 0.03125
0 0.42700087950747584 0.72265625 0.020228671943711522 0.08125
0 0.401495162708883 0.721875 0.018469656992084433 0.075
0 0.37950747581354444 0.71640625 0.018469656992084433 0.075
0 0.35664028144239224 0.721875 0.018469656992084433 0.08125
0 0.3337730870712401 0.725 0.020228671943711522 0.0734375
0 0.24890061565523308 0.721875 0.01759014951627089 0.065625
0 0.20536499560246263 0.72578125 0.020228671943711522 0.0703125
0 0.18337730870712401 0.725 0.018469656992084433 0.0734375
0 0.16314863676341249 0.72421875 0.018469656992084433 0.065625
0 0.1424802110817942 0.72421875 0.021108179419525065 0.0734375
0 0.1218117854001759 0.72890625 0.020228671943711522 0.065625
0 0.0998240985048373 0.725 0.020228671943711522 0.071875
0 0.07783641160949868 0.725 0.020228671943711522 0.0609375
0 0.055848724714160074 0.7296875 0.02198768689533861 0.071875
0 0.03605980650835532 0.7328125 0.019349164467897976 0.065625
0 0.015391380826737027 0.73359375 0.018469656992084433 0.06875
0 0.17282321899736147 0.16796875 0.03869832893579595 0.0328125