0 0.9582233948988567 0.09140625 0.02198768689533861 0.0734375
0 0.9397537379067722 0.096875 0.018469656992084433 0.0703125
0 0.9177660510114336 0.0953125 0.018469656992084433 0.0703125
0 0.8953386103781882 0.08203125 0.01759014951627089 0.0578125
0 0.8746701846965699 0.08671875 0.020228671943711522 0.065625
0 0.8500439753737907 0.075 0.024626209322779244 0.065625
0 0.7963940193491644 0.18203125 0.022867194371152155 0.0296875
0 0.8065083553210203 0.32734375 0.036939313984168866 0.0375
0 0.29463500439753737 0.15703125 0.03869832893579595 0.0375
0 0.9876868953386104 0.7140625 0.019349164467897976 0.0703125
0 0.9239226033421284 0.70859375 0.020228671943711522 0.078125
0 0.8992963940193491 0.7109375 0.020228671943711522 0.08125
0 0.876429199648197 0.7109375 0.018469656992084433 0.0703125
0 0.8540017590149517 0.71328125 0.019349164467897976 0.0734375
0 0.8315743183817063 0.71015625 0.02198768689533861 0.075
0 0.8087071240105541 0.71015625 0.020228671943711522 0.0734375
0 0.7871591908531222 0.715625 0.021108179419525065 0.0765625
0 0.7642919964819701 0.71640625 0.021108179419525065 0.0625
0 0.7409850483729111 0.7109375 0.020228671943711522 0.071875
0 0.7185576077396658 0.71796875 0.01759014951627089 0.06875
0 0.6886543535620053 0.7140625 0.022867194371152155 0.078125
0 0.5914687774846086 0.734375 0.04397537379067722 0.0359375
0 0.5510114335971856 0.71953125 0.020228671943711522 0.0796875
0 0.5259454705364995 0.71640625 0.01759014951627089 0.075
0 0.5043975373790677 0.71328125 0.016710642040457344 0.0796875
0 0.4810905892700088 0.715625 0.01759014951627089 0.0828125
0 0.45910290237467016 0.71796875 0.019349164467897976 0.0734375
0 0.3720316622691293 0.7171875 0.019349164467897976 0.0671875
0 0.3258575197889182 0.7203125 0.016710642040457344 0.0671875
0 0.30562884784520666 0.71953125 0.014951627088830254 0.0734375
0 0.2858399296394019 0.7171875 0.01759014951627089 0.065625
0 0.262532981530343 0.71796875 0.020228671943711522 0.065625
0 0.2423043095866315 0.7234375 0.018469656992084433 0.071875
0 0.22119613016710643 0.71953125 0.018469656992084433 0.06875
0 0.19700967458223395 0.71953125 0.019349164467897976 0.0609375
0 0.1759014951627089 0.72421875 0.021108179419525065 0.075
0 0.1547933157431838 0.7265625 0.01759014951627089 0.06875
0 0.1345646437994723 0.728125 0.019349164467897976 0.065625