0 0.08267370272647317 0.15625 0.04573438874230431 0.0515625
0 0.1358839050131926 0.18984375 0.04221635883905013 0.0484375
0 0.22999120492524186 0.25 0.04573438874230431 0.0515625
0 0.4102902374670185 0.10234375 0.04397537379067722 0.05625
0 0.29023746701846964 0.74140625 0.029023746701846966 0.090625
0 0.3144239226033421 0.7578125 0.028144239226033423 0.0875
0 0.3381706244503078 0.77578125 0.025505716798592787 0.08125
0 0.5488126649076517 0.58359375 0.03430079155672823 0.09375
0 0.33421284080914687 0.61328125 0.04573438874230431 0.0515625
0 0.5985048372911169 0.62109375 0.027264731750219876 0.0796875
0 0.623570800351803 0.63671875 0.029023746701846966 0.09375
0 0.6499560246262093 0.64921875 0.029023746701846966 0.0890625
0 0.6895338610378188 0.77421875 0.04573438874230431 0.0453125
0 0.4604221635883905 0.05546875 0.027264731750219876 0.078125
0 0.5268249780123131 0.08671875 0.029023746701846966 0.0765625
0 0.5681618293755497 0.10703125 0.028144239226033423 0.0828125
0 0.5914687774846086 0.125 0.029023746701846966 0.08125
0 0.484608619173263 0.059375 0.026385224274406333 0.0796875
0 0.015391380826737027 0.6859375 0.030782761653474055 0.05625