0 0.3786279683377309 0.4875 0.019349164467897976 0.0703125
0 0.11829375549692173 0.834375 0.04133685136323659 0.0375
0 0.5620052770448549 0.58046875 0.016710642040457344 0.0671875
0 0.5162708883025505 0.69140625 0.04221635883905013 0.0359375
0 0.5237467018469657 0.87734375 0.04133685136323659 0.0359375
0 0.5206684256816183 0.78203125 0.03869832893579595 0.0328125
0 0.5197889182058048 0.7375 0.04309586631486367 0.034375
0 0.6284080914687775 0.64375 0.03869832893579595 0.03125
0 0.7291116974494283 0.46796875 0.01759014951627089 0.071875
0 0.7515391380826737 0.46640625 0.016710642040457344 0.0640625
0 0.772207563764292 0.46171875 0.019349164467897976 0.071875
0 0.7924362357080035 0.4578125 0.01759014951627089 0.059375
0 0.8139841688654353 0.4546875 0.018469656992084433 0.075
0 0.8364116094986808 0.45859375 0.019349164467897976 0.06875
0 0.8583992963940194 0.45234375 0.019349164467897976 0.0734375
0 0.9643799472295514 0.44453125 0.02198768689533861 0.0609375
0 0.9199648197009674 0.45234375 0.021108179419525065 0.065625
0 0.8795074758135444 0.45078125 0.01759014951627089 0.06875
0 0.9001759014951627 0.4515625 0.020228671943711522 0.06875
0 0.06156552330694811 0.8171875 0.018469656992084433 0.0328125