0 0.7352682497801232 0.0921875 0.018469656992084433 0.071875
0 0.014072119613016711 0.48828125 0.027264731750219876 0.08125
0 0.03605980650835532 0.49375 0.025505716798592787 0.078125
0 0.05980650835532102 0.5 0.023746701846965697 0.0765625
0 0.14907651715039577 0.50703125 0.022867194371152155 0.065625
0 0.1948109058927001 0.51640625 0.020228671943711522 0.071875
0 0.2167985927880387 0.51875 0.02198768689533861 0.0765625
0 0.23746701846965698 0.52109375 0.02198768689533861 0.0703125
0 0.2598944591029024 0.52109375 0.024626209322779244 0.0765625
0 0.2796833773087071 0.53125 0.02198768689533861 0.0671875
0 0.30299032541776605 0.528125 0.022867194371152155 0.075
0 0.3482849604221636 0.5359375 0.021108179419525065 0.0765625
0 0.3276165347405453 0.5328125 0.016710642040457344 0.065625
0 0.37159190853122254 0.54609375 0.021108179419525065 0.0734375
0 0.39270008795074757 0.5453125 0.022867194371152155 0.071875
0 0.5589270008795075 0.67421875 0.022867194371152155 0.0796875
0 0.772207563764292 0.66796875 0.019349164467897976 0.06875
0 0.5923482849604221 0.97890625 0.04397537379067722 0.03125
0 0.6029023746701847 0.79375 0.047493403693931395 0.0515625
0 0.5985048372911169 0.84140625 0.04661389621811785 0.0453125
0 0.5980650835532102 0.88671875 0.04309586631486367 0.0375