0 0.9309586631486367 0.80234375 0.047493403693931395 0.0453125
0 0.23306948109058928 0.82578125 0.024626209322779244 0.06875
0 0.25813544415127526 0.840625 0.024626209322779244 0.08125
0 0.31882145998240985 0.9765625 0.0395778364116095 0.04375
0 0.32717678100263853 0.94453125 0.040457343887423045 0.0453125
0 0.3337730870712401 0.903125 0.03869832893579595 0.046875
0 0.33992963940193494 0.86484375 0.044854881266490766 0.040625
0 0.3465259454705365 0.8265625 0.047493403693931395 0.0515625
0 0.35532102022867196 0.7921875 0.04309586631486367 0.0484375
0 0.3597185576077397 0.75390625 0.04309586631486367 0.05
0 0.4098504837291117 0.778125 0.0395778364116095 0.0484375
0 0.3702726473175022 0.98828125 0.04221635883905013 0.0203125
0 0.376429199648197 0.9625 0.03869832893579595 0.046875
0 0.3843447669305189 0.9265625 0.0395778364116095 0.040625
0 0.3940193491644679 0.88828125 0.0395778364116095 0.0375
0 0.3992963940193492 0.8515625 0.040457343887423045 0.0453125
0 0.4019349164467898 0.81640625 0.04309586631486367 0.046875
0 0.4973614775725594 0.978125 0.04397537379067722 0.0421875
0 0.5 0.9390625 0.04133685136323659 0.0453125
0 0.5114335971855761 0.903125 0.040457343887423045 0.0421875
0 0.5149516270888302 0.86640625 0.03781882145998241 0.0421875
0 0.5202286719437115 0.83125 0.04221635883905013 0.046875
0 0.5263852242744064 0.7953125 0.040457343887423045 0.046875
0 0.5228671943711521 0.75078125 0.0395778364116095 0.0453125
0 0.58311345646438 0.9171875 0.0395778364116095 0.04375