0 0.30123131046613894 0.1296875 0.02990325417766051 0.075
0 0.32673702726473175 0.11796875 0.02990325417766051 0.08125
0 0.3944591029023747 0.00859375 0.04309586631486367 0.0171875
0 0.40281442392260336 0.02890625 0.04309586631486367 0.0515625
0 0.40589270008795075 0.0703125 0.04133685136323659 0.0515625
0 0.41072999120492526 0.11015625 0.04397537379067722 0.0515625
0 0.41424802110817943 0.14921875 0.047493403693931395 0.05
0 0.4212840809146878 0.18203125 0.044854881266490766 0.053125
0 0.42216358839050133 0.22578125 0.04397537379067722 0.05625
0 0.44854881266490765 0.00390625 0.04221635883905013 0.0078125
0 0.45030782761653476 0.021875 0.04221635883905013 0.04375
0 0.45910290237467016 0.05390625 0.04133685136323659 0.04375
0 0.465259454705365 0.096875 0.044854881266490766 0.0515625
0 0.46613896218117856 0.1328125 0.04397537379067722 0.0515625
0 0.46921723834652596 0.16640625 0.0395778364116095 0.046875
0 0.4744942832014072 0.21015625 0.04133685136323659 0.05
0 0.5712401055408971 0.03125 0.048372911169744945 0.0453125
0 0.5743183817062445 0.06328125 0.047493403693931395 0.0484375
0 0.5822339489885664 0.10390625 0.04397537379067722 0.05625
0 0.58311345646438 0.13828125 0.04661389621811785 0.0546875
0 0.5866314863676341 0.17578125 0.04309586631486367 0.0546875
0 0.5901495162708883 0.2125 0.04309586631486367 0.0546875
0 0.5844327176781002 0.25546875 0.047493403693931395 0.053125
0 0.98636763412489 0.27578125 0.025505716798592787 0.0484375
0 0.6539138082673702 0.1015625 0.04309586631486367 0.05625