0 0.27132805628847845 0.81015625 0.027264731750219876 0.071875
0 0.29507475813544415 0.82890625 0.026385224274406333 0.078125
0 0.35092348284960423 0.97109375 0.040457343887423045 0.040625
0 0.3623570800351803 0.93828125 0.04133685136323659 0.046875
0 0.36939313984168864 0.8984375 0.0395778364116095 0.046875
0 0.3777484608619173 0.8609375 0.04221635883905013 0.0453125
0 0.3843447669305189 0.82265625 0.04573438874230431 0.04375
0 0.3944591029023747 0.7921875 0.04309586631486367 0.046875
0 0.3992963940193492 0.74921875 0.04221635883905013 0.0515625
0 0.4045734388742304 0.98515625 0.040457343887423045 0.01875
0 0.40853122251539137 0.9625 0.0395778364116095 0.0453125
0 0.4204045734388742 0.92890625 0.040457343887423045 0.0390625
0 0.43051890941073 0.8890625 0.04309586631486367 0.0453125
0 0.4340369393139842 0.853125 0.04221635883905013 0.0453125
0 0.44063324538258575 0.82109375 0.03781882145998241 0.040625
0 0.4489885664028144 0.77890625 0.0395778364116095 0.0453125
0 0.5290237467018469 0.98046875 0.048372911169744945 0.0359375
0 0.5351802990325418 0.9515625 0.04573438874230431 0.0421875
0 0.5466138962181178 0.9140625 0.04221635883905013 0.05
0 0.5501319261213721 0.88046875 0.044854881266490766 0.0484375
0 0.5571679859278804 0.84453125 0.04133685136323659 0.05
0 0.5637642919964819 0.80859375 0.04133685136323659 0.05
0 0.5615655233069481 0.76484375 0.04573438874230431 0.046875
0 0.9700967458223395 0.859375 0.04221635883905013 0.040625
0 0.6169744942832014 0.93671875 0.04133685136323659 0.0515625