0 0.06244503078276165 0.53515625 0.02990325417766051 0.0765625
0 0.1534740545294635 0.58515625 0.04925241864555849 0.04375
0 0.19656992084432717 0.58515625 0.020228671943711522 0.08125
0 0.22251539138082674 0.58828125 0.024626209322779244 0.078125
0 0.28935795954265614 0.6109375 0.023746701846965697 0.08125
0 0.26649076517150394 0.6046875 0.020228671943711522 0.0859375
0 0.24494283201407213 0.590625 0.023746701846965697 0.0796875
0 0.37686895338610377 0.63359375 0.021108179419525065 0.065625
0 0.772207563764292 0.87265625 0.021108179419525065 0.078125
0 0.9503078276165348 0.9421875 0.02198768689533861 0.0546875
0 0.9797713280562885 0.90078125 0.021108179419525065 0.0625
0 0.8100263852242744 0.98515625 0.04925241864555849 0.0265625
0 0.6121372031662269 0.7171875 0.021108179419525065 0.075
0 0.5936675461741425 0.7109375 0.018469656992084433 0.0796875
0 0.420844327176781 0.65 0.021108179419525065 0.0703125
0 0.44327176781002636 0.65703125 0.023746701846965697 0.078125
0 0.465259454705365 0.6609375 0.01759014951627089 0.065625
0 0.48548812664907653 0.66953125 0.022867194371152155 0.0734375
0 0.5052770448548812 0.6796875 0.02198768689533861 0.075
0 0.5272647317502199 0.68125 0.023746701846965697 0.0765625
0 0.5496921723834652 0.68828125 0.020228671943711522 0.0625
0 0.5703605980650835 0.7015625 0.021108179419525065 0.0734375
0 0.5123131046613896 0.10390625 0.03869832893579595 0.0390625
0 0.9656992084432717 0.3890625 0.024626209322779244 0.078125
0 0.029463500439753737 0.5234375 0.025505716798592787 0.084375
0 0.008355321020228672 0.52265625 0.016710642040457344 0.0796875