0 0.43227792436235707 0.153125 0.03869832893579595 0.0515625
0 0.04529463500439754 0.06796875 0.032541776605101144 0.046875
0 0.1376429199648197 0.42890625 0.044854881266490766 0.0453125
0 0.13940193491644678 0.59140625 0.029023746701846966 0.0796875
0 0.0932277924362357 0.55859375 0.03605980650835532 0.0953125
0 0.11521547933157432 0.575 0.0316622691292876 0.09375
0 0.35312225153913807 0.421875 0.03605980650835532 0.0890625
0 0.48988566402814426 0.61015625 0.04925241864555849 0.059375
0 0.4529463500439754 0.4890625 0.02990325417766051 0.08125
0 0.42700087950747584 0.47421875 0.029023746701846966 0.0828125
0 0.405452946350044 0.45625 0.030782761653474055 0.08125
0 0.4621811785400176 0.98515625 0.0395778364116095 0.0265625
0 0.4687774846086192 0.96484375 0.04397537379067722 0.0515625
0 0.4780123131046614 0.93046875 0.044854881266490766 0.0484375