0 0.6882145998240985 0.53125 0.02198768689533861 0.078125
0 0.6618293755496921 0.53046875 0.020228671943711522 0.0828125
0 0.6174142480211082 0.5296875 0.020228671943711522 0.078125
0 0.5725593667546174 0.52578125 0.02198768689533861 0.08125
0 0.5505716798592788 0.51953125 0.018469656992084433 0.075
0 0.5127528583992964 0.44140625 0.040457343887423045 0.040625
0 0.357080035180299 0.5453125 0.044854881266490766 0.0359375
0 0.7889182058047494 0.79140625 0.022867194371152155 0.0453125
0 0.7379067722075637 0.05546875 0.024626209322779244 0.0859375
0 0.851363236587511 0.05546875 0.027264731750219876 0.0875
0 0.8214599824098505 0.05 0.026385224274406333 0.0921875
0 0.7946350043975374 0.05390625 0.020228671943711522 0.084375
0 0.2669305189094107 0.196875 0.040457343887423045 0.0375
0 0.20932277924362358 0.19765625 0.0395778364116095 0.0375
0 0.3671943711521548 0.19296875 0.040457343887423045 0.0359375
0 0.12049252418645559 0.22890625 0.04397537379067722 0.0421875