0 0.8135444151275286 0.68828125 0.024626209322779244 0.0765625
0 0.8619173262972736 0.665625 0.026385224274406333 0.078125
0 0.8364116094986808 0.67734375 0.024626209322779244 0.0828125
0 0.8249780123131046 0.528125 0.040457343887423045 0.0375
0 0.6134564643799473 0.46328125 0.027264731750219876 0.0828125
0 0.559806508355321 0.4859375 0.020228671943711522 0.071875
0 0.5364995602462621 0.5 0.022867194371152155 0.08125
0 0.5087950747581355 0.50703125 0.023746701846965697 0.0734375
0 0.46394019349164467 0.61640625 0.044854881266490766 0.0421875
0 0.6328056288478452 0.1453125 0.04133685136323659 0.04375
0 0.7814423922603342 0.0140625 0.032541776605101144 0.028125
0 0.9520668425681619 0.1859375 0.044854881266490766 0.053125
0 0.4569041336851363 0.97265625 0.0395778364116095 0.0453125
0 0.45030782761653476 0.940625 0.04221635883905013 0.040625