0 0.8179419525065963 0.93515625 0.021108179419525065 0.06875
0 0.7968337730870713 0.92890625 0.02198768689533861 0.071875
0 0.7779243623570801 0.925 0.019349164467897976 0.0796875
0 0.7554969217238346 0.93671875 0.019349164467897976 0.0671875
0 0.7330694810905892 0.92890625 0.019349164467897976 0.0703125
0 0.7097625329815304 0.9375 0.01759014951627089 0.06875
0 0.6578715919085312 0.83125 0.03342128408091469 0.03125
0 0.6701846965699209 0.684375 0.04309586631486367 0.0375
0 0.9964819700967458 0.3359375 0.005277044854881266 0.08125
0 0.9837291116974495 0.33203125 0.022867194371152155 0.06875
0 0.9595426561125769 0.328125 0.022867194371152155 0.0734375
0 0.9357959542656112 0.32890625 0.02198768689533861 0.06875
0 0.9133685136323659 0.3296875 0.02198768689533861 0.08125
0 0.8658751099384345 0.32109375 0.020228671943711522 0.0671875
0 0.8896218117854002 0.3265625 0.02198768689533861 0.075
0 0.7977132805628848 0.31640625 0.020228671943711522 0.0734375
0 0.7748460861917327 0.31015625 0.020228671943711522 0.078125
0 0.7519788918205804 0.31015625 0.018469656992084433 0.075
0 0.7299912049252418 0.3078125 0.020228671943711522 0.0765625
0 0.7084432717678101 0.30390625 0.019349164467897976 0.075
0 0.6860158311345647 0.30546875 0.018469656992084433 0.0765625
0 0.6640281442392261 0.30234375 0.018469656992084433 0.0765625
0 0.6411609498680739 0.29921875 0.018469656992084433 0.0703125
0 0.6187335092348285 0.2953125 0.019349164467897976 0.078125
0 0.5949868073878628 0.29375 0.01759014951627089 0.075
0 0.5664028144239226 0.29140625 0.018469656992084433 0.0734375
0 0.4731750219876869 0.26171875 0.04397537379067722 0.0328125
0 0.4335971855760774 0.27109375 0.021108179419525065 0.0828125
0 0.4080914687774846 0.26953125 0.019349164467897976 0.0765625
0 0.386103781882146 0.27265625 0.019349164467897976 0.0765625
0 0.36323658751099386 0.26484375 0.019349164467897976 0.0828125
0 0.34080914687774844 0.259375 0.021108179419525065 0.075
0 0.2559366754617414 0.2546875 0.01759014951627089 0.0671875
0 0.21240105540897097 0.246875 0.021108179419525065 0.071875
0 0.19041336851363236 0.2453125 0.019349164467897976 0.075
0 0.17018469656992086 0.2453125 0.018469656992084433 0.0671875
0 0.14951627088830255 0.24296875 0.02198768689533861 0.075
0 0.12884784520668427 0.2359375 0.020228671943711522 0.0671875
0 0.10686015831134564 0.23828125 0.021108179419525065 0.0734375
0 0.08487247141600704 0.2359375 0.020228671943711522 0.0625
0 0.0633245382585752 0.22890625 0.022867194371152155 0.0734375
0 0.04353562005277045 0.225 0.019349164467897976 0.0671875
0 0.022867194371152155 0.221875 0.019349164467897976 0.0703125
0 0.16358839050131926 0.8015625 0.0395778364116095 0.034375