0 0.2911169744942832 0.84921875 0.02990325417766051 0.034375
0 0.4239226033421284 0.4265625 0.040457343887423045 0.0359375
0 0.42216358839050133 0.46953125 0.04133685136323659 0.034375
0 0.4635004397537379 0.359375 0.021108179419525065 0.0671875
0 0.4261213720316623 0.5421875 0.04133685136323659 0.0359375
0 0.4256816182937555 0.6171875 0.04133685136323659 0.0359375
0 0.4287598944591029 0.66171875 0.04309586631486367 0.034375
0 0.3970976253298153 0.09296875 0.019349164467897976 0.08125
0 0.5861917326297273 0.09453125 0.024626209322779244 0.0671875
0 0.7458223394898856 0.3546875 0.023746701846965697 0.0765625
0 0.8245382585751979 0.31484375 0.04661389621811785 0.0359375
0 0.8271767810026385 0.3609375 0.04573438874230431 0.034375
0 0.8315743183817063 0.40546875 0.04309586631486367 0.0359375
0 0.6820580474934037 0.7125 0.04133685136323659 0.0421875
0 0.7559366754617414 0.74453125 0.021108179419525065 0.075
0 0.6842568161829375 0.80703125 0.040457343887423045 0.034375
0 0.6864555848724714 0.8515625 0.04573438874230431 0.0390625
0 0.6873350923482849 0.90390625 0.04397537379067722 0.0375