0 0.040897097625329816 0.17109375 0.027264731750219876 0.0640625
0 0.07827616534740545 0.20546875 0.029023746701846966 0.06875
0 0.09718557607739665 0.2234375 0.030782761653474055 0.071875
0 0.11653474054529464 0.23515625 0.027264731750219876 0.0703125
0 0.1358839050131926 0.253125 0.0316622691292876 0.0734375
0 0.15391380826737028 0.2734375 0.030782761653474055 0.0765625
0 0.17458223394898856 0.2875 0.029023746701846966 0.078125
0 0.19393139841688653 0.30625 0.025505716798592787 0.0671875
0 0.21108179419525067 0.32265625 0.02990325417766051 0.0796875
0 0.23087071240105542 0.34453125 0.028144239226033423 0.075
0 0.24802110817941952 0.36015625 0.02990325417766051 0.0765625
0 0.37467018469656993 0.590625 0.030782761653474055 0.0796875
0 0.3381706244503078 0.89375 0.04925241864555849 0.0609375
0 0.36455584872471414 0.80859375 0.044854881266490766 0.0546875
0 0.3751099384344767 0.76875 0.04573438874230431 0.0609375
0 0.38830255057167984 0.728125 0.047493403693931395 0.0578125
0 0.951627088830255 0.21953125 0.03869832893579595 0.0484375
0 0.945910290237467 0.259375 0.04221635883905013 0.053125
0 0.9287598944591029 0.290625 0.04573438874230431 0.05625
0 0.9190853122251539 0.3265625 0.04221635883905013 0.0546875