0 0.689094107299912 0.49609375 0.026385224274406333 0.08125
0 0.6627088830255057 0.50078125 0.024626209322779244 0.084375
0 0.6187335092348285 0.5078125 0.024626209322779244 0.0796875
0 0.5738786279683378 0.5125 0.026385224274406333 0.084375
0 0.5514511873350924 0.51015625 0.02198768689533861 0.0765625
0 0.5092348284960422 0.4390625 0.04221635883905013 0.046875
0 0.3605980650835532 0.571875 0.04573438874230431 0.04375
0 0.8047493403693932 0.73671875 0.025505716798592787 0.0484375
0 0.7106420404573439 0.0296875 0.02990325417766051 0.059375
0 0.8236587510993844 0.01953125 0.032541776605101144 0.0390625
0 0.7937554969217239 0.02109375 0.032541776605101144 0.0421875
0 0.7673702726473175 0.02265625 0.025505716798592787 0.0453125
0 0.25065963060686014 0.2421875 0.04221635883905013 0.04375
0 0.193051890941073 0.253125 0.04133685136323659 0.04375
0 0.3500439753737907 0.21953125 0.04133685136323659 0.0421875
0 0.10686015831134564 0.30078125 0.04573438874230431 0.05