0 0.22735268249780125 0.025 0.030782761653474055 0.05
0 0.2546174142480211 0.02734375 0.027264731750219876 0.0546875
0 0.28144239226033424 0.028125 0.026385224274406333 0.05625
0 0.33729111697449426 0.03515625 0.029023746701846966 0.0703125
0 0.35883905013192613 0.5046875 0.025505716798592787 0.084375
0 0.3856640281442392 0.51171875 0.021108179419525065 0.0765625
0 0.42656112576956906 0.5171875 0.023746701846965697 0.0765625
0 0.4714160070360598 0.521875 0.024626209322779244 0.0796875
0 0.4951627088830255 0.51875 0.02198768689533861 0.0734375
0 0.5351802990325418 0.44765625 0.04133685136323659 0.0421875
0 0.24582233948988566 0.74453125 0.021108179419525065 0.0484375
0 0.6868953386103782 0.58125 0.048372911169744945 0.0453125
0 0.940193491644679 0.3078125 0.04661389621811785 0.046875
0 0.8526824978012313 0.26484375 0.04221635883905013 0.04375
0 0.7955145118733509 0.25 0.04221635883905013 0.040625
0 0.6965699208443272 0.22890625 0.04397537379067722 0.046875