0 0.06684256816182937 0.95078125 0.040457343887423045 0.0390625
0 0.0773966578715919 0.91796875 0.0395778364116095 0.0390625
0 0.33421284080914687 0.9609375 0.018469656992084433 0.065625
0 0.3254177660510114 0.31171875 0.020228671943711522 0.059375
0 0.9428320140721196 0.54609375 0.021108179419525065 0.0671875
0 0.8988566402814424 0.52890625 0.024626209322779244 0.0703125
0 0.8768689533861038 0.5265625 0.023746701846965697 0.0765625
0 0.8566402814423922 0.52578125 0.020228671943711522 0.0703125
0 0.8324538258575198 0.51484375 0.024626209322779244 0.075
0 0.8117854001759015 0.50546875 0.02198768689533861 0.0734375
0 0.7880386983289358 0.50625 0.020228671943711522 0.0703125
0 0.7664907651715039 0.4984375 0.019349164467897976 0.0640625
0 0.7462620932277925 0.49296875 0.021108179419525065 0.0703125
0 0.7225153913808268 0.4796875 0.020228671943711522 0.0828125
0 0.7014072119613016 0.47421875 0.02198768689533861 0.0703125
0 0.5391380826737028 0.3328125 0.023746701846965697 0.071875
0 0.5158311345646438 0.0203125 0.04573438874230431 0.040625
0 0.5079155672823219 0.1140625 0.04397537379067722 0.0421875
0 0.5057167985927881 0.1609375 0.04573438874230431 0.0421875
0 0.5013192612137203 0.20859375 0.04661389621811785 0.04375