0 0.04177660510114336 0.278125 0.026385224274406333 0.0859375
0 0.006596306068601583 0.28125 0.013192612137203167 0.08125
0 0.20536499560246263 0.9875 0.02198768689533861 0.021875
0 0.1534740545294635 0.8640625 0.048372911169744945 0.0484375
0 0.15259454705364994 0.82578125 0.04221635883905013 0.0453125
0 0.14951627088830255 0.784375 0.04133685136323659 0.040625
0 0.3465259454705365 0.246875 0.04221635883905013 0.0390625
0 0.5224274406332454 0.4390625 0.04221635883905013 0.040625
0 0.5769569041336852 0.4328125 0.044854881266490766 0.0484375
0 0.6292875989445911 0.41640625 0.04133685136323659 0.0390625
0 0.7172383465259454 0.80546875 0.025505716798592787 0.0359375
0 0.7080035180299032 0.73515625 0.023746701846965697 0.0296875
0 0.7071240105540897 0.69609375 0.025505716798592787 0.034375
0 0.7044854881266491 0.659375 0.028144239226033423 0.0390625
0 0.702726473175022 0.603125 0.025505716798592787 0.0328125
0 0.826297273526825 0.7171875 0.023746701846965697 0.0765625
0 0.8474054529463501 0.70546875 0.02198768689533861 0.06875
0 0.8711521547933158 0.70234375 0.02198768689533861 0.075
0 0.8016710642040458 0.721875 0.023746701846965697 0.0734375
0 0.8201407211961301 0.90625 0.020228671943711522 0.0390625
0 0.8434476693051891 0.90390625 0.01759014951627089 0.0296875
0 0.19920844327176782 0.9421875 0.023746701846965697 0.0765625