0 0.7357080035180299 0.4359375 0.028144239226033423 0.0734375
0 0.6561125769569042 0.48203125 0.027264731750219876 0.0765625
0 0.7638522427440633 0.29765625 0.04133685136323659 0.0546875
0 0.7502198768689534 0.26796875 0.04309586631486367 0.053125
0 0.7418645558487247 0.22890625 0.03518029903254178 0.0484375
0 0.7132805628847845 0.1328125 0.04309586631486367 0.05
0 0.7189973614775725 0.1640625 0.04309586631486367 0.0515625
0 0.7282321899736148 0.2 0.04397537379067722 0.053125
0 0.34256816182937555 0.1328125 0.04221635883905013 0.0546875
0 0.39577836411609496 0.34765625 0.03869832893579595 0.0484375
0 0.38786279683377306 0.309375 0.04133685136323659 0.053125
0 0.3808267370272647 0.2734375 0.04221635883905013 0.053125
0 0.3698328935795954 0.24140625 0.04133685136323659 0.046875
0 0.35664028144239224 0.20625 0.04221635883905013 0.053125
0 0.3500439753737907 0.16796875 0.03781882145998241 0.05
0 0.42480211081794195 0.45390625 0.0395778364116095 0.05
0 0.5382585751978892 0.96171875 0.028144239226033423 0.06875
0 0.5105540897097626 0.815625 0.04309586631486367 0.0515625
0 0.5 0.7703125 0.03869832893579595 0.046875
0 0.49296394019349166 0.7328125 0.044854881266490766 0.0578125
0 0.48328935795954264 0.696875 0.04221635883905013 0.0484375
0 0.47537379067722074 0.66171875 0.04133685136323659 0.053125
0 0.46701846965699206 0.62421875 0.04221635883905013 0.05
0 0.45646437994722955 0.5890625 0.04573438874230431 0.0578125
0 0.4494283201407212 0.5578125 0.03781882145998241 0.053125
0 0.44063324538258575 0.52734375 0.04221635883905013 0.0546875
0 0.43051890941073 0.49140625 0.040457343887423045 0.0484375
0 0.8742304309586632 0.1 0.04133685136323659 0.0484375