0 0.5255057167985928 0.9078125 0.026385224274406333 0.0640625
0 0.43755496921723835 0.6328125 0.023746701846965697 0.0828125
0 0.4133685136323659 0.63046875 0.023746701846965697 0.078125
0 0.3720316622691293 0.621875 0.02198768689533861 0.0765625
0 0.32937554969217236 0.61796875 0.020228671943711522 0.0796875
0 0.3051890941072999 0.60859375 0.021108179419525065 0.0703125
0 0.2704485488126649 0.5265625 0.036939313984168866 0.0359375
0 0.1363236587510994 0.271875 0.04397537379067722 0.0421875
0 0.03737906772207564 0.2609375 0.04133685136323659 0.0359375
0 0.10993843447669305 0.61328125 0.04661389621811785 0.0421875
0 0.6706244503078276 0.1015625 0.04309586631486367 0.0359375
0 0.6068601583113457 0.1890625 0.024626209322779244 0.0875
0 0.5800351802990326 0.1859375 0.021108179419525065 0.0890625
0 0.5527704485488126 0.18203125 0.02198768689533861 0.0796875
0 0.49912049252418644 0.1765625 0.024626209322779244 0.0859375
0 0.3021108179419525 0.01328125 0.04661389621811785 0.0265625