0 0.26033421284080915 0.6796875 0.022867194371152155 0.0765625
0 0.3065083553210202 0.68359375 0.02198768689533861 0.078125
0 0.17678100263852242 0.1453125 0.044854881266490766 0.046875
0 0.04793315743183817 0.02734375 0.020228671943711522 0.0546875
0 0.0079155672823219 0.8328125 0.0158311345646438 0.075
0 0.7229551451187335 0.478125 0.04309586631486367 0.034375
0 0.9001759014951627 0.528125 0.0158311345646438 0.0625
0 0.91688654353562 0.52734375 0.019349164467897976 0.0671875
0 0.9393139841688655 0.53046875 0.022867194371152155 0.071875
0 0.9604221635883905 0.53515625 0.024626209322779244 0.071875
0 0.9815303430079155 0.54453125 0.022867194371152155 0.0609375