0 0.7295514511873351 0.72265625 0.020228671943711522 0.075
0 0.6846965699208444 0.721875 0.018469656992084433 0.0671875
0 0.8438874230430958 0.21015625 0.040457343887423045 0.034375
0 0.9744942832014072 0.1078125 0.024626209322779244 0.0796875
0 0.9744942832014072 0.92734375 0.022867194371152155 0.071875
0 0.2801231310466139 0.43671875 0.04221635883905013 0.0265625
0 0.1218117854001759 0.30703125 0.04133685136323659 0.0296875
0 0.020668425681618294 0.45078125 0.020228671943711522 0.05625
0 0.04309586631486367 0.446875 0.019349164467897976 0.065625
0 0.10422163588390501 0.45234375 0.014951627088830254 0.0640625
0 0.0870712401055409 0.45078125 0.0158311345646438 0.0671875