0 0.26341248900615655 0.93515625 0.02198768689533861 0.059375
0 0.28979771328056286 0.53671875 0.020228671943711522 0.0734375
0 0.23526824978012312 0.459375 0.02198768689533861 0.0765625
0 0.040457343887423045 0.6453125 0.024626209322779244 0.071875
0 0.02198768689533861 0.6375 0.020228671943711522 0.0734375
0 0.006156552330694811 0.63359375 0.012313104661389622 0.0796875
0 0.4340369393139842 0.12578125 0.022867194371152155 0.078125
0 0.41116974494283204 0.12265625 0.024626209322779244 0.084375
0 0.38786279683377306 0.11875 0.022867194371152155 0.078125
0 0.36675461741424803 0.1171875 0.021108179419525065 0.075
0 0.34564643799472294 0.11484375 0.022867194371152155 0.08125
0 0.3232189973614776 0.10625 0.026385224274406333 0.0859375
0 0.3043095866314864 0.1 0.02198768689533861 0.0734375
0 0.2796833773087071 0.0953125 0.025505716798592787 0.08125
0 0.08839050131926121 0.0484375 0.019349164467897976 0.0703125
0 0.11081794195250659 0.05859375 0.024626209322779244 0.08125
0 0.13016710642040458 0.0640625 0.020228671943711522 0.078125
0 0.15259454705364994 0.06484375 0.018469656992084433 0.0734375
0 0.17458223394898856 0.065625 0.023746701846965697 0.0765625
0 0.19656992084432717 0.075 0.022867194371152155 0.071875
0 0.21767810026385223 0.08125 0.02198768689533861 0.078125
0 0.027264731750219876 0.0375 0.0158311345646438 0.0703125