0 0.768249780123131 0.38671875 0.02198768689533861 0.0734375
0 0.7009674582233949 0.3359375 0.020228671943711522 0.0765625
0 0.6156552330694811 0.79296875 0.021108179419525065 0.0765625
0 0.637203166226913 0.7875 0.023746701846965697 0.084375
0 0.6605101143359718 0.78125 0.023746701846965697 0.0765625
0 0.6838170624450308 0.77734375 0.021108179419525065 0.075
0 0.7036059806508356 0.7734375 0.023746701846965697 0.0828125
0 0.7260334212840809 0.76875 0.020228671943711522 0.078125
0 0.7462620932277925 0.7671875 0.020228671943711522 0.0734375
0 0.7704485488126649 0.76171875 0.024626209322779244 0.0765625
0 0.9630606860158312 0.72578125 0.022867194371152155 0.06875
0 0.8324538258575198 0.74921875 0.024626209322779244 0.0796875
0 0.8540017590149517 0.7484375 0.020228671943711522 0.06875
0 0.899736147757256 0.73828125 0.020228671943711522 0.0703125
0 0.8751099384344767 0.746875 0.023746701846965697 0.0765625
0 0.9199648197009674 0.72890625 0.02198768689533861 0.08125
0 0.9406332453825857 0.72890625 0.02198768689533861 0.0734375
0 0.934476693051891 0.12734375 0.023746701846965697 0.0734375
0 0.9538258575197889 0.1296875 0.020228671943711522 0.075
0 0.9744942832014072 0.12265625 0.023746701846965697 0.08125