0 0.41996481970096744 0.14296875 0.025505716798592787 0.0796875
0 0.26868953386103783 0.10625 0.026385224274406333 0.078125
0 0.28891820580474936 0.11328125 0.023746701846965697 0.078125
0 0.3113456464379947 0.11953125 0.024626209322779244 0.0796875
0 0.33421284080914687 0.12890625 0.025505716798592787 0.0796875
0 0.3544415127528584 0.13046875 0.02198768689533861 0.075
0 0.3751099384344767 0.1375 0.023746701846965697 0.08125
0 0.3992963940193492 0.14140625 0.024626209322779244 0.0765625
0 0.27440633245382584 0.553125 0.02198768689533861 0.0828125
0 0.21899736147757257 0.47265625 0.02198768689533861 0.078125
0 0.021108179419525065 0.65078125 0.02198768689533861 0.075
0 0.006596306068601583 0.64296875 0.013192612137203167 0.0796875
0 0.20448548812664907 0.09140625 0.02198768689533861 0.08125
0 0.07387862796833773 0.05703125 0.02198768689533861 0.0734375
0 0.09718557607739665 0.06640625 0.025505716798592787 0.075
0 0.11829375549692173 0.0734375 0.021108179419525065 0.075
0 0.13896218117854 0.07578125 0.019349164467897976 0.06875
0 0.16182937554969218 0.078125 0.02198768689533861 0.0765625
0 0.18249780123131046 0.08359375 0.023746701846965697 0.0671875
0 0.2423043095866315 0.93828125 0.018469656992084433 0.0328125