0 0.6547933157431838 0.08671875 0.029023746701846966 0.075
0 0.5162708883025505 0.25234375 0.040457343887423045 0.0453125
0 0.5567282321899736 0.1390625 0.027264731750219876 0.0796875
0 0.5822339489885664 0.12890625 0.025505716798592787 0.075
0 0.6037818821459983 0.1140625 0.025505716798592787 0.06875
0 0.5184696569920845 0.56953125 0.03605980650835532 0.0421875
0 0.5246262093227793 0.603125 0.03605980650835532 0.046875
0 0.5316622691292876 0.64140625 0.040457343887423045 0.0453125
0 0.5360598065083553 0.67578125 0.03430079155672823 0.0453125
0 0.5439753737906772 0.715625 0.036939313984168866 0.0453125
0 0.5532102022867195 0.75546875 0.0395778364116095 0.05
0 0.558047493403694 0.79375 0.04309586631486367 0.0484375
0 0.5650835532102023 0.83203125 0.036939313984168866 0.0453125
0 0.5734388742304309 0.8625 0.04221635883905013 0.046875
0 0.5817941952506597 0.9015625 0.03781882145998241 0.05
0 0.5954265611257695 0.97578125 0.036939313984168866 0.0453125
0 0.8575197889182058 0.11953125 0.0395778364116095 0.046875
0 0.9001759014951627 0.2453125 0.028144239226033423 0.0828125
0 0.8773087071240105 0.259375 0.026385224274406333 0.0734375
0 0.8557607739665787 0.275 0.028144239226033423 0.0765625