0 0.2264731750219877 0.5625 0.021108179419525065 0.0734375
0 0.29023746701846964 0.62578125 0.019349164467897976 0.0765625
0 0.4023746701846966 0.1875 0.020228671943711522 0.0765625
0 0.38038698328935794 0.18828125 0.02198768689533861 0.084375
0 0.357080035180299 0.18984375 0.022867194371152155 0.075
0 0.3337730870712401 0.190625 0.020228671943711522 0.075
0 0.31398416886543534 0.190625 0.022867194371152155 0.08125
0 0.2911169744942832 0.190625 0.019349164467897976 0.078125
0 0.27088830255057167 0.1890625 0.019349164467897976 0.0734375
0 0.24670184696569922 0.18984375 0.023746701846965697 0.075
0 0.052770448548812667 0.1890625 0.021108179419525065 0.0671875
0 0.1838170624450308 0.190625 0.023746701846965697 0.078125
0 0.16226912928759896 0.1875 0.018469656992084433 0.06875
0 0.11653474054529464 0.18828125 0.019349164467897976 0.0703125
0 0.14160070360598065 0.184375 0.022867194371152155 0.075
0 0.09586631486367635 0.19453125 0.020228671943711522 0.08125
0 0.07519788918205805 0.190625 0.021108179419525065 0.0734375
0 0.04573438874230431 0.78984375 0.022867194371152155 0.071875
0 0.026824978012313105 0.784375 0.019349164467897976 0.075
0 0.008795074758135445 0.78828125 0.01759014951627089 0.0828125