0 0.25857519788918204 0.32109375 0.022867194371152155 0.078125
0 0.30299032541776605 0.31328125 0.021108179419525065 0.0703125
0 0.17546174142480211 0.85234375 0.04221635883905013 0.0390625
0 0.051011433597185574 0.9671875 0.028144239226033423 0.0625
0 0.008355321020228672 0.16328125 0.016710642040457344 0.0765625
0 0.7220756376429199 0.521875 0.04309586631486367 0.03125
0 0.8874230430958663 0.621875 0.04221635883905013 0.034375
0 0.9797713280562885 0.46015625 0.02198768689533861 0.059375
0 0.9573438874230431 0.46796875 0.02198768689533861 0.06875
0 0.8962181178540017 0.4734375 0.01759014951627089 0.065625
0 0.9138082673702727 0.47265625 0.018469656992084433 0.06875