0 0.6565523306948109 0.0328125 0.020228671943711522 0.065625
0 0.7308707124010554 0.48515625 0.019349164467897976 0.078125
0 0.667985927880387 0.43046875 0.018469656992084433 0.071875
0 0.5659630606860159 0.88125 0.019349164467897976 0.071875
0 0.5883905013192612 0.875 0.02198768689533861 0.084375
0 0.6116974494283202 0.87265625 0.019349164467897976 0.078125
0 0.6336851363236587 0.86640625 0.020228671943711522 0.0734375
0 0.6556728232189973 0.86796875 0.020228671943711522 0.0796875
0 0.6763412489006156 0.865625 0.022867194371152155 0.0828125
0 0.6974494283201407 0.865625 0.021108179419525065 0.0765625
0 0.7203166226912929 0.86484375 0.02198768689533861 0.0765625
0 0.9938434476693052 0.8421875 0.010554089709762533 0.08125
0 0.9780123131046614 0.83828125 0.024626209322779244 0.075
0 0.9142480211081794 0.84765625 0.02198768689533861 0.0734375
0 0.8913808267370272 0.84609375 0.023746701846965697 0.0765625
0 0.8702726473175022 0.84375 0.020228671943711522 0.0765625
0 0.8487247141600703 0.85234375 0.021108179419525065 0.071875
0 0.8254177660510115 0.85859375 0.022867194371152155 0.06875
0 0.8043095866314863 0.8578125 0.019349164467897976 0.071875
0 0.783641160949868 0.85703125 0.019349164467897976 0.078125
0 0.9028144239226034 0.25 0.023746701846965697 0.0734375
0 0.9221635883905013 0.2515625 0.020228671943711522 0.06875
0 0.9423922603342129 0.2484375 0.02198768689533861 0.0765625
0 0.9608619173262972 0.23515625 0.021108179419525065 0.065625