0 0.7647317502198768 0.8171875 0.025505716798592787 0.071875
0 0.48768689533861037 0.03359375 0.029023746701846966 0.0671875
0 0.4678979771328056 0.98125 0.036939313984168866 0.034375
0 0.45954265611257694 0.95390625 0.03605980650835532 0.0421875
0 0.4450307827616535 0.8796875 0.03342128408091469 0.04375
0 0.4133685136323659 0.73671875 0.03869832893579595 0.0453125
0 0.4076517150395778 0.7015625 0.04309586631486367 0.05
0 0.40105540897097625 0.665625 0.040457343887423045 0.04375
0 0.39006156552330695 0.63125 0.0395778364116095 0.046875
0 0.3812664907651715 0.5921875 0.0395778364116095 0.05
0 0.36015831134564646 0.53046875 0.027264731750219876 0.0765625
0 0.335971855760774 0.3703125 0.040457343887423045 0.040625
0 0.3227792436235708 0.32109375 0.036939313984168866 0.0453125
0 0.3144239226033421 0.28671875 0.0395778364116095 0.0515625
0 0.306948109058927 0.24921875 0.036939313984168866 0.0453125
0 0.2994722955145119 0.21015625 0.03781882145998241 0.0484375
0 0.29331574318381703 0.17265625 0.04133685136323659 0.0484375
0 0.28408091468777485 0.134375 0.03869832893579595 0.04375
0 0.2783641160949868 0.0984375 0.04309586631486367 0.053125
0 0.2695690413368514 0.065625 0.04309586631486367 0.046875
0 0.25857519788918204 0.02890625 0.04221635883905013 0.0484375