0 0.7005277044854882 0.0203125 0.02198768689533861 0.040625
0 0.7053649956024626 0.41171875 0.018469656992084433 0.0734375
0 0.7651715039577837 0.47421875 0.020228671943711522 0.075
0 0.9437115215479331 0.24296875 0.022867194371152155 0.0703125
0 0.9626209322779243 0.2453125 0.018469656992084433 0.0734375
0 0.9837291116974495 0.2453125 0.020228671943711522 0.0765625
0 0.594547053649956 0.85390625 0.021108179419525065 0.0765625
0 0.6174142480211082 0.85234375 0.023746701846965697 0.0828125
0 0.6411609498680739 0.85 0.021108179419525065 0.0765625
0 0.662269129287599 0.84609375 0.019349164467897976 0.0734375
0 0.683377308707124 0.84296875 0.02198768689533861 0.0796875
0 0.7058047493403694 0.84609375 0.024626209322779244 0.084375
0 0.7251539138082673 0.84765625 0.020228671943711522 0.071875
0 0.7497801231310466 0.84609375 0.024626209322779244 0.0796875
0 0.9432717678100264 0.8453125 0.01759014951627089 0.0703125
0 0.9199648197009674 0.84140625 0.023746701846965697 0.0796875
0 0.9001759014951627 0.840625 0.019349164467897976 0.078125
0 0.8781882145998241 0.8453125 0.016710642040457344 0.0734375
0 0.8566402814423922 0.84921875 0.02198768689533861 0.075
0 0.8337730870712401 0.84609375 0.021108179419525065 0.0703125
0 0.8122251539138082 0.84453125 0.020228671943711522 0.0765625