0 0.8306948109058927 0.17421875 0.044854881266490766 0.0359375
0 0.8298153034300791 0.24765625 0.04573438874230431 0.0328125
0 0.8271767810026385 0.28828125 0.04397537379067722 0.0359375
0 0.8258575197889182 0.32265625 0.044854881266490766 0.0328125
0 0.8218997361477572 0.38125 0.04397537379067722 0.0328125
0 0.7286719437115216 0.23125 0.02198768689533861 0.0703125
0 0.6561125769569042 0.23203125 0.01759014951627089 0.071875
0 0.6798592788038699 0.234375 0.01759014951627089 0.0734375
0 0.7031662269129287 0.228125 0.020228671943711522 0.0765625
0 0.9762532981530343 0.59921875 0.04309586631486367 0.0359375
0 0.9221635883905013 0.59375 0.04397537379067722 0.034375
0 0.8671943711521548 0.590625 0.04133685136323659 0.0328125
0 0.42744063324538256 0.4171875 0.019349164467897976 0.0703125
0 0.16578715919085313 0.11484375 0.024626209322779244 0.0734375
0 0.03825857519788918 0.375 0.022867194371152155 0.08125
0 0.06112576956904134 0.38125 0.0158311345646438 0.075
0 0.0932277924362357 0.83984375 0.026385224274406333 0.084375
0 0.1468777484608619 0.8421875 0.021108179419525065 0.0796875
0 0.1706244503078276 0.84609375 0.021108179419525065 0.084375
0 0.19744942832014073 0.8453125 0.020228671943711522 0.0859375
0 0.256816182937555 0.940625 0.04309586631486367 0.0328125