0 0.13236587510993844 0.103125 0.04133685136323659 0.0359375
0 0.7854001759014951 0.153125 0.021108179419525065 0.075
0 0.7647317502198768 0.1578125 0.02198768689533861 0.078125
0 0.7018469656992085 0.13359375 0.02198768689533861 0.0765625
0 0.6802990325417766 0.1203125 0.022867194371152155 0.071875
0 0.7233948988566403 0.134375 0.021108179419525065 0.0625
0 0.7440633245382586 0.14921875 0.02198768689533861 0.0796875
0 0.617854001759015 0.2109375 0.03518029903254178 0.0375
0 0.6156552330694811 0.35859375 0.04397537379067722 0.040625
0 0.9753737906772207 0.79921875 0.018469656992084433 0.0765625
0 0.9160070360598065 0.7875 0.027264731750219876 0.0828125
0 0.8922603342128408 0.7921875 0.023746701846965697 0.06875
0 0.8689533861037819 0.7875 0.025505716798592787 0.0796875
0 0.8447669305189094 0.77890625 0.022867194371152155 0.0703125
0 0.8236587510993844 0.771875 0.021108179419525065 0.08125
0 0.8007915567282322 0.7703125 0.026385224274406333 0.0796875
0 0.7757255936675461 0.77109375 0.023746701846965697 0.071875
0 0.7097625329815304 0.75546875 0.023746701846965697 0.071875
0 0.6886543535620053 0.75546875 0.02198768689533861 0.078125
0 0.6640281442392261 0.74921875 0.021108179419525065 0.0765625
0 0.6429199648197009 0.7484375 0.024626209322779244 0.08125
0 0.6218117854001759 0.7390625 0.02198768689533861 0.078125
0 0.5985048372911169 0.7359375 0.022867194371152155 0.078125
0 0.5765171503957783 0.73125 0.02198768689533861 0.0703125
0 0.5536499560246262 0.7328125 0.020228671943711522 0.0703125
0 0.530782761653474 0.72734375 0.021108179419525065 0.078125
0 0.5101143359718557 0.721875 0.021108179419525065 0.0765625
0 0.480650835532102 0.7171875 0.02198768689533861 0.0765625
0 0.38698328935795956 0.7171875 0.04573438874230431 0.0390625
0 0.34740545294635006 0.7 0.022867194371152155 0.08125
0 0.3227792436235708 0.69375 0.02198768689533861 0.0765625
0 0.30123131046613894 0.6875 0.021108179419525065 0.0828125
0 0.27880386983289357 0.68515625 0.02198768689533861 0.08125
0 0.25813544415127526 0.6859375 0.024626209322779244 0.0796875
0 0.1741424802110818 0.66328125 0.024626209322779244 0.06875
0 0.13016710642040458 0.6609375 0.022867194371152155 0.0734375
0 0.10817941952506596 0.659375 0.021108179419525065 0.0734375
0 0.08751099384344767 0.65390625 0.023746701846965697 0.075
0 0.06684256816182937 0.64921875 0.022867194371152155 0.075
0 0.04661389621811785 0.65 0.024626209322779244 0.075
0 0.025945470536499562 0.6421875 0.024626209322779244 0.075
0 0.0079155672823219 0.63984375 0.0158311345646438 0.0671875