0 0.7036059806508356 0.11015625 0.040457343887423045 0.0390625
0 0.6653474054529463 0.22265625 0.03869832893579595 0.0359375
0 0.9331574318381706 0.09140625 0.04573438874230431 0.0390625
0 0.9678979771328057 0.0859375 0.027264731750219876 0.0390625
0 0.7664907651715039 0.82890625 0.022867194371152155 0.071875
0 0.6860158311345647 0.82109375 0.020228671943711522 0.0734375
0 0.8201407211961301 0.721875 0.040457343887423045 0.04375
0 0.8117854001759015 0.684375 0.04309586631486367 0.0421875
0 0.8144239226033422 0.64453125 0.03605980650835532 0.034375
0 0.8060686015831134 0.60625 0.04309586631486367 0.040625
0 0.8043095866314863 0.57109375 0.0395778364116095 0.0359375
0 0.8051890941072999 0.53671875 0.04133685136323659 0.0359375
0 0.48328935795954264 0.9828125 0.044854881266490766 0.03125
0 0.4824098504837291 0.94765625 0.04133685136323659 0.0421875
0 0.48328935795954264 0.91171875 0.04133685136323659 0.040625
0 0.4599824098504837 0.028125 0.04309586631486367 0.040625
0 0.4635004397537379 0.18828125 0.044854881266490766 0.0484375
0 0.46262093227792433 0.14453125 0.04397537379067722 0.0421875
0 0.4621811785400176 0.1078125 0.04309586631486367 0.040625
0 0.46262093227792433 0.06796875 0.047493403693931395 0.04375
0 0.4665787159190853 0.2984375 0.04221635883905013 0.04375
0 0.46613896218117856 0.3390625 0.03869832893579595 0.040625
0 0.4656992084432718 0.3765625 0.04133685136323659 0.046875
0 0.4714160070360598 0.53515625 0.03869832893579595 0.0390625
0 0.4731750219876869 0.4921875 0.04133685136323659 0.0421875
0 0.4731750219876869 0.4546875 0.04397537379067722 0.0359375
0 0.46921723834652596 0.41796875 0.040457343887423045 0.0421875
0 0.47713280562884786 0.6453125 0.03869832893579595 0.0359375
0 0.47493403693931396 0.68359375 0.04133685136323659 0.0359375
0 0.47757255936675463 0.72421875 0.0395778364116095 0.0390625
0 0.47845206684256814 0.76171875 0.04221635883905013 0.0328125
0 0.47977132805628847 0.79765625 0.03781882145998241 0.034375
0 0.4810905892700088 0.83359375 0.0395778364116095 0.040625
0 0.4810905892700088 0.87109375 0.04309586631486367 0.0390625