0 0.9388742304309586 0.85703125 0.03518029903254178 0.0734375
0 0.9639401934916447 0.74453125 0.036939313984168866 0.078125
0 0.9709762532981531 0.690625 0.03430079155672823 0.0671875
0 0.8632365875109939 0.64140625 0.0316622691292876 0.075
0 0.8583992963940194 0.36796875 0.03518029903254178 0.08125
0 0.7704485488126649 0.59375 0.04133685136323659 0.0625
0 0.6974494283201407 0.471875 0.04573438874230431 0.0734375
0 0.8812664907651715 0.11484375 0.04661389621811785 0.065625
0 0.8496042216358839 0.05546875 0.04133685136323659 0.0640625
0 0.8368513632365875 0.028125 0.04309586631486367 0.05625
0 0.3197009674582234 0.28671875 0.044854881266490766 0.0640625