0 0.980650835532102 0.1734375 0.021108179419525065 0.0734375
0 0.9560246262093228 0.17421875 0.021108179419525065 0.0796875
0 0.9331574318381706 0.17421875 0.019349164467897976 0.078125
0 0.9098504837291117 0.17734375 0.018469656992084433 0.0734375
0 0.8869832893579596 0.178125 0.02198768689533861 0.0734375
0 0.8641160949868074 0.175 0.020228671943711522 0.0765625
0 0.8443271767810027 0.171875 0.019349164467897976 0.071875
0 0.8188214599824098 0.1734375 0.021108179419525065 0.0734375
0 0.752858399296394 0.171875 0.019349164467897976 0.075
0 0.7304309586631487 0.16953125 0.018469656992084433 0.065625
0 0.7088830255057168 0.1671875 0.01759014951627089 0.071875
0 0.6838170624450308 0.17265625 0.018469656992084433 0.0625
0 0.6169744942832014 0.16796875 0.018469656992084433 0.06875
0 0.6411609498680739 0.16953125 0.021108179419525065 0.0734375
0 0.6635883905013192 0.17421875 0.016710642040457344 0.078125
0 0.5514511873350924 0.1734375 0.01759014951627089 0.075
0 0.5299032541776605 0.16796875 0.018469656992084433 0.075
0 0.5057167985927881 0.16796875 0.01759014951627089 0.0734375
0 0.4859278803869833 0.165625 0.016710642040457344 0.0734375
0 0.46437994722955145 0.16875 0.0158311345646438 0.0703125
0 0.4441512752858399 0.16953125 0.0158311345646438 0.0734375
0 0.420844327176781 0.1671875 0.020228671943711522 0.0734375
0 0.39841688654353563 0.165625 0.014951627088830254 0.065625
0 0.3759894459102902 0.16484375 0.019349164467897976 0.071875
0 0.35224274406332456 0.16328125 0.0158311345646438 0.0765625
0 0.3258575197889182 0.16484375 0.01759014951627089 0.075
0 0.23306948109058928 0.1453125 0.04397537379067722 0.034375
0 0.193051890941073 0.1546875 0.019349164467897976 0.075
0 0.16886543535620052 0.1578125 0.018469656992084433 0.0765625
0 0.1468777484608619 0.1609375 0.018469656992084433 0.071875
0 0.10334212840809147 0.15546875 0.019349164467897976 0.0703125
0 0.1248900615655233 0.159375 0.018469656992084433 0.0796875
0 0.017150395778364115 0.1578125 0.019349164467897976 0.0640625
0 0.7779243623570801 0.5515625 0.013192612137203167 0.0578125
0 0.5936675461741425 0.77734375 0.018469656992084433 0.0734375
0 0.5738786279683378 0.77265625 0.0158311345646438 0.06875
0 0.5527704485488126 0.77421875 0.01759014951627089 0.0765625
0 0.5329815303430079 0.78828125 0.018469656992084433 0.059375
0 0.48768689533861037 0.79140625 0.019349164467897976 0.06875
0 0.5101143359718557 0.7796875 0.016710642040457344 0.075
0 0.43271767810026385 0.68984375 0.03342128408091469 0.0328125
0 0.4410729991204925 0.5421875 0.04221635883905013 0.0328125
0 0.8390501319261213 0.6265625 0.022867194371152155 0.0734375