0 0.37467018469656993 0.94375 0.032541776605101144 0.078125
0 0.5008795074758136 0.74921875 0.04309586631486367 0.0515625
0 0.4683377308707124 0.8703125 0.030782761653474055 0.0828125
0 0.44371152154793314 0.8859375 0.029023746701846966 0.0796875
0 0.4234828496042216 0.90546875 0.028144239226033423 0.0734375
0 0.4766930518909411 0.43515625 0.03781882145998241 0.046875
0 0.4687774846086192 0.403125 0.03869832893579595 0.0515625
0 0.45910290237467016 0.36640625 0.04309586631486367 0.0515625
0 0.4520668425681618 0.3328125 0.036939313984168866 0.05
0 0.4415127528583993 0.2953125 0.0395778364116095 0.05
0 0.42963940193491645 0.2578125 0.04133685136323659 0.0546875
0 0.42216358839050133 0.22109375 0.044854881266490766 0.0546875
0 0.4129287598944591 0.18515625 0.0395778364116095 0.05
0 0.4023746701846966 0.15625 0.044854881266490766 0.053125
0 0.3913808267370273 0.11875 0.0395778364116095 0.0546875
0 0.3729111697449428 0.0453125 0.03781882145998241 0.0546875
0 0.17150395778364116 0.9546875 0.04221635883905013 0.053125
0 0.12049252418645559 0.83984375 0.0316622691292876 0.0859375
0 0.14204045734388743 0.8203125 0.02990325417766051 0.078125
0 0.16226912928759896 0.8 0.0316622691292876 0.0796875