0 0.4665787159190853 0.90625 0.024626209322779244 0.0625
0 0.559806508355321 0.63671875 0.02198768689533861 0.0828125
0 0.5839929639401935 0.63515625 0.022867194371152155 0.0765625
0 0.6253298153034301 0.6296875 0.021108179419525065 0.0765625
0 0.6684256816182937 0.62890625 0.019349164467897976 0.0796875
0 0.6926121372031663 0.62109375 0.020228671943711522 0.0703125
0 0.7286719437115216 0.540625 0.036939313984168866 0.0328125
0 0.8676341248900615 0.29453125 0.04309586631486367 0.040625
0 0.9670184696569921 0.28984375 0.04133685136323659 0.034375
0 0.8878627968337731 0.6375 0.04661389621811785 0.0390625
0 0.33773087071240104 0.09140625 0.04309586631486367 0.034375
0 0.3992963940193492 0.1828125 0.022867194371152155 0.0859375
0 0.42656112576956906 0.18125 0.019349164467897976 0.0890625
0 0.45382585751978893 0.17890625 0.021108179419525065 0.0796875
0 0.5074758135444152 0.1765625 0.022867194371152155 0.084375
0 0.7080035180299032 0.01953125 0.04573438874230431 0.034375