0 0.5175901495162709 0.95859375 0.026385224274406333 0.08125
0 0.544415127528584 0.96640625 0.028144239226033423 0.0640625
0 0.5686015831134564 0.9765625 0.023746701846965697 0.04375
0 0.6169744942832014 0.98984375 0.025505716798592787 0.0171875
0 0.480650835532102 0.84453125 0.040457343887423045 0.0484375
0 0.8183817062445031 0.846875 0.028144239226033423 0.075
0 0.8157431838170625 0.9859375 0.0395778364116095 0.025
0 0.8632365875109939 0.8796875 0.02990325417766051 0.0734375
0 0.8408091468777484 0.86484375 0.027264731750219876 0.06875
0 0.48768689533861037 0.53125 0.040457343887423045 0.0421875
0 0.49604221635883905 0.4953125 0.03869832893579595 0.0453125
0 0.5013192612137203 0.45859375 0.040457343887423045 0.05
0 0.5092348284960422 0.4234375 0.03342128408091469 0.0390625
0 0.5158311345646438 0.3859375 0.03869832893579595 0.046875
0 0.5263852242744064 0.35078125 0.03869832893579595 0.0453125
0 0.5316622691292876 0.315625 0.044854881266490766 0.046875
0 0.5417766051011433 0.27734375 0.03605980650835532 0.04375
0 0.5479331574318381 0.2453125 0.040457343887423045 0.0453125
0 0.55584872471416 0.20703125 0.0395778364116095 0.04375
0 0.5708003518029904 0.1328125 0.03518029903254178 0.04375
0 0.24142480211081793 0.04921875 0.024626209322779244 0.0734375