0 0.40413368513632364 0.425 0.024626209322779244 0.078125
0 0.6517150395778364 0.13828125 0.024626209322779244 0.0765625
0 0.7700087950747582 0.38671875 0.026385224274406333 0.084375
0 0.7955145118733509 0.37890625 0.02198768689533861 0.078125
0 0.8364116094986808 0.37421875 0.026385224274406333 0.078125
0 0.8773087071240105 0.3640625 0.022867194371152155 0.078125
0 0.9014951627088831 0.3703125 0.021108179419525065 0.075
0 0.658311345646438 0.88046875 0.026385224274406333 0.0890625
0 0.6851363236587511 0.87578125 0.025505716798592787 0.0921875
0 0.7084432717678101 0.865625 0.024626209322779244 0.078125
0 0.7638522427440633 0.8578125 0.02990325417766051 0.0953125
0 0.13984168865435356 0.3421875 0.023746701846965697 0.078125
0 0.013632365875109938 0.51171875 0.027264731750219876 0.0390625
0 0.011433597185576077 0.4515625 0.022867194371152155 0.0375
0 0.004837291116974494 0.303125 0.009674582233948988 0.0375
0 0.007475813544415127 0.38125 0.014951627088830254 0.040625
0 0.009674582233948988 0.4171875 0.019349164467897976 0.040625
0 0.0919085312225154 0.34765625 0.023746701846965697 0.0734375
0 0.11565523306948108 0.3359375 0.022867194371152155 0.0734375
0 0.10378188214599825 0.125 0.023746701846965697 0.0640625
0 0.1627088830255057 0.3328125 0.021108179419525065 0.078125
0 0.08443271767810026 0.1359375 0.022867194371152155 0.078125
0 0.9463500439753738 0.440625 0.040457343887423045 0.0390625