0 0.544415127528584 0.04765625 0.029023746701846966 0.084375
0 0.5716798592788038 0.04296875 0.029023746701846966 0.0671875
0 0.5958663148636764 0.0375 0.023746701846965697 0.0484375
0 0.6451187335092349 0.0328125 0.025505716798592787 0.0234375
0 0.5013192612137203 0.15390625 0.04133685136323659 0.053125
0 0.8372911169744943 0.2140625 0.030782761653474055 0.078125
0 0.8430079155672823 0.0703125 0.040457343887423045 0.040625
0 0.8834652594547053 0.1890625 0.032541776605101144 0.0765625
0 0.8605980650835532 0.20078125 0.02990325417766051 0.0703125
0 0.48988566402814426 0.4671875 0.04221635883905013 0.046875
0 0.49604221635883905 0.50390625 0.040457343887423045 0.05
0 0.49868073878627966 0.54140625 0.04221635883905013 0.0546875
0 0.5043975373790677 0.57734375 0.03518029903254178 0.0421875
0 0.5087950747581355 0.61640625 0.040457343887423045 0.0515625
0 0.5175901495162709 0.653125 0.040457343887423045 0.05
0 0.5206684256816183 0.6890625 0.04661389621811785 0.0515625
0 0.5285839929639402 0.7296875 0.03781882145998241 0.046875
0 0.5325417766051012 0.7625 0.04221635883905013 0.05
0 0.5382585751978892 0.8015625 0.04133685136323659 0.0484375
0 0.5488126649076517 0.87890625 0.036939313984168866 0.046875
0 0.21635883905013192 0.90078125 0.027264731750219876 0.0765625