0 0.7889182058047494 0.16953125 0.022867194371152155 0.06875
0 0.8865435356200527 0.44296875 0.019349164467897976 0.078125
0 0.9089709762532981 0.4421875 0.02198768689533861 0.08125
0 0.9494283201407212 0.4484375 0.023746701846965697 0.078125
0 0.9885664028144239 0.446875 0.021108179419525065 0.084375
0 0.7370272647317502 0.89921875 0.022867194371152155 0.0875
0 0.7629727352682498 0.90078125 0.020228671943711522 0.084375
0 0.7884784520668425 0.89921875 0.020228671943711522 0.0765625
0 0.8421284080914688 0.9 0.025505716798592787 0.084375
0 0.6741424802110818 0.98515625 0.044854881266490766 0.0265625
0 0.5189094107299912 0.4390625 0.01759014951627089 0.0703125
0 0.22383465259454705 0.234375 0.019349164467897976 0.0671875
0 0.24670184696569922 0.2359375 0.019349164467897976 0.059375
0 0.27088830255057167 0.24140625 0.018469656992084433 0.071875
0 0.2941952506596306 0.23671875 0.019349164467897976 0.0671875
0 0.23175021987686895 0.03359375 0.018469656992084433 0.0671875
0 0.25021987686895336 0.02734375 0.018469656992084433 0.0546875
0 0.12225153913808268 0.1671875 0.0395778364116095 0.040625
0 0.12005277044854881 0.24296875 0.0395778364116095 0.0296875
0 0.12269129287598944 0.27890625 0.04221635883905013 0.0359375
0 0.1218117854001759 0.3140625 0.044854881266490766 0.034375
0 0.12445030782761654 0.37421875 0.04573438874230431 0.0359375
0 0.01978891820580475 0.57890625 0.0395778364116095 0.0359375
0 0.06992084432717678 0.57734375 0.04309586631486367 0.0328125