0 0.6543535620052771 0.69140625 0.024626209322779244 0.0671875
0 0.575197889182058 0.64921875 0.026385224274406333 0.0734375
0 0.6882145998240985 0.82734375 0.03781882145998241 0.0453125
0 0.6754617414248021 0.86015625 0.040457343887423045 0.0453125
0 0.667985927880387 0.9015625 0.03605980650835532 0.04375
0 0.6543535620052771 0.93203125 0.04221635883905013 0.0546875
0 0.6468777484608619 0.965625 0.04133685136323659 0.046875
0 0.6424802110817942 0.98515625 0.04133685136323659 0.0265625
0 0.49120492524186454 0.01171875 0.048372911169744945 0.0203125
0 0.48636763412489004 0.034375 0.04221635883905013 0.040625
0 0.47537379067722074 0.07109375 0.03781882145998241 0.0484375
0 0.46701846965699206 0.10703125 0.040457343887423045 0.0453125
0 0.44547053649956025 0.16875 0.025505716798592787 0.078125
0 0.420844327176781 0.32578125 0.03781882145998241 0.0421875
0 0.4094107299912049 0.3734375 0.03605980650835532 0.040625
0 0.4045734388742304 0.4109375 0.040457343887423045 0.046875
0 0.39797713280562885 0.446875 0.0395778364116095 0.04375
0 0.3887423043095866 0.48359375 0.040457343887423045 0.0453125
0 0.3817062445030783 0.5203125 0.036939313984168866 0.04375
0 0.37423043095866315 0.55625 0.03781882145998241 0.04375
0 0.3671943711521548 0.58984375 0.04133685136323659 0.0484375
0 0.3575197889182058 0.6234375 0.0395778364116095 0.046875
0 0.34784520668425684 0.66015625 0.04309586631486367 0.0421875
0 0.341688654353562 0.69765625 0.0395778364116095 0.0421875
0 0.31618293755496923 0.80390625 0.03605980650835532 0.0421875
0 0.30914687774846084 0.84609375 0.0395778364116095 0.0453125
0 0.3021108179419525 0.8828125 0.04133685136323659 0.05
0 0.29243623570800353 0.9171875 0.03781882145998241 0.04375
0 0.28100263852242746 0.9546875 0.03781882145998241 0.05
0 0.27880386983289357 0.9828125 0.04221635883905013 0.03125