0 0.2959542656112577 0.090625 0.020228671943711522 0.071875
0 0.2717678100263852 0.5640625 0.020228671943711522 0.0796875
0 0.3276165347405453 0.4890625 0.019349164467897976 0.0734375
0 0.4762532981530343 0.89609375 0.020228671943711522 0.0734375
0 0.45382585751978893 0.8984375 0.022867194371152155 0.084375
0 0.43051890941073 0.903125 0.020228671943711522 0.0796875
0 0.4080914687774846 0.90546875 0.021108179419525065 0.075
0 0.3865435356200528 0.9140625 0.021108179419525065 0.08125
0 0.3658751099384345 0.91875 0.023746701846965697 0.0828125
0 0.34520668425681617 0.92578125 0.02198768689533861 0.0765625
0 0.3232189973614776 0.9328125 0.022867194371152155 0.0765625
0 0.04529463500439754 0.98203125 0.025505716798592787 0.0328125
0 0.06772207563764292 0.97734375 0.026385224274406333 0.0421875
0 0.13060686015831136 0.97109375 0.023746701846965697 0.0546875
0 0.1534740545294635 0.96640625 0.025505716798592787 0.0640625
0 0.17370272647317503 0.9609375 0.02198768689533861 0.075
0 0.19569041336851364 0.96328125 0.02198768689533861 0.0703125
0 0.21899736147757257 0.9625 0.022867194371152155 0.06875
0 0.24010554089709762 0.9546875 0.020228671943711522 0.0734375
0 0.2598944591029024 0.94609375 0.020228671943711522 0.0796875
0 0.07783641160949868 0.39140625 0.024626209322779244 0.0734375
0 0.058927000879507474 0.39921875 0.020228671943711522 0.0703125
0 0.03869832893579595 0.403125 0.022867194371152155 0.0765625
0 0.018909410729991204 0.396875 0.02198768689533861 0.065625