0 0.6262093227792436 0.81171875 0.027264731750219876 0.08125
0 0.7779243623570801 0.78203125 0.027264731750219876 0.0796875
0 0.7572559366754618 0.784375 0.024626209322779244 0.0796875
0 0.7348284960422163 0.7875 0.026385224274406333 0.08125
0 0.7115215479331575 0.7890625 0.027264731750219876 0.08125
0 0.6917326297273527 0.79609375 0.022867194371152155 0.075
0 0.6706244503078276 0.7984375 0.025505716798592787 0.0828125
0 0.6468777484608619 0.8046875 0.025505716798592787 0.078125
0 0.7115215479331575 0.3515625 0.023746701846965697 0.0828125
0 0.776165347405453 0.40546875 0.022867194371152155 0.078125
0 0.94415127528584 0.14765625 0.022867194371152155 0.075
0 0.9639401934916447 0.14765625 0.02198768689533861 0.078125
0 0.8425681618293756 0.76953125 0.023746701846965697 0.08125
0 0.9736147757255936 0.746875 0.022867194371152155 0.0734375
0 0.9498680738786279 0.74765625 0.026385224274406333 0.0765625
0 0.9283201407211962 0.75 0.02198768689533861 0.075
0 0.9080914687774846 0.75625 0.021108179419525065 0.06875
0 0.8856640281442393 0.7640625 0.022867194371152155 0.0765625
0 0.864995602462621 0.76796875 0.024626209322779244 0.06875