0 0.22823218997361477 0.2984375 0.027264731750219876 0.078125
0 0.5026385224274407 0.01875 0.040457343887423045 0.0359375
0 0.5079155672823219 0.04609375 0.040457343887423045 0.05
0 0.5167106420404574 0.08046875 0.03518029903254178 0.0453125
0 0.5224274406332454 0.11328125 0.03781882145998241 0.0453125
0 0.5316622691292876 0.1484375 0.03781882145998241 0.04375
0 0.5479331574318381 0.22109375 0.03430079155672823 0.046875
0 0.5795954265611257 0.36171875 0.0395778364116095 0.0453125
0 0.5879507475813545 0.39765625 0.040457343887423045 0.05
0 0.5936675461741425 0.43671875 0.04133685136323659 0.046875
0 0.604221635883905 0.47109375 0.0395778364116095 0.046875
0 0.6143359718557607 0.51171875 0.04397537379067722 0.0515625
0 0.6376429199648197 0.5703125 0.027264731750219876 0.075
0 0.6631486367634125 0.73203125 0.04221635883905013 0.053125
0 0.6767810026385225 0.77890625 0.03869832893579595 0.0484375
0 0.6855760773966578 0.81484375 0.03605980650835532 0.0515625
0 0.6917326297273527 0.85078125 0.03605980650835532 0.046875
0 0.7005277044854882 0.89296875 0.040457343887423045 0.046875
0 0.7080035180299032 0.9265625 0.0395778364116095 0.0484375
0 0.7159190853122251 0.96484375 0.04309586631486367 0.05