0 0.2075637642919965 0.17890625 0.023746701846965697 0.0703125
0 0.11257695690413369 0.45546875 0.020228671943711522 0.0796875
0 0.0901495162708883 0.4546875 0.022867194371152155 0.0828125
0 0.05013192612137203 0.4625 0.024626209322779244 0.0796875
0 0.011433597185576077 0.46328125 0.022867194371152155 0.0859375
0 0.2669305189094107 0.90703125 0.023746701846965697 0.0890625
0 0.24098504837291118 0.90859375 0.021108179419525065 0.0859375
0 0.2154793315743184 0.9078125 0.021108179419525065 0.078125
0 0.16182937554969218 0.91015625 0.026385224274406333 0.0859375
0 0.3311345646437995 0.9875 0.04661389621811785 0.021875
0 0.48021108179419525 0.43984375 0.018469656992084433 0.071875
0 0.7735268249780123 0.22578125 0.019349164467897976 0.06875
0 0.7506596306068601 0.228125 0.019349164467897976 0.0609375
0 0.7264731750219877 0.234375 0.019349164467897976 0.0734375
0 0.7031662269129287 0.23046875 0.019349164467897976 0.06875
0 0.7634124890061565 0.03046875 0.019349164467897976 0.0609375
0 0.7462620932277925 0.0234375 0.018469656992084433 0.046875
0 0.8742304309586632 0.15546875 0.040457343887423045 0.0421875
0 0.8777484608619174 0.23125 0.040457343887423045 0.03125
0 0.8751099384344767 0.2671875 0.04309586631486367 0.0375
0 0.876429199648197 0.30234375 0.04573438874230431 0.0359375
0 0.8742304309586632 0.3625 0.04661389621811785 0.0375
0 0.9797713280562885 0.56484375 0.03869832893579595 0.0390625
0 0.93051890941073 0.5640625 0.04397537379067722 0.034375