0 0.7449428320140721 0.19375 0.040457343887423045 0.040625
0 0.6943711521547933 0.28984375 0.0395778364116095 0.0375
0 0.9714160070360598 0.26015625 0.04573438874230431 0.0421875
0 0.9956024626209323 0.26796875 0.007036059806508356 0.0421875
0 0.7220756376429199 0.9203125 0.023746701846965697 0.071875
0 0.644678979771328 0.8828125 0.021108179419525065 0.075
0 0.787598944591029 0.83515625 0.04133685136323659 0.0453125
0 0.783641160949868 0.7953125 0.04309586631486367 0.0453125
0 0.7906772207563765 0.7578125 0.03605980650835532 0.0375
0 0.7871591908531222 0.7171875 0.04309586631486367 0.04375
0 0.7893579595426561 0.68203125 0.040457343887423045 0.0375
0 0.7941952506596306 0.6484375 0.04221635883905013 0.0375
0 0.42656112576956906 0.96875 0.04397537379067722 0.040625
0 0.43051890941073 0.93125 0.04133685136323659 0.04375
0 0.43535620052770446 0.896875 0.04133685136323659 0.0421875
0 0.5162708883025505 0.0234375 0.04309586631486367 0.04375
0 0.5008795074758136 0.18125 0.04573438874230431 0.0515625
0 0.5052770448548812 0.13828125 0.04397537379067722 0.0453125
0 0.5087950747581355 0.10234375 0.04309586631486367 0.04375
0 0.51363236587511 0.0640625 0.048372911169744945 0.046875
0 0.49120492524186454 0.290625 0.04309586631486367 0.0453125
0 0.48548812664907653 0.3296875 0.03869832893579595 0.0421875
0 0.480650835532102 0.36640625 0.04221635883905013 0.0484375
0 0.4678979771328056 0.5234375 0.03869832893579595 0.040625
0 0.4744942832014072 0.4828125 0.04133685136323659 0.04375
0 0.4788918205804749 0.44609375 0.044854881266490766 0.0390625
0 0.4793315743183817 0.4078125 0.040457343887423045 0.04375
0 0.4604221635883905 0.63359375 0.0395778364116095 0.0375
0 0.4542656112576957 0.6703125 0.04221635883905013 0.0375
0 0.45162708883025504 0.7109375 0.0395778364116095 0.040625
0 0.44810905892700087 0.74765625 0.04309586631486367 0.0359375
0 0.44547053649956025 0.784375 0.03869832893579595 0.0359375
0 0.44239226033421286 0.81953125 0.0395778364116095 0.0421875
0 0.43799472295514513 0.85546875 0.04309586631486367 0.0421875