0 0.46437994722955145 0.04453125 0.028144239226033423 0.0828125
0 0.43755496921723835 0.0390625 0.028144239226033423 0.0671875
0 0.4129287598944591 0.03203125 0.022867194371152155 0.046875
0 0.3641160949868074 0.0234375 0.025505716798592787 0.021875
0 0.5057167985927881 0.15390625 0.04133685136323659 0.05
0 0.16842568161829374 0.19375 0.029023746701846966 0.0765625
0 0.16578715919085313 0.04921875 0.0395778364116095 0.0375
0 0.12269129287598944 0.165625 0.030782761653474055 0.075
0 0.1455584872471416 0.17890625 0.028144239226033423 0.0703125
0 0.5109938434476693 0.46796875 0.04133685136323659 0.04375
0 0.503957783641161 0.5046875 0.0395778364116095 0.046875
0 0.5004397537379067 0.54140625 0.04133685136323659 0.0515625
0 0.4938434476693052 0.57734375 0.03430079155672823 0.040625
0 0.4890061565523307 0.61640625 0.0395778364116095 0.0484375
0 0.4793315743183817 0.65234375 0.0395778364116095 0.046875
0 0.47537379067722074 0.6875 0.04573438874230431 0.05
0 0.46701846965699206 0.72734375 0.036939313984168866 0.0453125
0 0.4621811785400176 0.76015625 0.04133685136323659 0.046875
0 0.45602462620932277 0.79921875 0.040457343887423045 0.0453125
0 0.44371152154793314 0.875 0.03605980650835532 0.0453125
0 0.7757255936675461 0.91796875 0.025505716798592787 0.075