0 0.7871591908531222 0.7484375 0.030782761653474055 0.078125
0 0.45118733509234826 0.04140625 0.03430079155672823 0.0734375
0 0.5057167985927881 0.98046875 0.040457343887423045 0.0359375
0 0.49560246262093227 0.959375 0.03869832893579595 0.05
0 0.47537379067722074 0.88984375 0.036939313984168866 0.0515625
0 0.43271767810026385 0.75546875 0.04221635883905013 0.0546875
0 0.42436235708003517 0.72265625 0.04661389621811785 0.0609375
0 0.415127528583993 0.68828125 0.04309586631486367 0.053125
0 0.401495162708883 0.65703125 0.04309586631486367 0.05625
0 0.3896218117854002 0.6203125 0.04309586631486367 0.059375
0 0.3641160949868074 0.56484375 0.03342128408091469 0.0828125
0 0.3276165347405453 0.4125 0.04309586631486367 0.05
0 0.31046613896218117 0.36640625 0.040457343887423045 0.0546875
0 0.2994722955145119 0.334375 0.04309586631486367 0.0609375
0 0.28935795954265614 0.29921875 0.040457343887423045 0.0546875
0 0.27880386983289357 0.2625 0.04133685136323659 0.0578125
0 0.2695690413368514 0.2265625 0.044854881266490766 0.0578125
0 0.25769569041336854 0.19140625 0.04133685136323659 0.053125
0 0.24890061565523308 0.15703125 0.04661389621811785 0.0625
0 0.23790677220756376 0.1265625 0.04661389621811785 0.0578125
0 0.22383465259454705 0.09296875 0.04573438874230431 0.0578125