0 0.37994722955145116 0.81953125 0.025505716798592787 0.0796875
0 0.227792436235708 0.79921875 0.026385224274406333 0.078125
0 0.2484608619173263 0.8 0.023746701846965697 0.078125
0 0.27088830255057167 0.80234375 0.024626209322779244 0.0796875
0 0.2941952506596306 0.8015625 0.025505716798592787 0.0796875
0 0.3144239226033421 0.8078125 0.02198768689533861 0.075
0 0.3355321020228672 0.80859375 0.023746701846965697 0.08125
0 0.3592788038698329 0.8140625 0.024626209322779244 0.0765625
0 0.2854001759014952 0.36484375 0.02198768689533861 0.0828125
0 0.22207563764291996 0.42265625 0.02198768689533861 0.078125
0 0.04925241864555849 0.17578125 0.02198768689533861 0.075
0 0.029023746701846966 0.1765625 0.021108179419525065 0.078125
0 0.16314863676341249 0.790625 0.02198768689533861 0.08125
0 0.031222515391380826 0.7765625 0.02198768689533861 0.0734375
0 0.055408970976253295 0.775 0.025505716798592787 0.075
0 0.07695690413368514 0.77578125 0.021108179419525065 0.075
0 0.09718557607739665 0.78125 0.019349164467897976 0.06875
0 0.12005277044854881 0.78828125 0.02198768689533861 0.0765625
0 0.14072119613016712 0.790625 0.023746701846965697 0.0671875