0 0.697009674582234 0.028125 0.02198768689533861 0.05625
0 0.7321899736147758 0.41640625 0.022867194371152155 0.0828125
0 0.6767810026385225 0.496875 0.021108179419525065 0.078125
0 0.47977132805628847 0.31640625 0.024626209322779244 0.0703125
0 0.4604221635883905 0.3265625 0.019349164467897976 0.078125
0 0.4415127528583993 0.3328125 0.024626209322779244 0.0859375
0 0.41996481970096744 0.32421875 0.019349164467897976 0.0640625
0 0.39797713280562885 0.33671875 0.025505716798592787 0.075
0 0.37467018469656993 0.32890625 0.023746701846965697 0.078125
0 0.32497801231310464 0.4375 0.040457343887423045 0.0390625
0 0.3434476693051891 0.58359375 0.04397537379067722 0.0375
0 0.41160949868073876 0.07109375 0.019349164467897976 0.0703125
0 0.12708883025505716 0.98828125 0.029023746701846966 0.0203125
0 0.8970976253298153 0.83203125 0.024626209322779244 0.0765625
0 0.8768689533861038 0.8375 0.023746701846965697 0.0828125
0 0.8531222515391381 0.840625 0.023746701846965697 0.084375
0 0.8293755496921724 0.84609375 0.023746701846965697 0.0796875
0 0.7396657871591908 0.86953125 0.025505716798592787 0.0828125
0 0.6754617414248021 0.8859375 0.023746701846965697 0.0859375
0 0.8065083553210203 0.84921875 0.024626209322779244 0.0765625
0 0.7862796833773087 0.859375 0.02198768689533861 0.0796875
0 0.7642919964819701 0.86328125 0.02198768689533861 0.0765625
0 0.47713280562884786 0.9296875 0.02198768689533861 0.075
0 0.45646437994722955 0.93984375 0.023746701846965697 0.08125
0 0.4331574318381706 0.93984375 0.021108179419525065 0.078125
0 0.4124890061565523 0.94765625 0.022867194371152155 0.0796875
0 0.391820580474934 0.95234375 0.020228671943711522 0.075
0 0.3702726473175022 0.95546875 0.021108179419525065 0.0796875
0 0.3482849604221636 0.96171875 0.022867194371152155 0.0734375
0 0.256816182937555 0.975 0.024626209322779244 0.046875
0 0.2832014072119613 0.97109375 0.021108179419525065 0.0546875
0 0.3051890941072999 0.9671875 0.022867194371152155 0.0625
0 0.3276165347405453 0.965625 0.023746701846965697 0.065625
0 0.6539138082673702 0.89296875 0.021108179419525065 0.0703125
0 0.6323658751099385 0.89921875 0.022867194371152155 0.075
0 0.6072999120492524 0.903125 0.022867194371152155 0.0703125
0 0.5879507475813545 0.90234375 0.02198768689533861 0.0796875
0 0.5668425681618294 0.9109375 0.024626209322779244 0.0796875
0 0.5422163588390502 0.91953125 0.022867194371152155 0.065625