0 0.5224274406332454 0.746875 0.027264731750219876 0.075
0 0.6015831134564644 0.8015625 0.025505716798592787 0.0671875
0 0.6292875989445911 0.94140625 0.04221635883905013 0.05625
0 0.6125769569041337 0.97265625 0.04133685136323659 0.0515625
0 0.6064204045734388 0.99140625 0.03605980650835532 0.0140625
0 0.4129287598944591 0.24765625 0.02990325417766051 0.08125
0 0.4736147757255937 0.04765625 0.044854881266490766 0.05
0 0.46701846965699206 0.084375 0.04309586631486367 0.053125
0 0.45822339489885666 0.12109375 0.03869832893579595 0.04375
0 0.4476693051890941 0.15390625 0.04133685136323659 0.0484375
0 0.436235708003518 0.19140625 0.04309586631486367 0.0546875
0 0.3830255057167986 0.4046875 0.04133685136323659 0.05
0 0.36939313984168864 0.4515625 0.036939313984168866 0.05
0 0.36147757255936674 0.4890625 0.04397537379067722 0.0546875
0 0.351363236587511 0.52109375 0.03869832893579595 0.0421875
0 0.34300791556728233 0.55859375 0.04221635883905013 0.0515625
0 0.33509234828496043 0.59375 0.04309586631486367 0.0515625
0 0.3245382585751979 0.62734375 0.04397537379067722 0.0484375
0 0.3131046613896218 0.6625 0.04221635883905013 0.05
0 0.30606860158311344 0.69921875 0.04133685136323659 0.053125
0 0.2955145118733509 0.73515625 0.04221635883905013 0.053125
0 0.28715919085312225 0.76796875 0.03869832893579595 0.0515625
0 0.256816182937555 0.8734375 0.03605980650835532 0.04375
0 0.24890061565523308 0.91328125 0.040457343887423045 0.0546875
0 0.24274406332453827 0.94609375 0.04661389621811785 0.0484375