0 0.006156552330694811 0.78203125 0.012313104661389622 0.0703125
0 0.07211961301671065 0.896875 0.03342128408091469 0.071875
0 0.04397537379067722 0.7875 0.03518029903254178 0.075
0 0.03518029903254178 0.734375 0.032541776605101144 0.065625
0 0.14116094986807387 0.675 0.02990325417766051 0.071875
0 0.13808267370272648 0.4015625 0.03342128408091469 0.0796875
0 0.2326297273526825 0.61875 0.040457343887423045 0.059375
0 0.3016710642040457 0.490625 0.04397537379067722 0.0703125
0 0.10817941952506596 0.15078125 0.044854881266490766 0.0625
0 0.13808267370272648 0.08828125 0.040457343887423045 0.0609375
0 0.14951627088830255 0.0546875 0.040457343887423045 0.0625
0 0.673702726473175 0.2703125 0.04397537379067722 0.0609375