0 0.6376429199648197 0.27265625 0.02990325417766051 0.071875
0 0.5628847845206685 0.33359375 0.0316622691292876 0.0796875
0 0.6609498680738787 0.1296875 0.04133685136323659 0.0546875
0 0.6455584872471416 0.1 0.04397537379067722 0.0546875
0 0.635004397537379 0.0609375 0.03869832893579595 0.0515625
0 0.6191732629727352 0.034375 0.04573438874230431 0.0640625
0 0.6094986807387863 0.015625 0.04573438874230431 0.03125
0 0.5299032541776605 0.98359375 0.05013192612137203 0.0296875
0 0.5228671943711521 0.96484375 0.044854881266490766 0.05
0 0.5092348284960422 0.93046875 0.04133685136323659 0.0578125
0 0.4982409850483729 0.89765625 0.04397537379067722 0.0546875
0 0.47185576077396657 0.84140625 0.0316622691292876 0.084375
0 0.43535620052770446 0.6921875 0.040457343887423045 0.0515625
0 0.4204045734388742 0.64765625 0.03869832893579595 0.0484375
0 0.4124890061565523 0.61171875 0.04397537379067722 0.05625
0 0.40325417766051014 0.578125 0.04221635883905013 0.053125
0 0.3909410729991205 0.54375 0.04397537379067722 0.0546875
0 0.3812664907651715 0.509375 0.0395778364116095 0.053125
0 0.37115215479331576 0.47578125 0.040457343887423045 0.053125
0 0.36147757255936674 0.44375 0.044854881266490766 0.0578125
0 0.3491644678979771 0.41328125 0.04309586631486367 0.05625
0 0.3368513632365875 0.37890625 0.04573438874230431 0.053125
0 0.3276165347405453 0.34375 0.04221635883905013 0.0515625
0 0.2941952506596306 0.24453125 0.03869832893579595 0.05
0 0.28408091468777485 0.2046875 0.04309586631486367 0.0546875
0 0.27396657871591906 0.16953125 0.044854881266490766 0.059375
0 0.2616534740545295 0.13828125 0.040457343887423045 0.053125
0 0.24758135444151275 0.10390625 0.04133685136323659 0.059375
0 0.24274406332453827 0.07578125 0.04309586631486367 0.0421875