0 0.9102902374670184 0.075 0.025505716798592787 0.084375
0 0.951627088830255 0.05859375 0.025505716798592787 0.078125
0 0.8592788038698329 0.86015625 0.020228671943711522 0.0734375
0 0.8878627968337731 0.6921875 0.048372911169744945 0.046875
0 0.8830255057167986 0.6546875 0.04133685136323659 0.04375
0 0.8799472295514512 0.6140625 0.04133685136323659 0.0390625
0 0.6116974494283202 0.18515625 0.04221635883905013 0.0375
0 0.46965699208443273 0.4515625 0.04221635883905013 0.0390625
0 0.4160070360598065 0.4703125 0.044854881266490766 0.0484375
0 0.3627968337730871 0.47890625 0.04133685136323659 0.0375
0 0.33465259454705365 0.8953125 0.024626209322779244 0.0359375
0 0.3337730870712401 0.82265625 0.023746701846965697 0.0296875
0 0.3280562884784521 0.784375 0.025505716798592787 0.0328125
0 0.3258575197889182 0.7484375 0.027264731750219876 0.0375
0 0.31926121372031663 0.69296875 0.025505716798592787 0.03125
0 0.21635883905013192 0.86015625 0.023746701846965697 0.0765625
0 0.1943711521547933 0.8578125 0.021108179419525065 0.06875
0 0.17106420404573439 0.86640625 0.021108179419525065 0.075
0 0.24098504837291118 0.853125 0.022867194371152155 0.0734375
0 0.8548812664907651 0.78828125 0.023746701846965697 0.0765625