0 0.27660510114335973 0.7375 0.021108179419525065 0.075
0 0.3227792436235708 0.7296875 0.020228671943711522 0.0765625
0 0.1521547933157432 0.22890625 0.04397537379067722 0.0453125
0 0.014072119613016711 0.13359375 0.01759014951627089 0.0734375
0 0.03430079155672823 0.95234375 0.02198768689533861 0.071875
0 0.7194371152154794 0.4234375 0.04309586631486367 0.03125
0 0.8988566402814424 0.42890625 0.014951627088830254 0.0625
0 0.9146877748460862 0.42421875 0.01759014951627089 0.0671875
0 0.9375549692172384 0.421875 0.021108179419525065 0.0703125
0 0.9586631486367634 0.42109375 0.022867194371152155 0.0703125
0 0.9802110817941952 0.425 0.02198768689533861 0.059375