0 0.7603342128408092 0.0109375 0.02198768689533861 0.021875
0 0.4252418645558487 0.0671875 0.0395778364116095 0.05625
0 0.4529463500439754 0.37734375 0.03869832893579595 0.04375
0 0.4621811785400176 0.4125 0.03869832893579595 0.0515625
0 0.4714160070360598 0.44453125 0.03869832893579595 0.0515625
0 0.47977132805628847 0.4796875 0.03430079155672823 0.0453125
0 0.48548812664907653 0.51640625 0.040457343887423045 0.0625
0 0.5004397537379067 0.5484375 0.0395778364116095 0.0546875
0 0.5584872471416007 0.75703125 0.036939313984168866 0.05
0 0.538698328935796 0.68203125 0.03869832893579595 0.0578125
0 0.5303430079155673 0.65 0.03781882145998241 0.05625
0 0.5189094107299912 0.61953125 0.040457343887423045 0.053125
0 0.5083553210202286 0.5875 0.0395778364116095 0.053125
0 0.23702726473175023 0.896875 0.02990325417766051 0.078125
0 0.6015831134564644 0.89609375 0.04661389621811785 0.0609375
0 0.609938434476693 0.93671875 0.048372911169744945 0.0609375
0 0.617854001759015 0.96015625 0.044854881266490766 0.0453125