0 0.08575197889182058 0.08828125 0.024626209322779244 0.084375
0 0.044415127528583995 0.07265625 0.024626209322779244 0.078125
0 0.1442392260334213 0.87109375 0.020228671943711522 0.0734375
0 0.11433597185576078 0.7046875 0.047493403693931395 0.0453125
0 0.11873350923482849 0.6671875 0.04133685136323659 0.04375
0 0.12093227792436236 0.62578125 0.04133685136323659 0.0390625
0 0.38522427440633245 0.1890625 0.04221635883905013 0.0375
0 0.5299032541776605 0.45078125 0.04221635883905013 0.0390625
0 0.5835532102022867 0.46796875 0.04397537379067722 0.046875
0 0.6367634124890061 0.47421875 0.04133685136323659 0.0375
0 0.6693051890941073 0.88984375 0.024626209322779244 0.0359375
0 0.669744942832014 0.81796875 0.023746701846965697 0.0296875
0 0.6745822339489885 0.77890625 0.025505716798592787 0.0328125
0 0.6767810026385225 0.74296875 0.027264731750219876 0.0375
0 0.6824978012313104 0.6875 0.025505716798592787 0.03125
0 0.7871591908531222 0.8515625 0.022867194371152155 0.0765625
0 0.8091468777484608 0.8484375 0.020228671943711522 0.06875
0 0.8328935795954265 0.85625 0.021108179419525065 0.075
0 0.762532981530343 0.8453125 0.022867194371152155 0.0734375
0 0.14819700967458224 0.79921875 0.022867194371152155 0.0765625