0 0.9920844327176781 0.2640625 0.014072119613016711 0.078125
0 0.9727352682497801 0.2609375 0.023746701846965697 0.0828125
0 0.9498680738786279 0.25625 0.02198768689533861 0.08125
0 0.9265611257695691 0.2546875 0.021108179419525065 0.0765625
0 0.9036939313984169 0.2515625 0.024626209322779244 0.0765625
0 0.8812664907651715 0.24453125 0.022867194371152155 0.0796875
0 0.8614775725593667 0.2375 0.02198768689533861 0.075
0 0.8364116094986808 0.234375 0.023746701846965697 0.0765625
0 0.7708883025505717 0.2203125 0.02198768689533861 0.078125
0 0.7484608619173263 0.2140625 0.021108179419525065 0.06875
0 0.7273526824978013 0.2078125 0.020228671943711522 0.0734375
0 0.7018469656992085 0.20859375 0.020228671943711522 0.065625
0 0.6358839050131926 0.19140625 0.021108179419525065 0.071875
0 0.6596306068601583 0.19765625 0.023746701846965697 0.0765625
0 0.6816182937554969 0.20703125 0.019349164467897976 0.0796875
0 0.5703605980650835 0.184375 0.020228671943711522 0.0765625
0 0.5492524186455585 0.175 0.021108179419525065 0.078125
0 0.525065963060686 0.1703125 0.020228671943711522 0.075
0 0.5052770448548812 0.1640625 0.019349164467897976 0.075
0 0.4837291116974494 0.1640625 0.018469656992084433 0.071875
0 0.4635004397537379 0.1609375 0.018469656992084433 0.075
0 0.44063324538258575 0.1546875 0.022867194371152155 0.0765625
0 0.41864555848724716 0.1484375 0.01759014951627089 0.0671875
0 0.3966578715919085 0.14375 0.02198768689533861 0.075
0 0.3729111697449428 0.1375 0.018469656992084433 0.078125
0 0.3465259454705365 0.134375 0.020228671943711522 0.0765625
0 0.25549692172383465 0.09765625 0.04573438874230431 0.0390625
0 0.21503957783641162 0.1 0.02198768689533861 0.078125
0 0.19085312225153914 0.0984375 0.021108179419525065 0.0796875
0 0.16886543535620052 0.096875 0.021108179419525065 0.075
0 0.12576956904133685 0.08359375 0.02198768689533861 0.0734375
0 0.14731750219876869 0.09140625 0.021108179419525065 0.0828125
0 0.04001759014951627 0.0703125 0.021108179419525065 0.0671875
0 0.7735268249780123 0.603125 0.014951627088830254 0.059375
0 0.5769569041336852 0.79375 0.021108179419525065 0.0765625
0 0.5576077396657871 0.78515625 0.018469656992084433 0.0703125
0 0.5364995602462621 0.7828125 0.020228671943711522 0.078125
0 0.5158311345646438 0.79296875 0.020228671943711522 0.0625
0 0.470976253298153 0.7875 0.02198768689533861 0.071875
0 0.4938434476693052 0.7796875 0.019349164467897976 0.0765625
0 0.42216358839050133 0.67578125 0.03518029903254178 0.0359375
0 0.4388742304309587 0.53125 0.04397537379067722 0.0375
0 0.8298153034300791 0.68828125 0.025505716798592787 0.0765625