0 0.7845206684256816 0.2421875 0.02990325417766051 0.0765625
0 0.45646437994722955 0.959375 0.03430079155672823 0.071875
0 0.5017590149516271 0.01875 0.0395778364116095 0.0375
0 0.49076517150395776 0.040625 0.03869832893579595 0.05
0 0.4714160070360598 0.1109375 0.03605980650835532 0.05
0 0.43007915567282323 0.24609375 0.04133685136323659 0.053125
0 0.42216358839050133 0.2796875 0.04661389621811785 0.059375
0 0.4133685136323659 0.3140625 0.04309586631486367 0.0515625
0 0.3997361477572559 0.34609375 0.04221635883905013 0.0546875
0 0.38830255057167984 0.3828125 0.04309586631486367 0.0578125
0 0.36323658751099386 0.43984375 0.032541776605101144 0.08125
0 0.32849604221635886 0.59296875 0.04309586631486367 0.0484375
0 0.3117854001759015 0.6390625 0.0395778364116095 0.053125
0 0.30123131046613894 0.671875 0.04309586631486367 0.059375
0 0.2911169744942832 0.70703125 0.0395778364116095 0.053125
0 0.28100263852242746 0.74453125 0.040457343887423045 0.05625
0 0.272207563764292 0.78046875 0.04397537379067722 0.05625
0 0.26077396657871593 0.81640625 0.04133685136323659 0.0515625
0 0.25241864555848725 0.85078125 0.04661389621811785 0.0625
0 0.24142480211081793 0.88125 0.04573438874230431 0.05625
0 0.22823218997361477 0.915625 0.044854881266490766 0.0578125