0 0.7770448548812665 0.6765625 0.029023746701846966 0.0796875
0 0.5118733509234829 0.9796875 0.04221635883905013 0.0375
0 0.5057167985927881 0.9546875 0.04133685136323659 0.053125
0 0.49604221635883905 0.9203125 0.036939313984168866 0.0484375
0 0.4890061565523307 0.88828125 0.0395778364116095 0.0484375
0 0.4788918205804749 0.85390625 0.0395778364116095 0.046875
0 0.4604221635883905 0.7828125 0.03518029903254178 0.05
0 0.42480211081794195 0.6453125 0.04133685136323659 0.0484375
0 0.415127528583993 0.61015625 0.04133685136323659 0.053125
0 0.40853122251539137 0.571875 0.04309586631486367 0.05
0 0.3966578715919085 0.5390625 0.04133685136323659 0.05
0 0.38522427440633245 0.4984375 0.044854881266490766 0.0546875
0 0.3605980650835532 0.44296875 0.029023746701846966 0.0765625
0 0.3302550571679859 0.28359375 0.04309586631486367 0.05625
0 0.3153034300791557 0.23828125 0.0395778364116095 0.0515625
0 0.3051890941072999 0.203125 0.036939313984168866 0.0546875
0 0.29815303430079154 0.1671875 0.03781882145998241 0.05
0 0.2880386983289358 0.12578125 0.04221635883905013 0.05
0 0.2796833773087071 0.09375 0.040457343887423045 0.0515625
0 0.2704485488126649 0.05625 0.04397537379067722 0.053125