0 0.6895338610378188 0.953125 0.021108179419525065 0.046875
0 0.6864555848724714 0.8890625 0.019349164467897976 0.0734375
0 0.6829375549692173 0.4875 0.022867194371152155 0.075
0 0.6182937554969217 0.428125 0.020228671943711522 0.075
0 0.8034300791556728 0.0328125 0.02198768689533861 0.065625
0 0.7814423922603342 0.0359375 0.023746701846965697 0.071875
0 0.7559366754617414 0.0359375 0.020228671943711522 0.071875
0 0.7326297273526825 0.03671875 0.021108179419525065 0.0734375
0 0.7119613016710642 0.03828125 0.02198768689533861 0.0765625
0 0.6688654353562006 0.03828125 0.019349164467897976 0.071875
0 0.6437994722955145 0.040625 0.02198768689533861 0.0796875
0 0.689094107299912 0.0390625 0.022867194371152155 0.078125
0 0.5787159190853123 0.0453125 0.020228671943711522 0.0765625
0 0.5571679859278804 0.0421875 0.020228671943711522 0.0625
0 0.5127528583992964 0.04765625 0.020228671943711522 0.0640625
0 0.5360598065083553 0.04140625 0.018469656992084433 0.0734375
0 0.49120492524186454 0.05390625 0.01759014951627089 0.075
0 0.46921723834652596 0.05234375 0.021108179419525065 0.0734375
0 0.4472295514511873 0.05 0.019349164467897976 0.065625
0 0.3808267370272647 0.059375 0.020228671943711522 0.0734375
0 0.35839929639401935 0.05703125 0.019349164467897976 0.0796875
0 0.33641160949868076 0.06015625 0.019349164467897976 0.0671875
0 0.3148636763412489 0.0609375 0.02198768689533861 0.0765625
0 0.2937554969217238 0.06484375 0.020228671943711522 0.0734375
0 0.272207563764292 0.06796875 0.019349164467897976 0.0734375
0 0.22911169744942833 0.06875 0.019349164467897976 0.0703125
0 0.2510993843447669 0.06796875 0.022867194371152155 0.06875
0 0.20844327176781002 0.07109375 0.02198768689533861 0.0734375
0 0.1868953386103782 0.0734375 0.022867194371152155 0.0734375
0 0.15743183817062445 0.07578125 0.020228671943711522 0.0703125
0 0.06640281442392261 0.065625 0.05013192612137203 0.0328125
0 0.026824978012313105 0.08984375 0.02198768689533861 0.065625
0 0.007475813544415127 0.0921875 0.014951627088830254 0.065625
0 0.44371152154793314 0.66015625 0.022867194371152155 0.0734375
0 0.4239226033421284 0.6578125 0.020228671943711522 0.075
0 0.40369393139841686 0.6625 0.018469656992084433 0.0765625
0 0.38478452066842567 0.675 0.020228671943711522 0.0625
0 0.3619173262972735 0.6703125 0.024626209322779244 0.078125
0 0.33948988566402816 0.6859375 0.02198768689533861 0.0671875
0 0.27880386983289357 0.58984375 0.03518029903254178 0.0359375
0 0.2836411609498681 0.4421875 0.04221635883905013 0.0390625
0 0.3988566402814424 0.9234375 0.020228671943711522 0.06875