0 0.9129287598944591 0.7140625 0.04133685136323659 0.0375
0 0.2752858399296394 0.96328125 0.022867194371152155 0.0703125
0 0.2941952506596306 0.95234375 0.02198768689533861 0.078125
0 0.35839929639401935 0.94609375 0.02198768689533861 0.0765625
0 0.3808267370272647 0.94921875 0.023746701846965697 0.071875
0 0.33773087071240104 0.95546875 0.02198768689533861 0.0625
0 0.3153034300791557 0.95078125 0.022867194371152155 0.0796875
0 0.4283201407211961 0.83359375 0.03518029903254178 0.0390625
0 0.40897097625329815 0.68984375 0.04397537379067722 0.040625
0 0.003518029903254178 0.43046875 0.007036059806508356 0.0796875
0 0.056288478452066845 0.41328125 0.028144239226033423 0.0828125
0 0.07871591908531222 0.3984375 0.024626209322779244 0.0703125
0 0.10158311345646438 0.3921875 0.026385224274406333 0.08125
0 0.12620932277924363 0.3890625 0.023746701846965697 0.071875
0 0.14775725593667546 0.3859375 0.02198768689533861 0.08125
0 0.17018469656992086 0.37734375 0.026385224274406333 0.0796875
0 0.19393139841688653 0.36484375 0.024626209322779244 0.0734375
0 0.26033421284080915 0.35 0.024626209322779244 0.0734375
0 0.2805628847845207 0.340625 0.02198768689533861 0.078125
0 0.3051890941072999 0.33515625 0.021108179419525065 0.0765625
0 0.3258575197889182 0.32578125 0.025505716798592787 0.0828125
0 0.34740545294635006 0.325 0.02198768689533861 0.078125
0 0.370712401055409 0.31796875 0.022867194371152155 0.078125
0 0.3922603342128408 0.31171875 0.022867194371152155 0.0703125
0 0.41424802110817943 0.3 0.021108179419525065 0.0703125
0 0.4371152154793316 0.29453125 0.02198768689533861 0.078125
0 0.45822339489885666 0.290625 0.021108179419525065 0.0765625
0 0.4872471416007036 0.28125 0.02198768689533861 0.0765625
0 0.5773966578715919 0.23828125 0.04573438874230431 0.040625
0 0.6182937554969217 0.23671875 0.023746701846965697 0.08125
0 0.6429199648197009 0.23125 0.02198768689533861 0.0765625
0 0.6644678979771328 0.228125 0.02198768689533861 0.0828125
0 0.6864555848724714 0.21953125 0.022867194371152155 0.08125
0 0.706684256816183 0.209375 0.025505716798592787 0.08125
0 0.7911169744942832 0.1921875 0.025505716798592787 0.0703125
0 0.8337730870712401 0.17421875 0.023746701846965697 0.0734375
0 0.855321020228672 0.165625 0.02198768689533861 0.0734375
0 0.8759894459102903 0.16171875 0.024626209322779244 0.0765625
0 0.8966578715919086 0.15625 0.023746701846965697 0.075
0 0.9160070360598065 0.146875 0.025505716798592787 0.0765625
0 0.9371152154793315 0.14453125 0.025505716798592787 0.0765625
0 0.9595426561125769 0.1375 0.023746701846965697 0.0671875