0 0.6015831134564644 0.9234375 0.04133685136323659 0.0328125
0 0.5382585751978892 0.8328125 0.021108179419525065 0.0859375
0 0.5123131046613896 0.834375 0.020228671943711522 0.084375
0 0.48636763412489004 0.83359375 0.021108179419525065 0.071875
0 0.43227792436235707 0.834375 0.02198768689533861 0.0859375
0 0.48197009674582236 0.09765625 0.021108179419525065 0.075
0 0.38698328935795956 0.37265625 0.019349164467897976 0.0703125
0 0.36103781882145997 0.371875 0.020228671943711522 0.0765625
0 0.3210202286719437 0.378125 0.019349164467897976 0.0671875
0 0.2748460861917326 0.37578125 0.018469656992084433 0.08125
0 0.2515391380826737 0.3875 0.019349164467897976 0.071875
0 0.21503957783641162 0.46484375 0.03518029903254178 0.0296875
0 0.05804749340369393 0.36328125 0.048372911169744945 0.0375
0 0.07255936675461741 0.70859375 0.04221635883905013 0.0328125
0 0.23131046613896217 0.98359375 0.04221635883905013 0.0296875
0 0.7541776605101144 0.06015625 0.024626209322779244 0.0734375