0 0.8487247141600703 0.14140625 0.051011433597185574 0.0578125
0 0.8065083553210203 0.2796875 0.03518029903254178 0.046875
0 0.781882145998241 0.3875 0.04925241864555849 0.065625
0 0.7713280562884784 0.4203125 0.04397537379067722 0.053125
0 0.7642919964819701 0.45546875 0.03342128408091469 0.0453125
0 0.7467018469656992 0.48359375 0.04221635883905013 0.0546875
0 0.7445030782761654 0.52421875 0.04309586631486367 0.0515625
0 0.63896218117854 0.228125 0.03781882145998241 0.053125
0 0.6798592788038699 0.2703125 0.03518029903254178 0.053125
0 0.669744942832014 0.309375 0.03781882145998241 0.05
0 0.6525945470536499 0.3296875 0.03869832893579595 0.05
0 0.6503957783641161 0.3734375 0.032541776605101144 0.046875
0 0.6345646437994723 0.40234375 0.03781882145998241 0.0546875
0 0.6270888302550571 0.4375 0.036939313984168866 0.053125
0 0.6059806508355321 0.32734375 0.03869832893579595 0.0515625
0 0.5936675461741425 0.35703125 0.036939313984168866 0.0484375
0 0.588830255057168 0.39609375 0.0395778364116095 0.0546875
0 0.6156552330694811 0.290625 0.036939313984168866 0.053125
0 0.6978891820580475 0.03046875 0.03430079155672823 0.0484375
0 0.7396657871591908 0.06796875 0.03518029903254178 0.0515625
0 0.727792436235708 0.1015625 0.03605980650835532 0.053125
0 0.7110817941952506 0.16875 0.0395778364116095 0.053125
0 0.7005277044854882 0.20234375 0.03781882145998241 0.0484375
0 0.6904133685136323 0.234375 0.04221635883905013 0.053125
0 0.6807387862796834 0.09140625 0.03342128408091469 0.0484375
0 0.600263852242744 0.01953125 0.03605980650835532 0.0359375
0 0.5760773966578716 0.07578125 0.03869832893579595 0.0515625
0 0.5672823218997362 0.11015625 0.040457343887423045 0.0546875
0 0.5576077396657871 0.14765625 0.040457343887423045 0.0578125
0 0.5241864555848724 0.2390625 0.036939313984168866 0.046875
0 0.5189094107299912 0.27578125 0.04397537379067722 0.0578125
0 0.4951627088830255 0.340625 0.040457343887423045 0.053125
0 0.47713280562884786 0.40859375 0.03781882145998241 0.0546875
0 0.4318381706244503 0.36328125 0.03518029903254178 0.0484375
0 0.45646437994722955 0.2953125 0.040457343887423045 0.053125
0 0.4656992084432718 0.2625 0.0395778364116095 0.059375
0 0.48328935795954264 0.19296875 0.03781882145998241 0.0546875
0 0.49340369393139843 0.1609375 0.036939313984168866 0.053125
0 0.5026385224274407 0.13046875 0.032541776605101144 0.0484375
0 0.5123131046613896 0.10078125 0.04309586631486367 0.0609375
0 0.5246262093227793 0.059375 0.03605980650835532 0.05
0 0.43227792436235707 0.02265625 0.03605980650835532 0.0421875
0 0.42172383465259455 0.04609375 0.032541776605101144 0.0484375
0 0.41116974494283204 0.0828125 0.0395778364116095 0.05625
0 0.40281442392260336 0.1171875 0.036939313984168866 0.05
0 0.3896218117854002 0.1484375 0.040457343887423045 0.05625
0 0.38038698328935794 0.1796875 0.03781882145998241 0.05625
0 0.36895338610378187 0.21484375 0.0395778364116095 0.0546875
0 0.3592788038698329 0.25 0.03781882145998241 0.05625
0 0.3491644678979771 0.28046875 0.03869832893579595 0.0546875
0 0.34080914687774844 0.08203125 0.027264731750219876 0.0640625
0 0.2484608619173263 0.23359375 0.03781882145998241 0.0578125
0 0.23702726473175023 0.26484375 0.04133685136323659 0.0515625
0 0.22867194371152155 0.2984375 0.036939313984168866 0.046875
0 0.21635883905013192 0.34453125 0.036939313984168866 0.0453125
0 0.3232189973614776 0.3484375 0.030782761653474055 0.046875
0 0.3131046613896218 0.3875 0.03518029903254178 0.05
0 0.29991204925241866 0.41640625 0.04221635883905013 0.0515625
0 0.27880386983289357 0.4875 0.036939313984168866 0.05
0 0.27132805628847845 0.51875 0.0395778364116095 0.05
0 0.26077396657871593 0.55546875 0.04309586631486367 0.0484375
0 0.32981530343007914 0.66171875 0.036939313984168866 0.0484375
0 0.32058047493403696 0.69921875 0.0395778364116095 0.0546875
0 0.2994722955145119 0.7671875 0.04309586631486367 0.05
0 0.33948988566402816 0.81171875 0.03518029903254178 0.0484375
0 0.3865435356200528 0.67578125 0.04133685136323659 0.0546875
0 0.5079155672823219 0.621875 0.0395778364116095 0.05
0 0.49296394019349166 0.64921875 0.03430079155672823 0.0484375
0 0.4868073878627968 0.6890625 0.03781882145998241 0.05
0 0.47537379067722074 0.7203125 0.03605980650835532 0.04375
0 0.4635004397537379 0.759375 0.03342128408091469 0.05625
0 0.56948109058927 0.9046875 0.03605980650835532 0.05
0 0.5628847845206685 0.93984375 0.036939313984168866 0.0578125
0 0.5175901495162709 0.89921875 0.03605980650835532 0.0484375
0 0.5369393139841688 0.82421875 0.03605980650835532 0.0578125
0 0.558047493403694 0.75546875 0.03781882145998241 0.0578125
0 0.4094107299912049 0.925 0.0395778364116095 0.053125
0 0.28452066842568163 0.9703125 0.03430079155672823 0.0375
0 0.25505716798592787 0.90078125 0.03342128408091469 0.0515625
0 0.27440633245382584 0.8328125 0.036939313984168866 0.053125
0 0.26517150395778366 0.86640625 0.0395778364116095 0.0640625
0 0.018469656992084433 0.1984375 0.03518029903254178 0.071875
0 0.008355321020228672 0.353125 0.016710642040457344 0.06875
0 0.12752858399296393 0.25 0.03342128408091469 0.04375
0 0.11653474054529464 0.3546875 0.0395778364116095 0.03125
0 0.1218117854001759 0.296875 0.0395778364116095 0.05625
0 0.18161829375549693 0.58828125 0.032541776605101144 0.0671875
0 0.2418645558487247 0.625 0.03869832893579595 0.053125
0 0.22427440633245382 0.65390625 0.036939313984168866 0.0546875
0 0.21416007036059806 0.68359375 0.03430079155672823 0.0515625
0 0.19569041336851364 0.75078125 0.0395778364116095 0.0578125
0 0.15743183817062445 0.84453125 0.036939313984168866 0.0578125
0 0.07695690413368514 0.95859375 0.03430079155672823 0.0734375
0 0.09454705364995603 0.97421875 0.032541776605101144 0.0484375
0 0.11653474054529464 0.984375 0.023746701846965697 0.028125
0 0.09146877748460862 0.846875 0.03342128408091469 0.075
0 0.12620932277924363 0.7359375 0.030782761653474055 0.075
0 0.15699208443271767 0.646875 0.025505716798592787 0.065625