0 0.48776041666666664 0.950925925925926 0.022916666666666665 0.07314814814814814
0 0.4471354166666667 0.8976851851851851 0.022395833333333334 0.06759259259259259
0 0.4309895833333333 0.5805555555555556 0.021875 0.06851851851851852
0 0.38307291666666665 0.7199074074074074 0.022395833333333334 0.0712962962962963
0 0.12604166666666666 0.4101851851851852 0.04114583333333333 0.04722222222222222
0 0.013802083333333333 0.3296296296296296 0.027604166666666666 0.05185185185185185
0 0.09895833333333333 0.3509259259259259 0.03854166666666667 0.04537037037037037
0 0.20104166666666667 0.36898148148148147 0.0421875 0.046296296296296294
0 0.4075520833333333 0.16898148148148148 0.029166666666666667 0.08518518518518518
0 0.4625 0.2324074074074074 0.025520833333333333 0.07407407407407407
0 0.48411458333333335 0.10462962962962963 0.024479166666666666 0.0787037037037037
0 0.4361979166666667 0.06898148148148148 0.025520833333333333 0.075
0 0.6984375 0.40925925925925927 0.03854166666666667 0.04259259259259259
0 0.82734375 0.26435185185185184 0.040625 0.04537037037037037