0 0.18177083333333333 0.512962962962963 0.03958333333333333 0.040740740740740744
0 0.07682291666666667 0.7152777777777778 0.042708333333333334 0.040740740740740744
0 0.1359375 0.6875 0.036458333333333336 0.037037037037037035
0 0.18333333333333332 0.6689814814814815 0.040625 0.03981481481481482
0 0.13411458333333334 0.6351851851851852 0.04010416666666667 0.041666666666666664
0 0.2598958333333333 0.5745370370370371 0.040625 0.040740740740740744
0 0.38385416666666666 0.524074074074074 0.036458333333333336 0.03981481481481482
0 0.4140625 0.46111111111111114 0.042708333333333334 0.03981481481481482
0 0.4908854166666667 0.55 0.036458333333333336 0.037037037037037035
0 0.3385416666666667 0.6532407407407408 0.04114583333333333 0.04351851851851852
0 0.48411458333333335 0.8824074074074074 0.017708333333333333 0.07037037037037037
0 0.5130208333333334 0.9064814814814814 0.01875 0.06851851851851852
0 0.5463541666666667 0.4875 0.040625 0.026851851851851852
0 0.6140625 0.5287037037037037 0.03854166666666667 0.030555555555555555
0 0.59296875 0.6078703703703704 0.036458333333333336 0.03148148148148148
0 0.7190104166666667 0.4925925925925926 0.0390625 0.027777777777777776
0 0.8997395833333334 0.524074074074074 0.0421875 0.03148148148148148
0 0.7927083333333333 0.5976851851851852 0.03697916666666667 0.03148148148148148
0 0.38984375 0.13472222222222222 0.017708333333333333 0.06296296296296296
0 0.41328125 0.13055555555555556 0.016666666666666666 0.06944444444444445
0 0.9796875 0.6504629629629629 0.035416666666666666 0.03518518518518519
0 0.9111979166666667 0.6069444444444444 0.041666666666666664 0.03518518518518519