0 0.59921875 0.3347222222222222 0.01875 0.06481481481481481
0 0.5770833333333333 0.2949074074074074 0.01875 0.06666666666666667
0 0.5377604166666666 0.26064814814814813 0.01875 0.06851851851851852
0 0.5716145833333334 0.4708333333333333 0.0171875 0.06851851851851852
0 0.53125 0.5138888888888888 0.019270833333333334 0.06851851851851852
0 0.565625 0.638425925925926 0.0171875 0.06666666666666667
0 0.50078125 0.625 0.01875 0.062037037037037036
0 0.5895833333333333 0.5907407407407408 0.01875 0.07222222222222222
0 0.7736979166666667 0.6481481481481481 0.03958333333333333 0.041666666666666664
0 0.7708333333333334 0.6953703703703704 0.0390625 0.03981481481481482
0 0.64921875 0.7222222222222222 0.03697916666666667 0.04351851851851852
0 0.5153645833333333 0.7541666666666667 0.020833333333333332 0.0712962962962963
0 0.5643229166666667 0.8351851851851851 0.019270833333333334 0.06851851851851852
0 0.4786458333333333 0.9675925925925926 0.017708333333333333 0.06018518518518518
0 0.63046875 0.12407407407407407 0.01875 0.06759259259259259
0 0.30104166666666665 0.48009259259259257 0.04010416666666667 0.03611111111111111
0 0.29244791666666664 0.5254629629629629 0.0359375 0.03148148148148148
0 0.24296875 0.5273148148148148 0.04010416666666667 0.03425925925925926
0 0.23828125 0.48055555555555557 0.03854166666666667 0.03425925925925926
0 0.17135416666666667 0.4925925925925926 0.0328125 0.03425925925925926
0 0.14635416666666667 0.45 0.03958333333333333 0.03981481481481482
0 0.10052083333333334 0.45231481481481484 0.0359375 0.03148148148148148
0 0.05755208333333333 0.5050925925925925 0.041666666666666664 0.03888888888888889