0 0.43203125 0.0875 0.019270833333333334 0.07407407407407407
0 0.40546875 0.15601851851851853 0.019791666666666666 0.062037037037037036
0 0.42994791666666665 0.2865740740740741 0.0171875 0.06574074074074074
0 0.4075520833333333 0.32314814814814813 0.0203125 0.06574074074074074
0 0.4947916666666667 0.38981481481481484 0.019791666666666666 0.06574074074074074
0 0.5494791666666666 0.3814814814814815 0.0359375 0.05462962962962963
0 0.6018229166666667 0.42962962962962964 0.04010416666666667 0.040740740740740744
0 0.7059895833333333 0.5143518518518518 0.03854166666666667 0.03518518518518519
0 0.696875 0.5569444444444445 0.03697916666666667 0.032407407407407406
0 0.8377604166666667 0.5912037037037037 0.03958333333333333 0.032407407407407406
0 0.8203125 0.5435185185185185 0.04010416666666667 0.03333333333333333
0 0.7880208333333333 0.4787037037037037 0.03697916666666667 0.03148148148148148
0 0.40598958333333335 0.6504629629629629 0.019791666666666666 0.07314814814814814
0 0.43020833333333336 0.5949074074074074 0.017708333333333333 0.06388888888888888
0 0.47369791666666666 0.6027777777777777 0.018229166666666668 0.06944444444444445
0 0.47552083333333334 0.7837962962962963 0.019791666666666666 0.06759259259259259
0 0.50078125 0.9125 0.020833333333333332 0.07222222222222222
0 0.45416666666666666 0.95 0.021354166666666667 0.07592592592592592
0 0.13151041666666666 0.6462962962962963 0.0390625 0.03888888888888889
0 0.18854166666666666 0.6268518518518519 0.03854166666666667 0.046296296296296294
0 0.23541666666666666 0.6027777777777777 0.04010416666666667 0.041666666666666664
0 0.21666666666666667 0.6726851851851852 0.0390625 0.04351851851851852
0 0.28802083333333334 0.4699074074074074 0.034895833333333334 0.05277777777777778
0 0.49973958333333335 0.7074074074074074 0.020833333333333332 0.0712962962962963