0 0.8174479166666667 0.4634259259259259 0.04114583333333333 0.04722222222222222
0 0.9322916666666666 0.6486111111111111 0.044270833333333336 0.04722222222222222
0 0.871875 0.6300925925925925 0.03802083333333333 0.04259259259259259
0 0.8236979166666667 0.6194444444444445 0.0421875 0.046296296296296294
0 0.87109375 0.5777777777777777 0.041666666666666664 0.04814814814814815
0 0.7427083333333333 0.5370370370370371 0.0421875 0.04722222222222222
0 0.6169270833333333 0.5060185185185185 0.03802083333333333 0.04537037037037037
0 0.58359375 0.44814814814814813 0.044270833333333336 0.046296296296296294
0 0.5114583333333333 0.5486111111111112 0.03802083333333333 0.04259259259259259
0 0.6682291666666667 0.6277777777777778 0.042708333333333334 0.05
0 0.5346354166666667 0.8787037037037037 0.021354166666666667 0.07222222222222222
0 0.50703125 0.9069444444444444 0.021875 0.07037037037037037
0 0.453125 0.4949074074074074 0.041666666666666664 0.03333333333333333
0 0.38776041666666666 0.5462962962962963 0.03958333333333333 0.03611111111111111
0 0.4127604166666667 0.6217592592592592 0.0375 0.037037037037037035
0 0.28125 0.5263888888888889 0.040625 0.03425925925925926
0 0.10286458333333333 0.5856481481481481 0.043229166666666666 0.03796296296296296
0 0.21302083333333333 0.6425925925925926 0.03802083333333333 0.037037037037037035
0 0.5919270833333333 0.11944444444444445 0.020833333333333332 0.06481481481481481
0 0.5682291666666667 0.11851851851851852 0.0203125 0.0712962962962963
0 0.0296875 0.7240740740740741 0.03697916666666667 0.040740740740740744
0 0.09557291666666666 0.6699074074074074 0.042708333333333334 0.041666666666666664