0 0.4239583333333333 0.09212962962962963 0.017708333333333333 0.07314814814814814
0 0.39895833333333336 0.16203703703703703 0.01875 0.06111111111111111
0 0.42578125 0.2912037037037037 0.015625 0.06481481481481481
0 0.40390625 0.32916666666666666 0.01875 0.06481481481481481
0 0.49270833333333336 0.38981481481481484 0.018229166666666668 0.06481481481481481
0 0.5471354166666667 0.37824074074074077 0.034895833333333334 0.05277777777777778
0 0.6005208333333333 0.4236111111111111 0.03958333333333333 0.03796296296296296
0 0.70625 0.5018518518518519 0.03802083333333333 0.032407407407407406
0 0.69765625 0.5444444444444444 0.036458333333333336 0.02962962962962963
0 0.8395833333333333 0.5703703703703704 0.0390625 0.02962962962962963
0 0.8208333333333333 0.524074074074074 0.03958333333333333 0.030555555555555555
0 0.7875 0.46064814814814814 0.03697916666666667 0.028703703703703703
0 0.4088541666666667 0.6560185185185186 0.018229166666666668 0.07222222222222222
0 0.43203125 0.5990740740740741 0.016666666666666666 0.06296296296296296
0 0.47578125 0.6041666666666666 0.016666666666666666 0.06851851851851852
0 0.48098958333333336 0.7851851851851852 0.018229166666666668 0.06666666666666667
0 0.5088541666666667 0.9125 0.019270833333333334 0.0712962962962963
0 0.4630208333333333 0.9527777777777777 0.019791666666666666 0.075
0 0.134375 0.6694444444444444 0.03854166666666667 0.03611111111111111
0 0.19114583333333332 0.6458333333333334 0.03802083333333333 0.04351851851851852
0 0.2375 0.6189814814814815 0.03958333333333333 0.03888888888888889
0 0.2203125 0.6898148148148148 0.03854166666666667 0.040740740740740744
0 0.2877604166666667 0.48333333333333334 0.033854166666666664 0.05092592592592592
0 0.5036458333333333 0.7069444444444445 0.019270833333333334 0.07037037037037037