0 0.2677083333333333 0.5347222222222222 0.0453125 0.041666666666666664
0 0.2671875 0.5819444444444445 0.04479166666666667 0.04537037037037037
0 0.2703125 0.6277777777777778 0.0453125 0.041666666666666664
0 0.7510416666666667 0.5310185185185186 0.049479166666666664 0.04814814814814815
0 0.8114583333333333 0.5425925925925926 0.044270833333333336 0.044444444444444446
0 0.8744791666666667 0.5592592592592592 0.050520833333333334 0.04722222222222222
0 0.9518229166666666 0.5782407407407407 0.046875 0.044444444444444446
0 0.96328125 0.6259259259259259 0.04791666666666667 0.046296296296296294
0 0.9104166666666667 0.6583333333333333 0.04479166666666667 0.03888888888888889
0 0.8067708333333333 0.5824074074074074 0.044270833333333336 0.03981481481481482
0 0.7497395833333333 0.5796296296296296 0.046875 0.04537037037037037
0 0.8611979166666667 0.5995370370370371 0.044270833333333336 0.04351851851851852
0 0.91328125 0.6106481481481482 0.043229166666666666 0.03981481481481482