0 0.9221354166666667 0.6717592592592593 0.0328125 0.025
0 0.8703125 0.6916666666666667 0.03125 0.022222222222222223
0 0.7057291666666666 0.6930555555555555 0.028125 0.023148148148148147
0 0.6166666666666667 0.6643518518518519 0.023958333333333335 0.025
0 0.5484375 0.6175925925925926 0.021875 0.037037037037037035
0 0.5747395833333333 0.45 0.0140625 0.05185185185185185
0 0.61640625 0.48333333333333334 0.030729166666666665 0.02962962962962963
0 0.6315104166666666 0.524074074074074 0.03177083333333333 0.027777777777777776
0 0.6755208333333333 0.525 0.03229166666666667 0.022222222222222223
0 0.7252604166666666 0.5231481481481481 0.03177083333333333 0.025925925925925925
0 0.7705729166666667 0.5203703703703704 0.033854166666666664 0.025925925925925925
0 0.8130208333333333 0.5194444444444445 0.03229166666666667 0.025925925925925925
0 0.7950520833333333 0.4810185185185185 0.033854166666666664 0.026851851851851852
0 0.7416666666666667 0.4824074074074074 0.034375 0.025925925925925925
0 0.6966145833333334 0.4912037037037037 0.03177083333333333 0.025
0 0.6518229166666667 0.4912037037037037 0.030729166666666665 0.025
0 0.15703125 0.7050925925925926 0.030729166666666665 0.023148148148148147
0 0.15729166666666666 0.5041666666666667 0.028125 0.026851851851851852
0 0.5106770833333333 0.21203703703703702 0.015104166666666667 0.06296296296296296
0 0.5096354166666667 0.30185185185185187 0.015104166666666667 0.05740740740740741