0 0.5421875 0.9361111111111111 0.026041666666666668 0.08333333333333333
0 0.06015625 0.5814814814814815 0.0484375 0.03888888888888889
0 0.08411458333333334 0.49953703703703706 0.0453125 0.041666666666666664
0 0.5067708333333333 0.3287037037037037 0.03697916666666667 0.08055555555555556
0 0.5692708333333333 0.3625 0.025 0.07962962962962963
0 0.6377604166666667 0.2708333333333333 0.040625 0.07777777777777778
0 0.57109375 0.12268518518518519 0.028125 0.08148148148148149
0 0.9013020833333333 0.4300925925925926 0.0453125 0.040740740740740744
0 0.8072916666666666 0.30648148148148147 0.04479166666666667 0.03888888888888889
0 0.8166666666666667 0.4398148148148148 0.041666666666666664 0.040740740740740744
0 0.7489583333333333 0.4486111111111111 0.0421875 0.03981481481481482
0 0.6442708333333333 0.5370370370370371 0.03697916666666667 0.04537037037037037