0 0.10651041666666666 0.38981481481481484 0.030729166666666665 0.025925925925925925
0 0.18567708333333333 0.3824074074074074 0.03177083333333333 0.025925925925925925
0 0.32786458333333335 0.3421296296296296 0.030729166666666665 0.027777777777777776
0 0.09713541666666667 0.5291666666666667 0.0359375 0.025925925925925925
0 0.2265625 0.5444444444444444 0.033854166666666664 0.027777777777777776
0 0.33151041666666664 0.5 0.028645833333333332 0.028703703703703703
0 0.32760416666666664 0.5324074074074074 0.034375 0.025925925925925925
0 0.42526041666666664 0.48518518518518516 0.03229166666666667 0.027777777777777776
0 0.45598958333333334 0.663425925925926 0.020833333333333332 0.05185185185185185
0 0.51640625 0.5976851851851852 0.015625 0.04537037037037037
0 0.4546875 0.825462962962963 0.014583333333333334 0.06111111111111111
0 0.53359375 0.475 0.0328125 0.025925925925925925
0 0.6260416666666667 0.45601851851851855 0.028645833333333332 0.028703703703703703
0 0.70625 0.47962962962962963 0.029166666666666667 0.02962962962962963
0 0.5614583333333333 0.3175925925925926 0.0328125 0.027777777777777776
0 0.6526041666666667 0.2824074074074074 0.0296875 0.027777777777777776
0 0.69765625 0.2523148148148148 0.0296875 0.024074074074074074
0 0.6947916666666667 0.27685185185185185 0.030729166666666665 0.028703703703703703
0 0.9057291666666667 0.3861111111111111 0.028125 0.026851851851851852
0 0.8369791666666667 0.3939814814814815 0.030729166666666665 0.025925925925925925
0 0.85078125 0.4310185185185185 0.03125 0.025