0 0.4356770833333333 0.7680555555555556 0.034375 0.08796296296296297
0 0.403125 0.6833333333333333 0.028645833333333332 0.08425925925925926
0 0.3502604166666667 0.75 0.03177083333333333 0.08425925925925926
0 0.4734375 0.9310185185185185 0.027083333333333334 0.0824074074074074
0 0.51796875 0.058333333333333334 0.0265625 0.08055555555555556
0 0.3651041666666667 0.4050925925925926 0.03854166666666667 0.05185185185185185
0 0.2484375 0.4439814814814815 0.043229166666666666 0.04259259259259259
0 0.23828125 0.5796296296296296 0.043229166666666666 0.04351851851851852
0 0.17421875 0.4212962962962963 0.041666666666666664 0.040740740740740744
0 0.07604166666666666 0.38981481481481484 0.0453125 0.04259259259259259
0 0.8302083333333333 0.5898148148148148 0.04739583333333333 0.04259259259259259