0 0.9802083333333333 0.4449074074074074 0.036458333333333336 0.028703703703703703
0 0.86171875 0.45092592592592595 0.03697916666666667 0.03148148148148148
0 0.6622395833333333 0.5023148148148148 0.033854166666666664 0.02962962962962963
0 0.64765625 0.4685185185185185 0.03229166666666667 0.02962962962962963
0 0.5622395833333333 0.4740740740740741 0.03229166666666667 0.028703703703703703
0 0.44296875 0.4824074074074074 0.03229166666666667 0.030555555555555555
0 0.4744791666666667 0.5412037037037037 0.025520833333333333 0.04722222222222222
0 0.5776041666666667 0.5833333333333334 0.025520833333333333 0.05277777777777778
0 0.5549479166666667 0.7291666666666666 0.019270833333333334 0.06574074074074074
0 0.5255208333333333 0.7263888888888889 0.01875 0.062037037037037036
0 0.52578125 0.8180555555555555 0.018229166666666668 0.06111111111111111
0 0.5252604166666667 0.9564814814814815 0.018229166666666668 0.06481481481481481
0 0.09427083333333333 0.4708333333333333 0.030208333333333334 0.02962962962962963
0 0.1546875 0.46944444444444444 0.03125 0.025925925925925925
0 0.24973958333333332 0.4625 0.0328125 0.025925925925925925
0 0.3151041666666667 0.4587962962962963 0.036458333333333336 0.03425925925925926