0 0.17291666666666666 0.5657407407407408 0.034375 0.026851851851851852
0 0.25078125 0.5518518518518518 0.03802083333333333 0.02962962962962963
0 0.2078125 0.5263888888888889 0.034895833333333334 0.032407407407407406
0 0.35130208333333335 0.5037037037037037 0.03229166666666667 0.030555555555555555
0 0.32526041666666666 0.5416666666666666 0.034375 0.02962962962962963
0 0.41015625 0.5324074074074074 0.03229166666666667 0.028703703703703703
0 0.36614583333333334 0.6699074074074074 0.03125 0.02962962962962963
0 0.5200520833333333 0.7106481481481481 0.0328125 0.030555555555555555
0 0.503125 0.6486111111111111 0.027604166666666666 0.041666666666666664
0 0.48776041666666664 0.5328703703703703 0.028645833333333332 0.027777777777777776
0 0.4296875 0.43333333333333335 0.030729166666666665 0.05462962962962963
0 0.51328125 0.387037037037037 0.0203125 0.05555555555555555
0 0.5416666666666666 0.45740740740740743 0.027604166666666666 0.046296296296296294
0 0.4434895833333333 0.29398148148148145 0.0203125 0.06574074074074074
0 0.4825520833333333 0.31851851851851853 0.016145833333333335 0.05
0 0.4786458333333333 0.22268518518518518 0.016666666666666666 0.06111111111111111
0 0.47890625 0.1412037037037037 0.0171875 0.06759259259259259
0 0.47682291666666665 0.04675925925925926 0.021875 0.07962962962962963
0 0.8734375 0.5032407407407408 0.028125 0.027777777777777776
0 0.8294270833333334 0.5101851851851852 0.03125 0.028703703703703703
0 0.7794270833333333 0.45740740740740743 0.03177083333333333 0.028703703703703703