0 0.96796875 0.4097222222222222 0.03802083333333333 0.03425925925925926
0 0.86171875 0.5513888888888889 0.0359375 0.032407407407407406
0 0.821875 0.5708333333333333 0.035416666666666666 0.03425925925925926
0 0.7244791666666667 0.5203703703703704 0.03229166666666667 0.03148148148148148
0 0.6809895833333334 0.5402777777777777 0.0359375 0.03518518518518519
0 0.64140625 0.49953703703703706 0.03333333333333333 0.03148148148148148
0 0.6028645833333334 0.537962962962963 0.036458333333333336 0.041666666666666664
0 0.54765625 0.6125 0.0234375 0.049074074074074076
0 0.5401041666666667 0.7648148148148148 0.019270833333333334 0.06481481481481481
0 0.49947916666666664 0.6671296296296296 0.017708333333333333 0.053703703703703705
0 0.4908854166666667 0.7611111111111111 0.018229166666666668 0.06018518518518518
0 0.48125 0.8412037037037037 0.017708333333333333 0.06759259259259259
0 0.4713541666666667 0.937037037037037 0.024479166666666666 0.08703703703703704
0 0.45234375 0.5013888888888889 0.030729166666666665 0.05277777777777778
0 0.4778645833333333 0.43425925925925923 0.0328125 0.03333333333333333
0 0.51875 0.337037037037037 0.029166666666666667 0.044444444444444446
0 0.13984375 0.34120370370370373 0.029166666666666667 0.03333333333333333
0 0.18229166666666666 0.3486111111111111 0.03177083333333333 0.028703703703703703
0 0.19348958333333333 0.3875 0.0328125 0.030555555555555555
0 0.30625 0.41712962962962963 0.03697916666666667 0.032407407407407406
0 0.28463541666666664 0.38101851851851853 0.028645833333333332 0.027777777777777776
0 0.20182291666666666 0.24027777777777778 0.030729166666666665 0.027777777777777776