0 0.17083333333333334 0.49537037037037035 0.03333333333333333 0.023148148148148147
0 0.24921875 0.4949074074074074 0.03697916666666667 0.025
0 0.2078125 0.5282407407407408 0.033854166666666664 0.027777777777777776
0 0.35182291666666665 0.524074074074074 0.03125 0.026851851851851852
0 0.32395833333333335 0.4912037037037037 0.03333333333333333 0.025925925925925925
0 0.40859375 0.4842592592592593 0.03125 0.025
0 0.3567708333333333 0.3560185185185185 0.030208333333333334 0.025925925925925925
0 0.5075520833333333 0.2865740740740741 0.03177083333333333 0.026851851851851852
0 0.4942708333333333 0.35138888888888886 0.0265625 0.03888888888888889
0 0.4859375 0.46944444444444444 0.027604166666666666 0.024074074074074074
0 0.43411458333333336 0.5791666666666667 0.028645833333333332 0.05185185185185185
0 0.5197916666666667 0.6101851851851852 0.018229166666666668 0.053703703703703705
0 0.54375 0.5347222222222222 0.026041666666666668 0.04351851851851852
0 0.45598958333333334 0.7152777777777778 0.017708333333333333 0.06388888888888888
0 0.49322916666666666 0.6837962962962963 0.014583333333333334 0.04814814814814815
0 0.4953125 0.7796296296296297 0.014583333333333334 0.05925925925925926
0 0.5002604166666667 0.8606481481481482 0.014583333333333334 0.06574074074074074
0 0.5036458333333333 0.9550925925925926 0.01875 0.07777777777777778
0 0.87109375 0.4273148148148148 0.027083333333333334 0.025
0 0.8270833333333333 0.4287037037037037 0.030208333333333334 0.025
0 0.78046875 0.49027777777777776 0.030729166666666665 0.025