0 0.07109375 0.4300925925925926 0.036458333333333336 0.028703703703703703
0 0.17213541666666668 0.4398148148148148 0.030729166666666665 0.027777777777777776
0 0.21692708333333333 0.4532407407407407 0.033854166666666664 0.030555555555555555
0 0.14114583333333333 0.30694444444444446 0.03125 0.025925925925925925
0 0.31640625 0.3074074074074074 0.030208333333333334 0.027777777777777776
0 0.4981770833333333 0.28055555555555556 0.027083333333333334 0.026851851851851852
0 0.7591145833333334 0.2953703703703704 0.029166666666666667 0.025925925925925925
0 0.7106770833333333 0.3175925925925926 0.03229166666666667 0.02962962962962963
0 0.6708333333333333 0.3125 0.029166666666666667 0.027777777777777776
0 0.6171875 0.30648148148148147 0.028125 0.027777777777777776
0 0.57734375 0.30185185185185187 0.0296875 0.024074074074074074
0 0.5752604166666667 0.32592592592592595 0.03229166666666667 0.026851851851851852
0 0.6575520833333334 0.4935185185185185 0.03177083333333333 0.027777777777777776
0 0.7458333333333333 0.46064814814814814 0.030208333333333334 0.026851851851851852
0 0.903125 0.46805555555555556 0.03177083333333333 0.028703703703703703
0 0.8549479166666667 0.4703703703703704 0.0296875 0.026851851851851852
0 0.31588541666666664 0.4532407407407407 0.029166666666666667 0.026851851851851852
0 0.3684895833333333 0.4597222222222222 0.03333333333333333 0.025925925925925925
0 0.4 0.5120370370370371 0.03177083333333333 0.03796296296296296
0 0.44375 0.6180555555555556 0.022916666666666665 0.05555555555555555
0 0.5036458333333333 0.5569444444444445 0.0171875 0.05185185185185185
0 0.44765625 0.7865740740740741 0.01875 0.06388888888888888