0 0.044270833333333336 0.4009259259259259 0.03958333333333333 0.032407407407407406
0 0.13177083333333334 0.41944444444444445 0.03802083333333333 0.03333333333333333
0 0.27682291666666664 0.47638888888888886 0.0359375 0.037037037037037035
0 0.3528645833333333 0.48842592592592593 0.03333333333333333 0.03148148148148148
0 0.41380208333333335 0.5282407407407408 0.03333333333333333 0.049074074074074076
0 0.44583333333333336 0.6458333333333334 0.022916666666666665 0.06018518518518518
0 0.4825520833333333 0.7 0.019270833333333334 0.05740740740740741
0 0.4752604166666667 0.899537037037037 0.0171875 0.06481481481481481
0 0.47682291666666665 0.7782407407407408 0.0171875 0.062037037037037036
0 0.4513020833333333 0.8532407407407407 0.018229166666666668 0.06388888888888888
0 0.6283854166666667 0.4726851851851852 0.0328125 0.03333333333333333
0 0.9096354166666667 0.5078703703703704 0.034895833333333334 0.03333333333333333
0 0.8684895833333334 0.5064814814814815 0.0296875 0.027777777777777776