0 0.46640625 0.4625 0.025520833333333333 0.07592592592592592
0 0.27005208333333336 0.5449074074074074 0.043229166666666666 0.041666666666666664
0 0.25104166666666666 0.5050925925925925 0.0421875 0.03611111111111111
0 0.41640625 0.225 0.022395833333333334 0.06666666666666667
0 0.5442708333333334 0.33287037037037037 0.034895833333333334 0.0712962962962963
0 0.6091145833333333 0.4166666666666667 0.04635416666666667 0.05925925925925926
0 0.7346354166666667 0.44722222222222224 0.041666666666666664 0.03981481481481482
0 0.7786458333333334 0.5643518518518519 0.04739583333333333 0.040740740740740744
0 0.7122395833333334 0.5796296296296296 0.04635416666666667 0.03796296296296296
0 0.9119791666666667 0.5476851851851852 0.05416666666666667 0.04351851851851852
0 0.8385416666666666 0.5560185185185185 0.041666666666666664 0.03796296296296296
0 0.8408854166666667 0.4699074074074074 0.0546875 0.04351851851851852
0 0.50703125 0.15185185185185185 0.022916666666666665 0.07592592592592592
0 0.24739583333333334 0.5902777777777778 0.0453125 0.03518518518518519
0 0.20807291666666666 0.5476851851851852 0.0453125 0.03333333333333333
0 0.15208333333333332 0.5546296296296296 0.046875 0.041666666666666664
0 0.2643229166666667 0.6412037037037037 0.03958333333333333 0.03611111111111111
0 0.09427083333333333 0.5564814814814815 0.04479166666666667 0.037037037037037035
0 0.026041666666666668 0.5648148148148148 0.04739583333333333 0.03888888888888889