0 0.2453125 0.5162037037037037 0.05 0.044444444444444446
0 0.27890625 0.6342592592592593 0.04583333333333333 0.03981481481481482
0 0.28541666666666665 0.6805555555555556 0.04479166666666667 0.04259259259259259
0 0.3502604166666667 0.46111111111111114 0.04895833333333333 0.05277777777777778
0 0.503125 0.5282407407407408 0.025 0.07592592592592592
0 0.4153645833333333 0.7273148148148149 0.04583333333333333 0.053703703703703705
0 0.5294270833333333 0.7393518518518518 0.028645833333333332 0.08148148148148149
0 0.7489583333333333 0.42314814814814816 0.04895833333333333 0.044444444444444446
0 0.75390625 0.47175925925925927 0.04895833333333333 0.044444444444444446
0 0.809375 0.44907407407407407 0.04479166666666667 0.03796296296296296
0 0.8091145833333333 0.40879629629629627 0.04479166666666667 0.040740740740740744
0 0.8729166666666667 0.3976851851851852 0.04895833333333333 0.04351851851851852
0 0.86484375 0.44305555555555554 0.04479166666666667 0.04259259259259259
0 0.9174479166666667 0.4310185185185185 0.043229166666666666 0.03796296296296296
0 0.9205729166666666 0.47824074074074074 0.04583333333333333 0.03981481481481482
0 0.9502604166666667 0.3824074074074074 0.04791666666666667 0.04537037037037037
0 0.9677083333333333 0.425 0.0484375 0.046296296296296294