0 0.7221354166666667 0.6023148148148149 0.04583333333333333 0.040740740740740744
0 0.7153645833333333 0.5578703703703703 0.04791666666666667 0.04259259259259259
0 0.78046875 0.538425925925926 0.04791666666666667 0.046296296296296294
0 0.8401041666666667 0.5231481481481481 0.0421875 0.040740740740740744
0 0.66328125 0.42916666666666664 0.042708333333333334 0.05092592592592592
0 0.42630208333333336 0.4722222222222222 0.021354166666666667 0.06111111111111111
0 0.46484375 0.4476851851851852 0.021875 0.07685185185185185
0 0.559375 0.3597222222222222 0.040625 0.08055555555555556
0 0.5153645833333333 0.24814814814814815 0.027083333333333334 0.07314814814814814
0 0.48203125 0.06342592592592593 0.025 0.075
0 0.8463541666666666 0.625462962962963 0.0484375 0.04351851851851852
0 0.32526041666666666 0.6449074074074074 0.041666666666666664 0.04351851851851852
0 0.24921875 0.6143518518518518 0.0421875 0.03796296296296296
0 0.2716145833333333 0.5638888888888889 0.041666666666666664 0.040740740740740744
0 0.25104166666666666 0.5259259259259259 0.040625 0.037037037037037035
0 0.20078125 0.537962962962963 0.04375 0.03796296296296296
0 0.20911458333333333 0.5731481481481482 0.04479166666666667 0.03888888888888889
0 0.15390625 0.5851851851851851 0.046875 0.041666666666666664
0 0.09635416666666667 0.5935185185185186 0.04583333333333333 0.040740740740740744