0 0.05911458333333333 0.5060185185185185 0.0484375 0.03611111111111111
0 0.2671875 0.4875 0.04479166666666667 0.030555555555555555
0 0.640625 0.5615740740740741 0.035416666666666666 0.041666666666666664
0 0.6997395833333333 0.3435185185185185 0.04010416666666667 0.044444444444444446
0 0.7567708333333333 0.4935185185185185 0.040625 0.03333333333333333
0 0.8442708333333333 0.4981481481481482 0.03958333333333333 0.03148148148148148
0 0.9598958333333333 0.5046296296296297 0.042708333333333334 0.03148148148148148
0 0.58671875 0.2 0.022395833333333334 0.07962962962962963
0 0.490625 0.14305555555555555 0.03125 0.075
0 0.5604166666666667 0.08796296296296297 0.025 0.08148148148148149
0 0.6234375 0.13518518518518519 0.021875 0.07962962962962963
0 0.5158854166666667 0.9439814814814815 0.021354166666666667 0.0824074074074074