0 0.24661458333333333 0.4532407407407407 0.0484375 0.03888888888888889
0 0.27057291666666666 0.5782407407407407 0.04479166666666667 0.03425925925925926
0 0.2734375 0.6259259259259259 0.043229166666666666 0.03796296296296296
0 0.3546875 0.42407407407407405 0.04739583333333333 0.04722222222222222
0 0.5010416666666667 0.5287037037037037 0.022395833333333334 0.07314814814814814
0 0.39817708333333335 0.7041666666666667 0.044270833333333336 0.049074074074074076
0 0.5104166666666666 0.7444444444444445 0.025520833333333333 0.07962962962962963
0 0.7526041666666666 0.48564814814814816 0.04739583333333333 0.03888888888888889
0 0.7536458333333333 0.5347222222222222 0.04739583333333333 0.03888888888888889
0 0.8104166666666667 0.5263888888888889 0.04375 0.03333333333333333
0 0.81328125 0.4861111111111111 0.04375 0.03611111111111111
0 0.87734375 0.4912037037037037 0.04791666666666667 0.03796296296296296
0 0.865625 0.5337962962962963 0.043229166666666666 0.03796296296296296
0 0.91875 0.5347222222222222 0.0421875 0.03333333333333333
0 0.9182291666666667 0.5824074074074074 0.04479166666666667 0.03425925925925926
0 0.9549479166666667 0.4949074074074074 0.04635416666666667 0.03981481481481482
0 0.9690104166666667 0.5416666666666666 0.046875 0.040740740740740744