0 0.46458333333333335 0.4675925925925926 0.029166666666666667 0.0787037037037037
0 0.27317708333333335 0.5805555555555556 0.04479166666666667 0.04814814814814815
0 0.25234375 0.5435185185185185 0.043229166666666666 0.04259259259259259
0 0.40338541666666666 0.2388888888888889 0.025 0.06944444444444445
0 0.5359375 0.3263888888888889 0.03802083333333333 0.07592592592592592
0 0.6046875 0.4 0.04895833333333333 0.06574074074074074
0 0.73125 0.4111111111111111 0.043229166666666666 0.04537037037037037
0 0.7807291666666667 0.5208333333333334 0.04895833333333333 0.04722222222222222
0 0.7153645833333333 0.5462962962962963 0.04739583333333333 0.044444444444444446
0 0.9127604166666666 0.4837962962962963 0.05572916666666667 0.05185185185185185
0 0.8401041666666667 0.5032407407407408 0.042708333333333334 0.04351851851851852
0 0.83828125 0.41759259259259257 0.05625 0.05185185185185185
0 0.48984375 0.15185185185185185 0.0265625 0.0787037037037037
0 0.25286458333333334 0.6291666666666667 0.04635416666666667 0.041666666666666664
0 0.21145833333333333 0.5925925925925926 0.04635416666666667 0.040740740740740744
0 0.15625 0.6083333333333333 0.0484375 0.04814814814814815
0 0.2721354166666667 0.6773148148148148 0.040625 0.041666666666666664
0 0.09869791666666666 0.6189814814814815 0.04583333333333333 0.04351851851851852
0 0.030989583333333334 0.638425925925926 0.0484375 0.04537037037037037