0 0.06197916666666667 0.41203703703703703 0.050520833333333334 0.04537037037037037
0 0.2677083333333333 0.4689814814814815 0.04635416666666667 0.03888888888888889
0 0.6434895833333333 0.4648148148148148 0.0375 0.04814814814814815
0 0.6893229166666667 0.6925925925925925 0.042708333333333334 0.05185185185185185
0 0.7549479166666667 0.5541666666666667 0.0421875 0.040740740740740744
0 0.8421875 0.5657407407407408 0.04114583333333333 0.03888888888888889
0 0.9575520833333333 0.5810185185185185 0.044270833333333336 0.03888888888888889
0 0.5684895833333333 0.8143518518518519 0.027083333333333334 0.08333333333333333
0 0.46979166666666666 0.8532407407407407 0.035416666666666666 0.08055555555555556
0 0.5359375 0.9208333333333333 0.0296875 0.08611111111111111
0 0.6013020833333333 0.8856481481481482 0.0265625 0.08333333333333333
0 0.5419270833333333 0.06157407407407407 0.026041666666666668 0.08611111111111111