0 0.04114583333333333 0.47129629629629627 0.03854166666666667 0.02962962962962963
0 0.12942708333333333 0.47685185185185186 0.03697916666666667 0.030555555555555555
0 0.27734375 0.46111111111111114 0.035416666666666666 0.03333333333333333
0 0.3536458333333333 0.4703703703703704 0.03229166666666667 0.028703703703703703
0 0.4171875 0.44814814814814813 0.03177083333333333 0.046296296296296294
0 0.459375 0.34074074074074073 0.021354166666666667 0.058333333333333334
0 0.5005208333333333 0.2972222222222222 0.017708333333333333 0.05648148148148148
0 0.5106770833333333 0.09861111111111111 0.015625 0.06388888888888888
0 0.5015625 0.21851851851851853 0.015104166666666667 0.06111111111111111
0 0.4830729166666667 0.13796296296296295 0.016145833333333335 0.062037037037037036
0 0.6244791666666667 0.5625 0.03177083333333333 0.030555555555555555
0 0.9052083333333333 0.6060185185185185 0.033854166666666664 0.02962962962962963
0 0.8645833333333334 0.5962962962962963 0.029166666666666667 0.025