0 0.9807291666666667 0.5402777777777777 0.0359375 0.027777777777777776
0 0.8622395833333333 0.537962962962963 0.036458333333333336 0.030555555555555555
0 0.6622395833333333 0.4930555555555556 0.03333333333333333 0.028703703703703703
0 0.6479166666666667 0.5268518518518519 0.03177083333333333 0.028703703703703703
0 0.5625 0.524074074074074 0.03177083333333333 0.027777777777777776
0 0.4432291666666667 0.5194444444444445 0.03177083333333333 0.02962962962962963
0 0.4739583333333333 0.4597222222222222 0.025 0.046296296296296294
0 0.5768229166666666 0.41435185185185186 0.025 0.05185185185185185
0 0.5526041666666667 0.2689814814814815 0.01875 0.06574074074074074
0 0.5234375 0.2726851851851852 0.018229166666666668 0.062037037037037036
0 0.52265625 0.1814814814814815 0.017708333333333333 0.06111111111111111
0 0.5208333333333334 0.043055555555555555 0.017708333333333333 0.06388888888888888
0 0.09453125 0.5421296296296296 0.0296875 0.028703703703703703
0 0.15520833333333334 0.5412037037037037 0.030729166666666665 0.025
0 0.25026041666666665 0.5453703703703704 0.03229166666666667 0.025
0 0.315625 0.5467592592592593 0.036458333333333336 0.03333333333333333