0 0.9763020833333333 0.3763888888888889 0.03697916666666667 0.032407407407407406
0 0.8596354166666667 0.41435185185185186 0.0375 0.03518518518518519
0 0.6583333333333333 0.43796296296296294 0.034375 0.03333333333333333
0 0.6479166666666667 0.4759259259259259 0.0328125 0.03333333333333333
0 0.5638020833333334 0.5023148148148148 0.0328125 0.032407407407407406
0 0.44609375 0.538425925925926 0.0328125 0.03425925925925926
0 0.4703125 0.4689814814814815 0.027083333333333334 0.05
0 0.5661458333333333 0.38981481481481484 0.027083333333333334 0.05555555555555555
0 0.5268229166666667 0.2550925925925926 0.021354166666666667 0.06759259259259259
0 0.4984375 0.2689814814814815 0.021354166666666667 0.06388888888888888
0 0.48802083333333335 0.17962962962962964 0.020833333333333332 0.06296296296296296
0 0.4713541666666667 0.044444444444444446 0.0203125 0.06666666666666667
0 0.10651041666666666 0.6787037037037037 0.030729166666666665 0.03333333333333333
0 0.16588541666666667 0.6574074074074074 0.03177083333333333 0.02962962962962963
0 0.2596354166666667 0.6291666666666667 0.03333333333333333 0.02962962962962963
0 0.32395833333333335 0.6083333333333333 0.0375 0.03796296296296296