0 0.7546875 0.5083333333333333 0.049479166666666664 0.04351851851851852
0 0.7223958333333333 0.6277777777777778 0.04583333333333333 0.03796296296296296
0 0.7161458333333334 0.674074074074074 0.044270833333333336 0.041666666666666664
0 0.64921875 0.4564814814814815 0.0484375 0.05185185185185185
0 0.49713541666666666 0.5282407407407408 0.024479166666666666 0.075
0 0.5869791666666667 0.7245370370370371 0.0453125 0.05277777777777778
0 0.47291666666666665 0.7402777777777778 0.027604166666666666 0.08148148148148149
0 0.25026041666666665 0.4310185185185185 0.0484375 0.04351851851851852
0 0.24583333333333332 0.47962962962962963 0.0484375 0.04351851851851852
0 0.19010416666666666 0.4587962962962963 0.04479166666666667 0.037037037037037035
0 0.19010416666666666 0.4185185185185185 0.04479166666666667 0.03981481481481482
0 0.12630208333333334 0.40925925925925927 0.04895833333333333 0.04259259259259259
0 0.13463541666666667 0.45416666666666666 0.044270833333333336 0.041666666666666664
0 0.08177083333333333 0.4439814814814815 0.043229166666666666 0.037037037037037035
0 0.07916666666666666 0.4912037037037037 0.04583333333333333 0.03796296296296296
0 0.04869791666666667 0.3962962962962963 0.04739583333333333 0.044444444444444446
0 0.03177083333333333 0.4398148148148148 0.04791666666666667 0.04537037037037037