0 0.7296875 0.5703703703703704 0.044270833333333336 0.03518518518518519
0 0.728125 0.6180555555555556 0.043229166666666666 0.03888888888888889
0 0.72265625 0.662962962962963 0.044270833333333336 0.03518518518518519
0 0.2484375 0.49212962962962964 0.04791666666666667 0.041666666666666664
0 0.18776041666666668 0.49444444444444446 0.043229166666666666 0.03796296296296296
0 0.12395833333333334 0.5013888888888889 0.04895833333333333 0.040740740740740744
0 0.04609375 0.5078703703703704 0.04583333333333333 0.037037037037037035
0 0.03229166666666667 0.5537037037037037 0.046875 0.03981481481481482
0 0.08333333333333333 0.5939814814814814 0.04375 0.032407407407407406
0 0.19036458333333334 0.5342592592592592 0.043229166666666666 0.03333333333333333
0 0.24713541666666666 0.5407407407407407 0.04583333333333333 0.03796296296296296
0 0.13541666666666666 0.5430555555555555 0.043229166666666666 0.037037037037037035
0 0.0828125 0.5462962962962963 0.0421875 0.03333333333333333