0 0.5911458333333334 0.6314814814814815 0.033854166666666664 0.07962962962962963
0 0.43020833333333336 0.4847222222222222 0.0421875 0.03796296296296296
0 0.20234375 0.4550925925925926 0.0484375 0.03888888888888889
0 0.46119791666666665 0.3990740740740741 0.03854166666666667 0.03888888888888889
0 0.5604166666666667 0.3787037037037037 0.04010416666666667 0.03796296296296296
0 0.17630208333333333 0.549074074074074 0.046875 0.04259259259259259
0 0.125 0.3731481481481482 0.04375 0.03981481481481482
0 0.03567708333333333 0.44675925925925924 0.042708333333333334 0.03611111111111111
0 0.72421875 0.33194444444444443 0.03854166666666667 0.03611111111111111
0 0.6375 0.3277777777777778 0.0421875 0.03888888888888889
0 0.7408854166666666 0.3921296296296296 0.043229166666666666 0.037037037037037035
0 0.8255208333333334 0.42592592592592593 0.044270833333333336 0.03611111111111111
0 0.628125 0.4537037037037037 0.042708333333333334 0.03888888888888889
0 0.8239583333333333 0.33194444444444443 0.040625 0.03611111111111111
0 0.53984375 0.9037037037037037 0.022916666666666665 0.07314814814814814