0 0.20859375 0.5574074074074075 0.0421875 0.037037037037037035
0 0.2643229166666667 0.5662037037037037 0.042708333333333334 0.03611111111111111
0 0.26015625 0.6212962962962963 0.04375 0.03981481481481482
0 0.5046875 0.42407407407407405 0.0203125 0.07592592592592592
0 0.50390625 0.6800925925925926 0.028125 0.08333333333333333
0 0.5346354166666667 0.30648148148148147 0.021354166666666667 0.0787037037037037
0 0.63046875 0.42407407407407405 0.03802083333333333 0.05092592592592592
0 0.49505208333333334 0.8944444444444445 0.030208333333333334 0.07962962962962963
0 0.7549479166666667 0.47453703703703703 0.04114583333333333 0.040740740740740744
0 0.75234375 0.5125 0.041666666666666664 0.037037037037037035
0 0.8153645833333333 0.512962962962963 0.041666666666666664 0.03425925925925926
0 0.81484375 0.4703703703703704 0.0421875 0.032407407407407406
0 0.884375 0.5097222222222222 0.0453125 0.037037037037037035
0 0.7611979166666667 0.5574074074074075 0.042708333333333334 0.037037037037037035
0 0.9408854166666667 0.5199074074074074 0.04479166666666667 0.03796296296296296
0 0.6216145833333333 0.9601851851851851 0.023958333333333335 0.06851851851851852