0 0.27369791666666665 0.4013888888888889 0.04375 0.032407407407407406
0 0.27708333333333335 0.3541666666666667 0.042708333333333334 0.03611111111111111
0 0.284375 0.30972222222222223 0.04375 0.032407407407407406
0 0.75078125 0.5393518518518519 0.04739583333333333 0.03888888888888889
0 0.8114583333333333 0.5444444444444444 0.042708333333333334 0.03518518518518519
0 0.8752604166666667 0.5453703703703704 0.0484375 0.03796296296296296
0 0.953125 0.5481481481481482 0.0453125 0.03425925925925926
0 0.96875 0.5041666666666667 0.04635416666666667 0.037037037037037035
0 0.9192708333333334 0.45787037037037037 0.043229166666666666 0.02962962962962963
0 0.81015625 0.5041666666666667 0.042708333333333334 0.030555555555555555
0 0.7536458333333333 0.49074074074074076 0.0453125 0.03518518518518519
0 0.8653645833333333 0.5018518518518519 0.042708333333333334 0.03425925925925926
0 0.91796875 0.5055555555555555 0.041666666666666664 0.030555555555555555