0 0.17291666666666666 0.43333333333333335 0.034895833333333334 0.030555555555555555
0 0.25052083333333336 0.45092592592592595 0.03854166666666667 0.03333333333333333
0 0.21197916666666666 0.40879629629629627 0.035416666666666666 0.03518518518518519
0 0.35442708333333334 0.4439814814814815 0.0328125 0.03333333333333333
0 0.32447916666666665 0.4708333333333333 0.034895833333333334 0.03333333333333333
0 0.4083333333333333 0.49583333333333335 0.0328125 0.03148148148148148
0 0.34817708333333336 0.612037037037037 0.03177083333333333 0.032407407407407406
0 0.49296875 0.7134259259259259 0.03333333333333333 0.03333333333333333
0 0.48411458333333335 0.6462962962962963 0.028645833333333332 0.044444444444444446
0 0.48385416666666664 0.5273148148148148 0.029166666666666667 0.02962962962962963
0 0.4401041666666667 0.40694444444444444 0.03177083333333333 0.05740740740740741
0 0.52734375 0.39490740740740743 0.021875 0.05648148148148148
0 0.5458333333333333 0.475 0.028645833333333332 0.04814814814814815
0 0.47109375 0.27685185185185185 0.021875 0.06666666666666667
0 0.5057291666666667 0.3162037037037037 0.017708333333333333 0.05092592592592592
0 0.5143229166666666 0.2212962962962963 0.01875 0.062037037037037036
0 0.525 0.14212962962962963 0.019270833333333334 0.06851851851851852
0 0.5348958333333333 0.049074074074074076 0.023958333333333335 0.08055555555555556
0 0.8635416666666667 0.6523148148148148 0.028645833333333332 0.030555555555555555
0 0.81953125 0.6416666666666667 0.03177083333333333 0.03148148148148148
0 0.7776041666666667 0.5703703703703704 0.03229166666666667 0.03148148148148148