0 0.46197916666666666 0.9375 0.025 0.0824074074074074
0 0.940625 0.5680555555555555 0.0484375 0.03796296296296296
0 0.9158854166666667 0.48657407407407405 0.0453125 0.03981481481481482
0 0.49140625 0.32916666666666666 0.036458333333333336 0.07962962962962963
0 0.42916666666666664 0.36435185185185187 0.024479166666666666 0.0787037037037037
0 0.35989583333333336 0.275 0.03958333333333333 0.07685185185185185
0 0.42526041666666664 0.125 0.027083333333333334 0.08148148148148149
0 0.09817708333333333 0.4425925925925926 0.0453125 0.03888888888888889
0 0.19088541666666667 0.3162037037037037 0.04479166666666667 0.03796296296296296
0 0.1828125 0.449537037037037 0.041666666666666664 0.03981481481481482
0 0.25078125 0.45601851851851855 0.0421875 0.03888888888888889
0 0.35598958333333336 0.5416666666666666 0.036458333333333336 0.044444444444444446