0 0.7932291666666667 0.487962962962963 0.04375 0.04259259259259259
0 0.7380208333333333 0.4708333333333333 0.044270833333333336 0.04259259259259259
0 0.7447916666666666 0.4162037037037037 0.0453125 0.046296296296296294
0 0.49166666666666664 0.575 0.023958333333333335 0.0787037037037037
0 0.5049479166666667 0.3199074074074074 0.03177083333333333 0.08703703703703704
0 0.45598958333333334 0.687037037037037 0.025 0.08148148148148149
0 0.36640625 0.5550925925925926 0.04010416666666667 0.05648148148148148
0 0.52421875 0.10787037037037037 0.033854166666666664 0.08333333333333333
0 0.24479166666666666 0.48564814814814816 0.042708333333333334 0.046296296296296294
0 0.24921875 0.4486111111111111 0.043229166666666666 0.04259259259259259
0 0.18645833333333334 0.43796296296296294 0.043229166666666666 0.03981481481481482
0 0.18489583333333334 0.48055555555555557 0.043229166666666666 0.03888888888888889
0 0.11744791666666667 0.4310185185185185 0.046875 0.04351851851851852
0 0.24244791666666668 0.4023148148148148 0.044270833333333336 0.04351851851851852
0 0.06197916666666667 0.41203703703703703 0.04635416666666667 0.044444444444444446
0 0.40182291666666664 0.02962962962962963 0.027604166666666666 0.05925925925925926