0 0.5208333333333334 0.9412037037037037 0.021875 0.08055555555555556
0 0.0578125 0.513425925925926 0.04739583333333333 0.032407407407407406
0 0.08567708333333333 0.4351851851851852 0.044270833333333336 0.03425925925925926
0 0.5153645833333333 0.33055555555555555 0.03333333333333333 0.07592592592592592
0 0.57578125 0.3736111111111111 0.021354166666666667 0.07685185185185185
0 0.6484375 0.29305555555555557 0.03697916666666667 0.07222222222222222
0 0.5893229166666667 0.13518518518518519 0.023958333333333335 0.0787037037037037
0 0.903125 0.4925925925925926 0.044270833333333336 0.03333333333333333
0 0.815625 0.35509259259259257 0.04375 0.032407407407407406
0 0.8184895833333333 0.48935185185185187 0.040625 0.03425925925925926
0 0.7505208333333333 0.48703703703703705 0.04114583333333333 0.03333333333333333
0 0.6419270833333334 0.5597222222222222 0.035416666666666666 0.03981481481481482