0 0.9135416666666667 0.6337962962962963 0.04635416666666667 0.05
0 0.8651041666666667 0.5740740740740741 0.04895833333333333 0.05555555555555555
0 0.4109375 0.5449074074074074 0.042708333333333334 0.044444444444444446
0 0.515625 0.5458333333333333 0.04010416666666667 0.04259259259259259
0 0.20494791666666667 0.4587962962962963 0.04583333333333333 0.046296296296296294
0 0.20833333333333334 0.512962962962963 0.050520833333333334 0.053703703703703705
0 0.22161458333333334 0.5662037037037037 0.043229166666666666 0.044444444444444446
0 0.17239583333333333 0.5875 0.043229166666666666 0.044444444444444446
0 0.15520833333333334 0.549074074074074 0.0453125 0.04814814814814815
0 0.11119791666666666 0.5180555555555556 0.05364583333333333 0.053703703703703705
0 0.10130208333333333 0.5699074074074074 0.0453125 0.046296296296296294
0 0.16119791666666666 0.4842592592592593 0.04010416666666667 0.046296296296296294
0 0.05651041666666667 0.5416666666666666 0.0453125 0.049074074074074076
0 0.04348958333333333 0.6046296296296296 0.049479166666666664 0.05185185185185185
0 0.51171875 0.9361111111111111 0.024479166666666666 0.0787037037037037