0 0.7050052893919517 0.13898032823303474 0.05926858418674961 0.029380769296031905
0 0.6518648788403731 0.1613988572773289 0.05315509207925739 0.03125092261537978
0 0.7427173919945528 0.1721722591467843 0.09331736049510883 0.03973885145453693
0 0.8317798919945527 0.17892101184607667 0.04893032366340577 0.025486174689972253
0 0.908205884102045 0.18237882118406484 0.0481035710325699 0.024645725104890694
0 0.8948945420227876 0.15414707740784217 0.044796560509226424 0.021283926764564677
0 0.9210306497458862 0.3357998191094724 0.047906149957647415 0.04796482593472771
0 0.6288347154461971 0.40699477719341637 0.04092040258848364 0.048213279668994066
0 0.06416745776545088 0.14019987012586888 0.04585082629424182 0.02603062634964619
0 0.7516161229434168 0.8324226749136869 0.0283293973268119 0.04570358630768965
0 0.7611639701431716 0.9941793662948395 0.029709886803468068 0.011641267410320922