0 0.25424816598794503 0.1387603640880657 0.040945904567984304 0.03798467887824382
0 0.21373603064183758 0.18338346732199748 0.041068735300678935 0.04032842887824382
0 0.24980076266315615 0.35122274253676816 0.04489309814554918 0.03897064676606821
0 0.36377805348175907 0.3704408112836751 0.036053686680159916 0.03383276741285446
0 0.6885136233603198 0.09997001752439619 0.04176809814554918 0.038806872455808675
0 0.7067424021931351 0.22480292118786932 0.04205470318850324 0.0442756224558087
0 0.7065608542499846 0.667324613860923 0.0403693724558087 0.04184998530067894
0 0.816468120758328 0.6832129647200057 0.038806872455808515 0.04176809814554901
0 0.7454020262308235 0.7394795748513425 0.04530585594746519 0.03198034034363299
0 0.5844744923096256 0.6866367786056726 0.03115814676606803 0.0444836623699004
0 0.5414647987320607 0.6836036318396045 0.036091308231457474 0.04941682383528967
0 0.2812676051544958 0.6691881705105007 0.02951375961093845 0.04283927521477064
0 0.2371811697175313 0.8834686765033947 0.019316566033373485 0.041525758706427496