0 0.16418015378718792 0.10253550209368696 0.04793350595192836 0.050988699631682934
0 0.22747049414626752 0.09654794602538669 0.04474487343837099 0.03983267834435946
0 0.26634664178513534 0.12584767993384333 0.036891466822512695 0.032255125126050777
0 0.39371766286237425 0.11225543747541192 0.04401816559284875 0.04915304802252858
0 0.46422508470173884 0.20806532818880297 0.049446008976990544 0.04250421027534461
0 0.47031145823830567 0.23575328561415604 0.05089033430895533 0.022300970919006423
0 0.5047728166495621 0.21850580145359783 0.0353289668225127 0.03214586448238901
0 0.5662769014494968 0.5195494953852976 0.021307373438370903 0.0381937686894334
0 0.5833280460633026 0.5417851283050185 0.018986349336070064 0.04193612772394086
0 0.6445013745185255 0.63121933288038 0.06113748789975162 0.03863616510280767
0 0.23658433538910995 0.6777051108760929 0.039294304156530305 0.042575266091543364
0 0.26857467877325164 0.6824965176810271 0.040770445745273866 0.027840776735205
0 0.27947075127654625 0.8230833128535643 0.03151362041330889 0.04749771287323483