0 0.08604464314239575 0.08992052363311197 0.03448475598392364 0.040630353838727304
0 0.09416561445704852 0.10963209009297244 0.036810322188333355 0.040012994804219916
0 0.21725435628892337 0.28353984763454104 0.04747506525447918 0.02905906930985207
0 0.4578020486338884 0.5046125462578177 0.02930694671336802 0.05274794158591121
0 0.6919270479682984 0.26438711196137354 0.04589438145888884 0.02816855866619026
0 0.5841859767298956 0.33587933573037154 0.02747168977951393 0.04091993094224948
0 0.6068785943210762 0.3327325563972764 0.024655814304548683 0.05398265965492603
0 0.7855120873872219 0.33194096269800777 0.026181946713368022 0.05252942029858776
0 0.9631701875953123 0.037945672217047755 0.020658645326597024 0.04980325804577168
0 0.9618791381084026 0.09341442221704775 0.017333623575104085 0.040990986758448214
0 0.7758370017124298 0.8146442020543461 0.02116713839274311 0.0381391383676025