0 0.008619599666991998 0.7127242203310059 0.017239199333983997 0.06768533008391256
0 0.1308793166885313 0.9312229987506001 0.0437569762518895 0.07020667883915692
0 0.314213274383395 0.7081020396177491 0.05283657366340586 0.02578217261537983
0 0.5135832138035815 0.6369929437622895 0.039623213097709886 0.06600443091374952
0 0.5619065927145419 0.5952189182424803 0.03495112364928836 0.039205132573423465
0 0.5742924716255022 0.5561680736364206 0.024976884172632198 0.04156053796736394
0 0.5799124110456887 0.49974047488117607 0.02203389469597585 0.04444873962703788
0 0.5883388320500238 0.44854482778560556 0.025849139434303937 0.04318223755244528
0 0.5907882688393744 0.39313527737068704 0.020934126280124234 0.038920790041956185
0 0.5968177319370843 0.3296764286154425 0.02479487364928836 0.038435537967363854
0 0.5999119108339273 0.2765514286154425 0.024013623649288364 0.03837633838228234
0 0.4519573421498445 0.012420841482560025 0.042589318401734036 0.02345007800932013
0 0.1744014895472435 0.06378704501633377 0.04585082629424182 0.02603062634964619