0 0.7030010036281971 0.03698873163954271 0.058630955534962934 0.027480143815484193
0 0.6492410865678216 0.06737535416770343 0.05073660998146643 0.02459009059717552
0 0.7400024958236487 0.0649444868353228 0.09360615626060227 0.04707137797604237
0 0.8290649958236488 0.05871663014660391 0.04836557813030105 0.02364494963168291
0 0.9055456502701524 0.051019108607178884 0.050228178493120626 0.03234796027534466
0 0.8928720354793626 0.024494813434641903 0.04435020072563915 0.02024679802252858
0 0.9147991430985764 0.20387095699802454 0.04605903366526398 0.04686392834435944
0 0.6204167152384278 0.3184351096155851 0.0374380018140986 0.04548174480421992
0 0.06099704210278445 0.13200411682817753 0.04515873257680485 0.02108267834435944
0 0.7334500056119316 0.7295204390648957 0.02496528366526398 0.045388909654925945
0 0.7388617358264837 0.9069188193867266 0.03512153366526398 0.04609910383872702