0 0.24399638941687413 0.14599725258507384 0.04091215650563296 0.039971166819680624
0 0.19966371621819373 0.18936474425012412 0.04017637061225567 0.0414698939408634
0 0.22216553886287818 0.3580030450087285 0.0416024782923877 0.03690993969849794
0 0.3350603439565854 0.3805313624372323 0.03693771034569897 0.03730855242559432
0 0.68329222162847 0.11999131472274374 0.04008544239901042 0.0383448939408634
0 0.6913965751519668 0.24516665790500278 0.04587244114536908 0.04972880409258433
0 0.6550472688711254 0.6870034715404847 0.044264477038746364 0.04803875833494971
0 0.764126752178078 0.7060879245749022 0.03627012061225567 0.041151029546777095
0 0.6881576340731048 0.7601857510872618 0.04872465650563314 0.04060889560785341
0 0.5308596111118513 0.7027086066873565 0.027790030878812287 0.04435577787978708
0 0.4879135931651626 0.6984198483524067 0.034980405251991795 0.05039848378914247
0 0.22778007521847393 0.6764022297062565 0.030133780878812376 0.044547096516238935
0 0.16599181439792127 0.8890618553102307 0.023079798825501062 0.043191890606883734