0 0.021875 0.63125 0.040625 0.025
0 0.0390625 0.6546875 0.0375 0.0234375
0 0.1359375 0.603125 0.0375 0.01875
0 0.19375 0.5875 0.0375 0.021875
0 0.2390625 0.571875 0.0375 0.0203125
0 0.221875 0.6125 0.0390625 0.021875
0 0.2625 0.503125 0.034375 0.0234375
0 0.3984375 0.428125 0.015625 0.034375
0 0.421875 0.3671875 0.015625 0.0375
0 0.39375 0.3078125 0.01875 0.0453125
0 0.475 0.2546875 0.0171875 0.0375
0 0.5203125 0.39375 0.0265625 0.0359375
0 0.478125 0.44375 0.015625 0.0359375
0 0.6 0.45 0.034375 0.01875
0 0.678125 0.4640625 0.0375 0.015625
0 0.7421875 0.475 0.0390625 0.0171875
0 0.7078125 0.496875 0.0359375 0.015625
0 0.765625 0.5015625 0.0359375 0.015625
0 0.75625 0.5265625 0.0390625 0.015625
0 0.6984375 0.521875 0.034375 0.015625
0 0.81875 0.534375 0.0390625 0.0140625
0 0.83125 0.50625 0.0390625 0.015625
0 0.878125 0.5109375 0.040625 0.0171875
0 0.9671875 0.421875 0.0578125 0.021875
0 0.6671875 0.5625 0.0375 0.015625
0 0.5734375 0.5625 0.0390625 0.0265625
0 0.4828125 0.559375 0.0171875 0.0359375
0 0.434375 0.5921875 0.01875 0.0421875
0 0.4109375 0.68125 0.01875 0.0375
0 0.4421875 0.721875 0.0171875 0.0375
0 0.4875 0.675 0.0171875 0.0375
0 0.46875 0.7578125 0.01875 0.0421875