0 0.4082872821955286 0.6328819989036917 0.02455509328594587 0.05865823738612832
0 0.9633918969514967 0.4554316769334763 0.05953862646343318 0.03019842068857237
0 0.8825236920328408 0.5182193644122719 0.05967952702916719 0.05441717068857255
0 0.0880202339909267 0.6295089399258662 0.03919431020665445 0.024020342558271325
0 0.17056002321853816 0.5855258161494016 0.039207945745273864 0.026364092558271324
0 0.22516570998682162 0.5733730457309816 0.0384221505657341 0.02555556070710594
0 0.1421350413689108 0.5329811695074461 0.042360216822512745 0.031160719962933216
0 0.4247839149054776 0.514732199629331 0.01582498789975162 0.03492063702330857
0 0.5000111738824682 0.5564137573412122 0.01894544272021186 0.03424851442797028
0 0.463101005460949 0.3879712921876025 0.020530668617910842 0.03820932813030105
0 0.40534304761542667 0.3953274352013608 0.02288350897699054 0.03985367368379737
0 0.5116213604543598 0.6724207032575281 0.018191463797450604 0.0389087325768049
0 0.704416872751 0.5151241023465543 0.03605112948849527 0.02078621515360979
0 0.7653816438282389 0.5219395867374577 0.03917158430895533 0.020114092558271325
0 0.8310702763417961 0.5351687622353536 0.037627265027114734 0.023184528855940557
0 0.8998748184962739 0.5469445651379112 0.03918067466803521 0.021676592558271323