0 0.4226912862225817 0.5928164466408259 0.0266821719450391 0.05941457279438911
0 0.9718045255342105 0.3602953269656675 0.05639094893157903 0.02484860811184957
0 0.8938723012662765 0.43112706354743224 0.058440637305303154 0.052092228562200305
0 0.10260610675569512 0.6211555043189366 0.038068301332783515 0.021934359191583753
0 0.1840546835570147 0.5689736381875227 0.040593907759274205 0.028334553516057782
0 0.23833300659741058 0.5514066039497963 0.03728705133278352 0.021884294416759077
0 0.1544293680384662 0.5192134700812104 0.04305131802583091 0.03239099784053181
0 0.436423514119258 0.47296502159468334 0.01899169239901042 0.0363077398209672
0 0.512560116784825 0.5072213032115159 0.0197274782923877 0.03479530459579187
0 0.4717579573761981 0.3423367828534503 0.016693406505633133 0.037720045496493174
0 0.4142182420159342 0.3554165761904752 0.023792852665567032 0.040514378469915166
0 0.5268619606749034 0.6221453963639706 0.01752012061225585 0.03933261027131785
0 0.7158382294795219 0.4456668322074548 0.03567908722616089 0.020221664867109725
0 0.7769121217993898 0.4464492797711313 0.03972172954602904 0.025159488741233103
0 0.8428553705457487 0.4531813386858598 0.038068301332783605 0.021934359191583753
0 0.9118781551854849 0.45815063850128973 0.039653533386094605 0.022815738741233105