0 0.0028909093061029877 0.657190738741233 0.005781818612205975 0.02745317396640843
0 0.08670483755306936 0.611836270819491 0.040003117728066216 0.02354692396640843
0 0.14579279512941473 0.5999160641565158 0.03934941348570078 0.025059359191583752
0 0.19238075270576008 0.5871948210963461 0.0390943219704317 0.021934359191583753
0 0.17187706300726213 0.6267183960502036 0.041884482122152546 0.02755330351605778
0 0.22143026604167965 0.5199467643410859 0.03992336939505616 0.032090609191583755
0 0.3634899624081373 0.4536580351605769 0.02402730242559432 0.0372892489202659
0 0.3919017469558842 0.39422247840531666 0.021093621062046174 0.0394327398209672
0 0.36862348574599657 0.333045146511629 0.029671395607853323 0.04930838756921378
0 0.45421004150557065 0.2851268830933936 0.023437371062046 0.03958293414544123
0 0.4881709690760971 0.42709314003322396 0.032812371062046174 0.04018371144333717
0 0.441902004831792 0.4743896421926923 0.018622325304411547 0.037720045496493174
0 0.5632668218012539 0.48844974706533933 0.03785068636451801 0.025740479641934398
0 0.640243909982543 0.5075187245478053 0.039811799091614475 0.021203173966408428
0 0.7034135896791012 0.5225615360834276 0.04228309484924893 0.022915868290882456
0 0.6672529490722178 0.5422336859911425 0.0375318219704317 0.021834229641934398
0 0.7246828117993142 0.5506259793281674 0.03922186772806633 0.02349685919158375
0 0.7132670796771616 0.5750252020302714 0.039684253333979846 0.01964067396640843
0 0.6558372169500652 0.5666329086932466 0.03668679909161447 0.021002914867109722
0 0.7751293508889889 0.5868428840162443 0.03942916181871077 0.016515673966408427
0 0.7899251745264106 0.5595189204134389 0.04059304909161447 0.021253238741233103
0 0.8364175372535069 0.5672103069029185 0.043064344849248926 0.022965933065706955
0 0.9327501454386754 0.48385519123292975 0.06283471091032525 0.03666748766149901
0 0.6212710272515672 0.6052553177002601 0.03993934484924892 0.02276567396640843
0 0.5275210272515672 0.5992475447213008 0.045583438031508015 0.034784812615356306
0 0.4371511187668363 0.5903150308416402 0.024936098183228773 0.03890181369509058
0 0.3860351578565111 0.6200235148025113 0.022129962577315164 0.04260780459579187
0 0.3553275496713426 0.7075840715577714 0.025844893940863402 0.040514378469915256
0 0.38326135997284466 0.7502116625507579 0.022656121062046085 0.03953286937061655
0 0.43240023270188066 0.7062404194905882 0.0274073939408634 0.04061450801956461
0 0.40689030754725036 0.7878513648947963 0.02531873545613248 0.04358931369509058