0 0.11039518317365696 0.5901137449116174 0.039550500904511135 0.02622498530067894
0 0.3846980630926975 0.41282970714523215 0.020592460990419427 0.03613889586155707
0 0.4184113217991247 0.431736837402957 0.025361848145549183 0.037947057326946164
0 0.4233843475797222 0.2590363217991247 0.01837154172311415 0.03835981512886235
0 0.4672095906823174 0.29249727498762806 0.019811210990419426 0.03609795228399211
0 0.493178948438805 0.37176869515944455 0.02227779172311415 0.03856453301668683
0 0.5287070126631562 0.36583959972742885 0.019275622455808515 0.04074450870642732
0 0.44932048507353634 0.48633580619529243 0.019193735300678937 0.03918200870642714
0 0.4337640841235967 0.5462906603337355 0.018207767412854636 0.035234815128862354
0 0.501040115331261 0.5217686951594446 0.022977154567984215 0.03704297659425162
0 0.44476353912112215 0.6372432089542545 0.02149654172311415 0.03852358943912186
0 0.46376584463904624 0.6133077419709412 0.019934041723114148 0.03844170228399228
0 0.5220563794647554 0.6849237924004826 0.028115033921197963 0.045882388059640886
0 0.13883444368910652 0.6570489393936934 0.0386464201718165 0.023840291723114148
0 0.18809745929293878 0.6456068283578456 0.035439533016686786 0.022114017412854636
0 0.248297974896771 0.6347379274079058 0.04670458163720577 0.028937227498762753
0 0.17576787765573298 0.6184711182719372 0.037906113749381375 0.024580598145549006
0 0.5158683344622809 0.7749755823145743 0.02560750961093845 0.04263455732694634
0 0.2465783446390462 0.6019254274079058 0.05488557383528967 0.03637791327441153
0 0.7319559226582074 0.557243606963518 0.039468613749381376 0.024662485300678938
0 0.9803727231734346 0.46327003618044615 0.03925455365313084 0.0303735747398008