0 0.4010877178044714 0.6022602479856526 0.022992593285945873 0.05873567144481875
0 0.958483103048503 0.3827197973404492 0.05953408128389341 0.0297630958553869
0 0.8768513079671593 0.4516554811425576 0.058098846311008145 0.05157442885919252
0 0.08072976600907329 0.6231244822055029 0.03840851502711464 0.02343484140676253
0 0.16381497678146184 0.5728751314072001 0.03999828610435348 0.028186008402957086
0 0.2185842900131784 0.5565842865403964 0.03841306020665449 0.02421609140676253
0 0.13598995863108923 0.5224586373386992 0.040779536104353475 0.028217841901054187
0 0.4189660850945224 0.48280991102751436 0.01582953307929138 0.03579291996194378
0 0.4937388261175319 0.5188163952101835 0.02051248789975162 0.03520267095052709
0 0.458773994539051 0.35309323612265453 0.01583862343837108 0.037355419961943956
0 0.4009069523845733 0.36482391498184696 0.02210225897699054 0.03995383794672147
0 0.5040036395456402 0.6339957262368228 0.01428066861791084 0.03807300296574958
0 0.698708127249 0.4620385187087182 0.03764090056573401 0.02574675790866543
0 0.7596183561717612 0.4642430058571369 0.03917612948849527 0.02112292490485963
0 0.8251797236582039 0.4725064920169725 0.03681874394987581 0.018683674410568153
0 0.893875181503726 0.47908014418441935 0.03997101502711473 0.023498508402957086