0 0.4296875 0.478125 0.0140625 0.0375
0 0.46875 0.5078125 0.0171875 0.0375
0 0.4078125 0.5453125 0.0171875 0.040625
0 0.43125 0.571875 0.01875 0.0390625
0 0.4953125 0.571875 0.01875 0.0359375
0 0.4046875 0.4015625 0.015625 0.0359375
0 0.428125 0.3796875 0.0171875 0.0359375
0 0.46875 0.365625 0.015625 0.0375
0 0.38125 0.2796875 0.0171875 0.0375
0 0.7 0.4984375 0.0390625 0.0171875
0 0.7625 0.503125 0.0375 0.0171875
0 0.70625 0.525 0.0359375 0.0171875
0 0.75625 0.5296875 0.0375 0.0171875
0 0.8546875 0.490625 0.0375 0.01875
0 0.9 0.49375 0.034375 0.0171875
0 0.8296875 0.5125 0.0328125 0.0171875
0 0.9421875 0.525 0.0390625 0.0171875
0 0.9609375 0.4328125 0.0609375 0.01875
0 0.696875 0.471875 0.05625 0.0203125
0 0.1640625 0.609375 0.0578125 0.0265625
0 0.221875 0.56875 0.0375 0.0203125
0 0.2234375 0.5953125 0.0375 0.01875
0 0.3453125 0.6171875 0.0375 0.021875
0 0.425 0.6828125 0.0171875 0.0390625
0 0.4765625 0.64375 0.0171875 0.0390625
0 0.459375 0.753125 0.021875 0.0546875
0 0.50625 0.7640625 0.015625 0.03125