0 0.0796875 0.5859375 0.0375 0.0234375
0 0.3640625 0.39375 0.015625 0.034375
0 0.396875 0.4109375 0.0171875 0.0359375
0 0.4109375 0.2375 0.015625 0.0375
0 0.453125 0.26875 0.015625 0.034375
0 0.475 0.346875 0.015625 0.0359375
0 0.5109375 0.3390625 0.0171875 0.0390625
0 0.425 0.4640625 0.015625 0.0375
0 0.40625 0.525 0.015625 0.034375
0 0.475 0.496875 0.0171875 0.034375
0 0.4125 0.615625 0.0171875 0.0359375
0 0.4328125 0.590625 0.015625 0.0359375
0 0.4875 0.659375 0.01875 0.0421875
0 0.1046875 0.6515625 0.0375 0.021875
0 0.1546875 0.6375 0.034375 0.0203125
0 0.215625 0.6234375 0.04375 0.021875
0 0.14375 0.6109375 0.0359375 0.021875
0 0.4765625 0.75 0.021875 0.040625
0 0.215625 0.590625 0.0515625 0.028125
0 0.7046875 0.5203125 0.0375 0.0171875
0 0.96875 0.4125 0.0578125 0.0234375