0 0.07824893013758334 0.5855841477202706 0.04936508293962456 0.03023287427505359
0 0.1459820671608919 0.5750503120372805 0.04314236479078999 0.030540527594401644
0 0.1370782931142748 0.6057083161864654 0.049583337748947985 0.03648287427505359
0 0.20324893013758333 0.5950560813333124 0.04300595553496285 0.026634277594401824
0 0.22147314048186958 0.5666709722051058 0.04551339664195542 0.03149937634964619
0 0.29098703231450157 0.5500055356922787 0.04225198738612823 0.02735632800932013
0 0.25831837605389935 0.5882625522890182 0.03834573738612832 0.027060330083912554
0 0.4844989301375834 0.6163679319626567 0.028544151451278844 0.036446985477853036
0 0.5442459854872117 0.38590010457803653 0.021676592558271323 0.04060168921211922
0 0.7702578700634495 0.5534231817621641 0.04454117368379755 0.025971426764564674
0 0.8217658063611187 0.5588928543775439 0.0438417692372937 0.02825597717948316
0 0.43055056243638645 0.27702016681580977 0.02798115626060227 0.04263778589277143