0 0.5536696598980931 0.6230675462716856 0.03601536647693564 0.051471664867109725
0 0.5919957743464339 0.5783768075304525 0.02421479586008459 0.04603319324473994
0 0.6396344334370434 0.6191229210409729 0.029697182629559827 0.04716489666851231
0 0.5051697045403618 0.7122091918604638 0.02421479586008459 0.04603319324473994
0 0.5215785397710048 0.21841961906607468 0.028107409090609537 0.04550226711886314
0 0.6487525146072013 0.4245718846437784 0.038018197240056395 0.032090609191583755
0 0.7619070795420095 0.45486255706902723 0.041760806006354304 0.022965933065706955
0 0.7632707564895265 0.5329875570690272 0.04096591923687924 0.02213461829088228
0 0.8368798060030592 0.4484938386858598 0.039430692775829355 0.023596988741233105
0 0.9367979853862082 0.4373980475083033 0.0441045560063543 0.023116127390180985
0 0.17443435308095984 0.494073767737172 0.0456397824674041 0.02165375693983016
0 0.7927752499967047 0.4309849660760408 0.04263751339268076 0.02848474784053163