0 0.4403332509514021 0.4092157628887623 0.03682617935348418 0.06155692391627667
0 0.5673122450199031 0.4425614565767024 0.03540825939154004 0.04590009041817957
0 0.4103035582520452 0.531634590949652 0.04232942144481875 0.024343425399151287
0 0.24493854342329757 0.5953257233454353 0.07471083992388783 0.034242348821136304
0 0.1837755503433798 0.5599665434976597 0.047575336958138294 0.0190975098858317
0 0.44283221536240785 0.5783477648659286 0.03839133794672147 0.02340300790866543
0 0.542704881370019 0.5855474526223696 0.03910892095052709 0.02187234140676253
0 0.15462656121779472 0.5071307035737719 0.04720792243340184 0.029221926387734597
0 0.1082370394689649 0.6085366946765232 0.04389192144481866 0.02440709239534584
0 0.019259711806679625 0.5719678419010542 0.03851942361335925 0.022780925399151285
0 0.6061996955907444 0.6789101334587285 0.039074428859192524 0.059308674410568155
0 0.7078205454004639 0.6047961542189751 0.03926808844101295 0.02577859140676253
0 0.6215010434232976 0.6106694694282837 0.042233920950527096 0.021999675399151285
0 0.7233473863129349 0.5694316571847248 0.04232942144481875 0.024343425399151287
0 0.781159886312935 0.5717873360439173 0.052644838935304604 0.02866351087441501
0 0.8072422252482395 0.5462435079830275 0.044577670950527094 0.022095175893442943
0 0.6086773912558507 0.5412827994663398 0.043078837946721474 0.023594008897248563
0 0.8082025473776303 0.5994958419754163 0.04079875494291585 0.025061008402957087
0 0.9520798813700191 0.6022282056253003 0.04708058844101295 0.026096926387734597
0 0.5092981096583703 0.2915136097327323 0.020373508402957086 0.04060775395433271