0 0.019345179320365884 0.392678396005727 0.036984060509226264 0.018386920671545237
0 0.1092883688817268 0.48597495735199914 0.036202810509226246 0.018377830004772555
0 0.1458783162650083 0.5020363093570899 0.03372255261671846 0.016006808004454243
0 0.24678836888172678 0.4875749147039983 0.032251057878390374 0.017551126670908877
0 0.2880658162650083 0.5036908107097252 0.036202810509226246 0.018377830004772378
0 0.3312543741433986 0.48699420671545235 0.033950065770898166 0.019913058004454243
0 0.3656447846949772 0.5139748773869975 0.035467063140062205 0.019149989337999784
0 0.4129146268448218 0.5614316800604519 0.026638094710093263 0.028415901336727244
0 0.4046933321911982 0.6488953173933608 0.019235118387616622 0.03535624466899989
0 0.4544805005646973 0.5994407573997241 0.018089847340929312 0.0290971540022273
0 0.45294882166785444 0.6525839387332697 0.01666385523343692 0.031422722668681756
0 0.4549971690793709 0.697950982733906 0.018499371018452494 0.0361284040022273
0 0.45493698492085616 0.7526748454009968 0.029383663111827295 0.04874658267027261
0 0.5173892952183209 0.5126134667409057 0.03058984734092931 0.029242604670590745
0 0.49944293202178897 0.4717521094048148 0.033077810509226244 0.01834146733768165
0 0.4685261319653192 0.4119771200668151 0.02861782366340595 0.02219317333704538
0 0.8422674688534919 0.4647963214512673 0.028481315770898165 0.01984942333704538
0 0.7985174688534918 0.46428724411199485 0.03216005261671846 0.01598862667090888
0 0.7848344004517579 0.4844542934436313 0.033077810509226244 0.01834146733768165
0 0.6705898899284142 0.48625205609481376 0.03624831314006229 0.01915908000477238
0 0.6951194530684763 0.46777477609799545 0.02751805524755433 0.01671533267027243
0 0.7565119793768356 0.46067134810626786 0.03964632892507769 0.02388294267186346
0 0.7913111845820378 0.4000974747771767 0.029588789462538755 0.012055104670590743