0 0.29543710577839966 0.5111657116102306 0.05039658942959626 0.030625006623422026
0 0.38599843878220524 0.5127679063454202 0.05195908942959626 0.030679570325752793
0 0.4546502796946763 0.5510516455456471 0.030084089429596263 0.029915678493120802
0 0.4704609634967847 0.6327381551642939 0.016212590418179573 0.03411210517214318
0 0.5185801285158127 0.6266171299365505 0.01452275642579064 0.030932541469812235
0 0.5188003044092556 0.6703125662342195 0.020963757414373774 0.035838296279135665
0 0.5278516522418089 0.739280821043543 0.016339924410568328 0.037237105172143
0 0.4746921601504742 0.7748710914619631 0.016499091901054187 0.04114335517214318
0 0.24094060676698287 0.5139434820286507 0.0348843359695552 0.013700401451278843
0 0.18156560676698286 0.5118700613400782 0.03273158695813834 0.018306055897782513
0 0.0818202747517604 0.5146279843909034 0.038264003954332694 0.020059528855940555
0 0.7911660998469007 0.5003919689514428 0.03204583745242999 0.02062252404661713
0 0.9264669298849568 0.48951401105422726 0.03513900395433254 0.019950401451278844
0 0.594232750037181 0.41550106986241664 0.03517083745242999 0.020731651451278844