0 0.353125 0.7543319343075919 0.009375 0.01644520622055552
0 0.371875 0.7575348467487031 0.0078125 0.013964755183796385
0 0.390625 0.7373002591898141 0.0109375 0.015019407257314831
0 0.39375 0.6797611612633325 0.0078125 0.010058505183796385
0 0.3828125 0.6647417540060178 0.00859375 0.012470605702175952
0 0.46875 0.6878853110277768 0.00859375 0.013251855702175774
0 0.471875 0.7178462131012954 0.00703125 0.013115154665416639
0 0.478125 0.7824555172483324 0.01171875 0.0205565077756944
0 0.4796875 0.8013422182850917 0.009375 0.01644520622055552
0 0.440625 0.7057371923661103 0.015625 0.008398260367592414
0 0.4390625 0.711850491329351 0.01640625 0.009247860885972159
0 0.4390625 0.722787991329351 0.015625 0.010742010367592592
0 0.440625 0.7291746923661103 0.01796875 0.010165811922731294
0 0.4390625 0.736850491329351 0.01640625 0.00846661088597216
0 0.440625 0.7432371923661103 0.01796875 0.010165811922731294
0 0.440625 0.7494871923661103 0.021875 0.010507564514629664
0 0.440625 0.7572996923661103 0.01953125 0.011865012959490783
0 0.440625 0.7635496923661103 0.01953125 0.009521262959490785
0 0.440625 0.7697996923661103 0.02265625 0.015263415033009053
0 0.4421875 0.7839988934028695 0.021875 0.012070064514629664
0 0.4421875 0.7918113934028695 0.02109375 0.01122046399624992
0 0.471875 0.7350337131012954 0.01015625 0.016513556738935085
0 0.4421875 0.8074363934028697 0.02109375 0.012782963996249919
0 0.4421875 0.7996238934028694 0.01953125 0.011865012959490783
0 0.3359375 0.6731407229032401 0.01484375 0.011454909849213024
0 0.340625 0.6673008260135178 0.015625 0.010742010367592592
0 0.3390625 0.6609141249767586 0.015625 0.010742010367592592
0 0.340625 0.6563633260135179 0.015625 0.010742010367592592
0 0.34375 0.6472617280870364 0.015625 0.010742010367592592
0 0.4671875 0.6736861099910176 0.00859375 0.013251855702175953
0 0.465625 0.6626119089542584 0.00703125 0.00999015466541664
0 0.465625 0.6516744089542584 0.00625 0.009140554147036895
0 0.4640625 0.6421627079174991 0.00703125 0.00999015466541664
0 0.4625 0.6326510068807398 0.00703125 0.00999015466541664
0 0.4609375 0.6153268058439807 0.00625 0.007578054147036895
0 0.4609375 0.6075143058439807 0.00703125 0.009208904665416639
0 0.459375 0.5980026048072213 0.00703125 0.009208904665416639
0 0.390625 0.5951127591898141 0.00625 0.006796804147037072
0 0.396875 0.6394095633368512 0.00625 0.009140554147036895
0 0.36875 0.6072614446751845 0.00703125 0.00842765466541664
0 0.403125 0.5805813674838881 0.00625 0.009140554147037072
0 0.384375 0.557065955042777 0.00625 0.009921804147036894
0 0.403125 0.544643867483888 0.00546875 0.006728453628657505
0 0.3984375 0.5254837643736103 0.00390625 0.0058105025918980145
0 0.3984375 0.5379837643736104 0.0046875 0.00666010311027776
0 0.459375 0.5901901048072213 0.00625 0.0075780541470370725
0 0.459375 0.5823776048072213 0.0078125 0.010058505183796206
0 0.4421875 0.5605613934028695 0.00625 0.0075780541470370725
0 0.4609375 0.5590768058439807 0.009375 0.006288956220555519
0 0.4609375 0.5559518058439806 0.01015625 0.006357306738935265
0 0.44375 0.5497605944396288 0.00703125 0.007646404665416639
0 0.4421875 0.5449363934028695 0.00390625 0.005810502591898192
0 0.4421875 0.5386863934028695 0.0046875 0.00587885311027776
0 0.4421875 0.5277488934028696 0.0046875 0.00666010311027776
0 0.4015625 0.48200716644712893 0.0046875 0.00587885311027776
0 0.4015625 0.4945071664471289 0.00390625 0.0058105025918980145
0 0.5828125 0.6369269867112026 0.0125 0.009687358294074144
0 0.5984375 0.6367314970787952 0.009375 0.010976456220555519
0 0.6046875 0.6357158012258322 0.009375 0.01019520622055552
0 0.596875 0.6287822960420358 0.00625 0.009921804147036894
0 0.5890625 0.6280987908582396 0.0078125 0.010058505183796385
0 0.5796875 0.6319660846376841 0.0125 0.007343608294074144
0 0.578125 0.6271418836009248 0.0125 0.008124858294074144
0 0.5921875 0.6174346929317581 0.01015625 0.008701056738935264
0 0.578125 0.6208918836009248 0.0125 0.009687358294074144