0 0.24373004055783457 0.5961534622336149 0.04711530062041867 0.028155977498762752
0 0.25027497150008404 0.5698366236990041 0.0475141383676025 0.02272817107632772
0 0.18497775343106926 0.5617098631835545 0.047514138367602585 0.02272817107632772
0 0.124149514074731 0.5569537641334942 0.043826409654926034 0.02564845318850324
0 0.03363377471839274 0.5506418091359686 0.055599789976756894 0.0270438568519765
0 0.18981807274092133 0.5149167503386842 0.053092149011264314 0.024577276119281777
0 0.29937874303950907 0.49556696404263717 0.045880582551403835 0.03276159034363317
0 0.5385505036831708 0.5065331987774891 0.020317853838727373 0.03453545228399211
0 0.4985810675451413 0.4950291327441157 0.020809526735204996 0.041566702283992285
0 0.40287508363668456 0.4508077419709412 0.04212179802252862 0.04579717887824373
0 0.4450732913141392 0.38558553369405535 0.03107503737886681 0.043661468792335525
0 0.47448727572679894 0.27891945386587186 0.030184526735204997 0.042058025214770645
0 0.1201068702592468 0.6147662641334942 0.05029493094224948 0.029101001809022264
0 0.6434786682817754 0.5982846867917015 0.04120950804577177 0.021619372455808694
0 0.7186643385803632 0.5771333830827998 0.042881268689433406 0.02326375961093845
0 0.6954125088789509 0.5508231886007239 0.03959237772394068 0.020756235300678938
0 0.715801418533877 0.5283683344622808 0.04059214901126431 0.023922178878243727
0 0.7656921578902152 0.5325512234264329 0.04422524740210996 0.020220646766068207
0 0.7580217695226127 0.552536174805914 0.045443539976756854 0.026511590343633172
0 0.8142717695226127 0.555484112390585 0.04689677933309504 0.025030977498762753
0 0.8706310301662743 0.5568695499752561 0.0468967793330954 0.025030977498762753