0 0.3723317087628534 0.5953899016273082 0.038045569279472155 0.02071529172311415
0 0.22656456769662653 0.6033993962002413 0.04695756802583091 0.03210317107632754
0 0.10978624465623066 0.5831953595655099 0.04773881802583095 0.03214411465389251
0 0.08040027302776061 0.5174951164629149 0.0447047462390763 0.035105340343632996
0 0.08043371377741829 0.6239088907731744 0.042065479546028864 0.02482625961093845
0 0.2511674140939874 0.5107958163720578 0.037878084718878394 0.04176809814554918
0 0.2944293322781029 0.4222998824054313 0.029261602665567033 0.04053646879233561
0 0.2509186761681813 0.3042182677515388 0.025514477038746364 0.045800500904511134
0 0.22532764278208645 0.3232205732694628 0.02211669239901033 0.03626172659425162
0 0.3034813865138803 0.2725455438708206 0.023792852665567032 0.04024986374938137
0 0.5058261703621936 0.5789128098133371 0.03898594365265158 0.02622498530067894
0 0.5254854524946472 0.5486454556748942 0.03976719365265158 0.02626592887824373
0 0.5309458423072329 0.5223286171402834 0.040412051332783604 0.021619372455808694
0 0.596252593560874 0.536705377655733 0.038136497492717504 0.02384029172311397
0 0.6756098214575502 0.6597953968776098 0.04123876543940632 0.023222816033373662
0 0.7013205267886843 0.5828987042045561 0.038136497492717504 0.023840291723114148
0 0.6226954216158347 0.5959918464480685 0.03889501543940632 0.023099985300678937
0 0.5666272780423255 0.5867939088633974 0.04045751543940614 0.023181872455808696
0 0.5736956319615338 0.5589964574839165 0.046039925705962936 0.02737472749876275
0 0.6492412012410059 0.5441770409301446 0.04296038981258565 0.028773453188503238
0 0.7947977421489483 0.5971869335123412 0.04300585391920837 0.03033595318850324
0 0.8756840292959668 0.6139450655790883 0.04691210391920819 0.03054067107632772
0 0.9494397780423256 0.6068562618701867 0.04782974623907634 0.03526911465389251
0 0.9563884600164947 0.6369531976458355 0.04208821159934004 0.02560750961093845
0 0.8391387755350429 0.5791672738559743 0.04291492570596276 0.02721095318850324
0 0.25260084811322053 0.24640576775153883 0.02034960391920828 0.029148589439121863
0 0.48009874465623065 0.602602615331261 0.057758675705962756 0.027988881162236013
0 0.7257582371343834 0.5497520115315024 0.06522183471887821 0.043201123360319824
0 0.6265933114284203 0.569593120758328 0.041974551332783605 0.02170125961093845