0 0.1287357473980082 0.5695128346841669 0.05077460594746528 0.03399358265791648
0 0.19510437584671067 0.548009690103519 0.043579581637205766 0.03025342799249984
0 0.1889296189493057 0.5799431952873151 0.050034299525030156 0.03470648213953691
0 0.2537357473980082 0.5585767517434264 0.044360831637205764 0.030321778510879582
0 0.2693673914505429 0.5273855403390746 0.046005218792335524 0.03202097954763872
0 0.3369709712787264 0.4994956947216672 0.04263455732694625 0.02706007747412027
0 0.3078500373120999 0.5428547154568524 0.03963238805964089 0.029130425400601824
0 0.5349857473980082 0.5339705651267602 0.03399654172311397 0.04030237125356475
0 0.5742651741285454 0.29508443091370473 0.025525622455808694 0.041894265551388796
0 0.8133763410210015 0.42485267747333477 0.045882388059640886 0.02967722954763872
0 0.8650207281761313 0.4219040432602794 0.04242983943912186 0.02315382747412027
0 0.45183689620024126 0.20533700867064897 0.027088122455808515 0.04203096658814811