0 0.18412221133426748 0.5250963684769723 0.043388281017246656 0.0292249854561323
0 0.24022666212005578 0.523629721202129 0.04562286910658786 0.027072554092584154
0 0.23564616997793864 0.5551348127173981 0.043987594499481995 0.025382508334949705
0 0.4818748147250897 0.41518026604167957 0.028636576302517015 0.04669952787978708
0 0.479794276264245 0.560110128768776 0.03744865012383443 0.0520885295467771
0 0.5130563482235356 0.347259442404258 0.027891713606069856 0.04741700500096986
0 0.6070203639393015 0.4018516054309168 0.03959119292790554 0.031249871062046176
0 0.46950313151709383 0.6808052660416797 0.03414171360606986 0.04792718803150784
0 0.7608644937992561 0.5075919381521942 0.05450771753501123 0.034024055759574165
0 0.7324912448327134 0.41495789906251945 0.042461481803034926 0.026036212577315254
0 0.7299099003332314 0.43696044482015395 0.04331550641014079 0.02766248545613248
0 0.7924826749403373 0.43029611451477257 0.04331550641014079 0.02766248545613248
0 0.7920845686540311 0.4054236602724071 0.041352746071058634 0.01894118969849785
0 0.861450998761655 0.419996601178853 0.0465496683207995 0.030261326971401558
0 0.7381205066195378 0.46119517027434676 0.0438784325888232 0.023038758334949706
0 0.9175554495474432 0.41852995390400966 0.04651328101724665 0.029480076971401557
0 0.5960998647678709 0.7031590139156477 0.02440284057054054 0.03934941348570078