0 0.096875 0.5375 0.040625 0.01875
0 0.1234375 0.48125 0.034375 0.0171875
0 0.365625 0.471875 0.0328125 0.015625
0 0.446875 0.46875 0.0328125 0.025
0 0.540625 0.4421875 0.0171875 0.028125
0 0.5453125 0.3265625 0.0140625 0.03125
0 0.6546875 0.53125 0.034375 0.01875
0 0.725 0.540625 0.03125 0.015625
0 0.4171875 0.584375 0.0359375 0.0140625
0 0.3375 0.584375 0.0359375 0.0140625
0 0.3171875 0.5390625 0.0328125 0.0140625
0 0.603125 0.7296875 0.0203125 0.0359375
0 0.7390625 0.5171875 0.03125 0.015625
0 0.778125 0.515625 0.034375 0.0171875
0 0.7359375 0.496875 0.0296875 0.0125
0 0.7765625 0.4953125 0.0328125 0.0171875
0 0.815625 0.4953125 0.0328125 0.0140625
0 0.859375 0.49375 0.0359375 0.0140625
0 0.9015625 0.490625 0.0359375 0.015625
0 0.7390625 0.475 0.0328125 0.015625
0 0.78125 0.475 0.0328125 0.0171875
0 0.825 0.475 0.0375 0.015625
0 0.8640625 0.4734375 0.034375 0.0140625
0 0.9515625 0.490625 0.040625 0.0171875
0 0.9171875 0.509375 0.0328125 0.0140625
0 0.9609375 0.5078125 0.0359375 0.0140625
0 0.503125 0.4015625 0.0359375 0.05
0 0.3671875 0.540625 0.040625 0.0171875
0 0.528125 0.3015625 0.01875 0.0375