0 0.19511599089530698 0.549887654394062 0.042179139812585566 0.02776729882550093
0 0.24971256268206163 0.5546038981258559 0.04284672954602886 0.023883780878812287
0 0.24733170876285335 0.5826834340192331 0.04365071159934022 0.024687762932123648
0 0.4621624015575751 0.40127562430667235 0.02464229882550093 0.04208821159934022
0 0.5208721603330637 0.4796112244649569 0.02399744114536908 0.04675297954602904
0 0.587588298892008 0.4440207169431096 0.035307014185764984 0.03303146034569906
0 0.5035984291376823 0.6433100116119755 0.023147994985435006 0.0443864974927175
0 0.49987300171585963 0.34138379875899405 0.020645120612255673 0.03884955133278352
0 0.5118394557933524 0.25259408339873013 0.022184888558944314 0.038113765439406234
0 0.6122460034317193 0.6714924990755632 0.025309888558944317 0.0382046936526514
0 0.8960419934025893 0.5921760382676458 0.05309390775927412 0.02730429757185977
0 0.740866411586705 0.496959163498755 0.04119330133278361 0.02071331677218975
0 0.7386674140939874 0.5187886993921322 0.04293765775927429 0.02700878087881229
0 0.7488774883880245 0.5441069481384911 0.04369617570596294 0.026250262932123646
0 0.8028208423072328 0.5175277277636623 0.04123876543940597 0.02227581677218975
0 0.8003323397999502 0.4955617995504168 0.04275580133278325 0.020758780878812288
0 0.8716617705204783 0.5164031484550602 0.0436734436526514 0.02546901293212365
0 0.9278208423072328 0.5211648562934768 0.04197455133278325 0.02073604882550093