0 0.040625 0.4984375 0.0484375 0.0203125
0 0.196875 0.4640625 0.0453125 0.025
0 0.340625 0.4875 0.0421875 0.0234375
0 0.4375 0.5328125 0.04375 0.0359375
0 0.26875 0.553125 0.04375 0.0171875
0 0.275 0.5796875 0.040625 0.0203125
0 0.4875 0.7203125 0.028125 0.040625
0 0.5828125 0.359375 0.0265625 0.059375
0 0.60625 0.459375 0.040625 0.0328125
0 0.7515625 0.4859375 0.0453125 0.01875
0 0.7515625 0.5125 0.0453125 0.01875
0 0.8078125 0.5078125 0.0421875 0.0171875
0 0.8328125 0.484375 0.040625 0.01875
0 0.8625 0.509375 0.04375 0.0171875
0 0.93125 0.509375 0.0421875 0.0171875
0 0.4859375 0.253125 0.0203125 0.040625
0 0.5171875 0.26875 0.021875 0.040625