0 0.48827898015040505 0.3304603643601393 0.029454213606069857 0.04594893284565975
0 0.1974569652632089 0.5630130655388197 0.04647689371369372 0.026054660144236054
0 0.2677694652632089 0.5646496071419447 0.049638281017246655 0.02690864532659738
0 0.25395952233530344 0.5924836664125002 0.04562286910658786 0.0244739763486459
0 0.1853550715495152 0.5877584924005557 0.042425094499481994 0.02283874116628475
0 0.6743447969424092 0.6007040484400701 0.048439654052775796 0.034684777735416714
0 0.45237140529563025 0.4297330125365281 0.023949076302517015 0.04504039627652787
0 0.47667789247534864 0.47878876158659767 0.024475615177646404 0.039589830072118026
0 0.512504076511914 0.5155990837749311 0.029345051695410972 0.04360518284565984
0 0.49291070637186873 0.634021775454306 0.02046020326698752 0.03715516109416672
0 0.6080006670824545 0.48028113924576443 0.05081979135632899 0.035520579122187534
0 0.5905433775881525 0.7207606688810422 0.026147277088305287 0.041969947663298514
0 0.5067462663394474 0.7735570541396533 0.03008991439185813 0.04284211664125
0 0.82921638751295 0.5667680723757647 0.043351893713693815 0.02598192496187508
0 0.7428080066195377 0.5412939872696534 0.04146190798171734 0.018914307370694418
0 0.7345974003332316 0.5160757817225701 0.04413314371369381 0.02600010875746541
0 0.7847429495474432 0.5141145446403479 0.039263707195929066 0.021984755983923777
0 0.861450998761655 0.5127715566081952 0.04640411910658813 0.024492160144236053
0 0.9225340479758668 0.5110648926642369 0.04696704528527036 0.019822843939826383
0 0.9025468796550671 0.5371909815700702 0.04558648180303493 0.023692726348645898