0 0.029023738413402354 0.5012782767352051 0.0514540504368403 0.03245722091900642
0 0.18607382541937462 0.47782934110137865 0.047565984232430567 0.03296531930985207
0 0.3292783115516663 0.5113188203182581 0.04355063145888884 0.028004667700697716
0 0.4250986514074301 0.5634054802252859 0.04941942496187508 0.0455745799535137
0 0.25587587272208284 0.5719178307098185 0.044186411094166725 0.021809298022528623
0 0.2615076236720134 0.5989173732844654 0.043623366641249994 0.031129667700697715
0 0.4707345404657633 0.7544018208224614 0.03461204255305557 0.046099103838727375
0 0.5744479540284719 0.4001292200858272 0.03895470364722229 0.06512225544788172
0 0.5955579281929163 0.5017681297407532 0.04298758700597229 0.03732503737886681
0 0.7402521791428468 0.5384918696012946 0.04823813145888885 0.028332449631682976
0 0.7396339300927772 0.5650543696012946 0.04654834488975688 0.022754438988021163
0 0.795993032866319 0.564300252773117 0.042696646276527694 0.02482503737886681
0 0.8215385467340273 0.5426109230717048 0.0427693814588892 0.02795003737886681
0 0.8506441652751384 0.5696868753012778 0.045912565254479176 0.028949808666190437
0 0.9193941652751384 0.574494343622394 0.04425914627652787 0.024934298022528622
0 0.4800459502287498 0.28710506017879955 0.02361999116628475 0.04299052933309522
0 0.5109322743169442 0.3049152730520343 0.025182491166284748 0.043099789976756855