0 0.348916163746137 0.748130405467552 0.01024715359079611 0.01633519418380125
0 0.3676570733870574 0.7510040331914929 0.008671018052176826 0.013882183540139615
0 0.38653433841417206 0.7304401609154338 0.009452268052176827 0.01393681386197052
0 0.3899956817001179 0.6728461822027573 0.0070857921544776655 0.009866672896477802
0 0.3791399949318344 0.6580188576971251 0.009447722872636889 0.013155563861970521
0 0.4649865913410382 0.6796531930985206 0.008666472872636888 0.013100933540139437
0 0.4679388745185255 0.709559214385844 0.007885222872636887 0.013046303218308708
0 0.4738161697962612 0.7740587569604909 0.01183237948849527 0.02035070482746306
0 0.4752695854873058 0.7929180176041527 0.01024715359079611 0.01633519418380125
0 0.4367434166730032 0.6979990015126093 0.015665906615858205 0.008123856436617416
0 0.4351445552366847 0.7041397408689475 0.016451701795397965 0.008959736758448144
0 0.4350809227231274 0.7150772408689475 0.015670451795397965 0.008905106436617415
0 0.43660706128680893 0.7214365015126093 0.018018746974937903 0.009850247402109958
0 0.43499910949141085 0.7291397408689475 0.016456246974937905 0.009740986758448145
0 0.4365252480550924 0.7354990015126093 0.018005111436318444 0.007506497402109957
0 0.4364888866187739 0.7417490015126094 0.021934087334017603 0.011685899011264312
0 0.43644343482337583 0.7495615015126094 0.019572156615858205 0.00839700804577177
0 0.4364070733870573 0.7558115015126093 0.019576701795397965 0.00917825804577177
0 0.43637071195073884 0.7620615015126093 0.02273351805217665 0.01486552933309504
0 0.43785139871902234 0.7762332621562711 0.021929542154477667 0.010904649011264311
0 0.4378059469236243 0.7840457621562711 0.021152837334017606 0.011631268689433405
0 0.4678388805686497 0.7267467143858439 0.009465903590796288 0.016280563861970344
0 0.437715043332828 0.7996707621562711 0.021148292154477843 0.010850018689433406
0 0.4377604951282262 0.791858262156271 0.019594882513557364 0.01230325804577177
0 0.33219227205919755 0.667241038387273 0.015688632513557364 0.012030106436617416
0 0.33691613349551597 0.6613188203182583 0.015684087334017514 0.011248856436617416
0 0.3353899949318344 0.6549595596745965 0.015670451795398145 0.008905106436617415
0 0.3369797660090733 0.6503813203182582 0.015674996974937905 0.009686356436617416
0 0.340159308163551 0.6412248416055817 0.016460792154477665 0.010522236758448145
0 0.4635059045727548 0.6654814324548587 0.008666472872636888 0.013100933540139437
0 0.4620070370863122 0.6544346718111971 0.0070857921544776655 0.009866672896477979
0 0.4620706695998694 0.643497171811197 0.006299996974937905 0.009030792574646895
0 0.4605627117543472 0.6340129111675352 0.006304542154477666 0.009812042574646896
0 0.4590547539088249 0.6245286505238736 0.006304542154477666 0.009812042574646896
0 0.4575922478587007 0.6072318898802118 0.006290906615858205 0.007468292574646896
0 0.45763769965409873 0.5994193898802118 0.007081246974937905 0.009085422896477801
0 0.45612974180857646 0.5899351292365501 0.006299996974937905 0.009030792574646895
0 0.38736156109041725 0.5882526609154338 0.006286361436318444 0.006687042574646895
0 0.3933570310361879 0.6324397034900807 0.007081246974937905 0.009085422896477801
0 0.3654047478587007 0.6007855119041695 0.006290906615858294 0.007468292574646896
0 0.39995246468121337 0.5735017460647276 0.007081246974937905 0.00908542289647798
0 0.38132972970832807 0.5503156183407868 0.006299996974937905 0.009030792574646895
0 0.4001615429400446 0.5375642460647276 0.005505111436318444 0.006632412252816166
0 0.395583127249 0.5184864641337424 0.003938066256778683 0.005741901609154354
0 0.3955104043763631 0.5309864641337424 0.0039426114363184436 0.006523151609154354
0 0.4561751936039745 0.5821226292365501 0.005505111436318444 0.006632412252815989
0 0.4562206453993727 0.5743101292365501 0.006299996974937905 0.009030792574646895
0 0.43915132006740765 0.552795762156271 0.007076701795397966 0.008304172896477802
0 0.4579195007855669 0.5509818898802118 0.009406816256778684 0.00612431386197052
0 0.45793768150372616 0.5478568898802119 0.010188066256778682 0.006178944183801249
0 0.440777452580965 0.5419675227999328 0.006286361436318444 0.006687042574646895
0 0.4392422236582039 0.537170762156271 0.003938066256778683 0.005741901609154354
0 0.43927858509452233 0.530920762156271 0.003938066256778683 0.005741901609154354
0 0.4393422176080796 0.519983262156271 0.0039426114363184436 0.006523151609154354
0 0.39896265730322933 0.47495498542106585 0.003938066256778683 0.005741901609154354
0 0.3988899344305924 0.48745498542106586 0.003938066256778683 0.005741901609154354
0 0.5794036153451433 0.6266917200858272 0.013340337334017604 0.011084965471124697
0 0.595037705704223 0.6262218265224446 0.008648292154477844 0.009975933540139436
0 0.6012967960633026 0.6250963690970914 0.009429542154477843 0.01003056386197052
0 0.593520657499621 0.6183000658787827 0.007871587334017605 0.010702553218308708
0 0.585708157499621 0.6177537626604741 0.0070857921544776655 0.009866672896477979
0 0.5763058864223822 0.6217856987985038 0.012545451795397965 0.008686585149293791
0 0.5747706574996211 0.6169889381548419 0.012545451795398144 0.008686585149293791
0 0.5888967900131783 0.6070347839477975 0.009415906615858205 0.007686813861970521
0 0.5748070189359396 0.6107389381548419 0.012549996974937905 0.00946783514929379