0 0.09993455092778224 0.49998671189493055 0.052885755000969835 0.028442582541716988
0 0.3085123254735894 0.5202527035271876 0.04521677621279716 0.020261590343633173
0 0.6786336357750915 0.4991987336031983 0.038105777879787084 0.028445904567984216
0 0.7479572048705853 0.6241854454981288 0.043048369395056164 0.03181656603337366
0 0.7973197339583203 0.5427583830827999 0.04312811772806633 0.02326375961093845
0 0.8846921882006858 0.545781563770066 0.03962048045516262 0.01841248530067894
0 0.8672815475938023 0.5230876922187685 0.042028003333980025 0.019316566033373662
0 0.9888583939106919 0.5471537132496677 0.022283212178616195 0.020220646766068207
0 0.6420895842675811 0.6995395703287868 0.03188759985021879 0.04756771879233561
0 0.5477654994202718 0.7257125667107421 0.03560253121376711 0.04542868668015991
0 0.6206289145729625 0.7606474886915808 0.032668849850218784 0.0476086623699004
0 0.6809606366931755 0.7373604748967709 0.03188759985021896 0.04756771879233561
0 0.5360323212215257 0.2770227611928181 0.026355076971401558 0.04649986374938138