0 0.03762398528009336 0.38997654681149674 0.03533806333545445 0.017467460990419424
0 0.1318637866009121 0.4771689303485818 0.03454772266868171 0.016645267412854638
0 0.16918197326545767 0.49082863862546783 0.03299431333545444 0.017344630257724702
0 0.2693637866009121 0.46996286069716364 0.031468176002545346 0.020387743102595123
0 0.31136947326545766 0.48337690750866036 0.03538351666931803 0.021373710990419424
0 0.35375696793445754 0.46397845432015716 0.03303976666931803 0.021250880257724702
0 0.389385385264185 0.48865754975217274 0.03540169800286348 0.022936210990419426
0 0.43883994525782166 0.5329121607880207 0.022956242003499838 0.026968613749381375
0 0.4346967905792768 0.6205759350982802 0.019949420671545325 0.036961089439121866
0 0.48215359325273094 0.5681193204443877 0.016742604670590744 0.029766065128862353
0 0.4830979279121859 0.621162433289258 0.01756021733768165 0.03293200870642714
0 0.48725816923936804 0.6662292718238687 0.018386920671545327 0.03687920228399229
0 0.48974682256527746 0.7207529975136092 0.023210780673136 0.04884361374938138
0 0.5409842479312759 0.4775894957045869 0.02845226400381797 0.02959896879233561
0 0.5211444626034575 0.4380290287212736 0.03223124466899989 0.018866186680159915
0 0.4874603532781844 0.3804555461341282 0.029987492003499837 0.02733710594746528
0 0.8634592319382755 0.409158241747858 0.025972154002226945 0.01775738805964089
0 0.8197092319382755 0.41145108209149106 0.03145908533577284 0.019606493102595123
0 0.8069728746021848 0.432418679332529 0.03224033533577249 0.019647436680159912
0 0.6928740119350939 0.4415214416570009 0.03538351666931803 0.021373710990419424
0 0.7165296879376392 0.4215431343300546 0.025926700668363622 0.013851138059640888
0 0.7775580946053664 0.4105370352799943 0.03769999466899989 0.019152791723114147
0 0.8095171666136387 0.3479617921773993 0.029869313335454707 0.017180855947465278