0 0.09940704313643636 0.6462737024816745 0.04548067164297294 0.03207480866619043
0 0.1418308924725064 0.6085987398605412 0.04782442164297294 0.03223869963168298
0 0.2716638382177803 0.5926673732844654 0.06424885236113216 0.03651093639013112
0 0.589214952580965 0.5523472839477975 0.04075226502711473 0.024715776735204996
0 0.4859899586310892 0.562323581466123 0.03839487948849509 0.022208135769712457
0 0.7849910608940254 0.4863173644055145 0.04388181020665449 0.025715548022528623
0 0.7863808440715128 0.5161141250491761 0.04780169574527395 0.028332449631682976
0 0.7783774465308408 0.5483803218308675 0.04233294574527395 0.02795003737886681
0 0.8283592658126816 0.555001662428043 0.04073408430895533 0.021590776735205174
0 0.8425581211988759 0.5325475082209987 0.04152896984757497 0.02398915705703608
0 0.88331947658507 0.5119507849562037 0.05173976200205246 0.03407435124083733
0 0.8972274404807166 0.5394966307491594 0.043082379488495096 0.022535917700697718
0 0.8302671994577071 0.4957359230717048 0.03840851502711473 0.024551885769712456
0 0.9395512958669109 0.5190091681280262 0.043114195745273774 0.028004667700697716
0 0.9565388079671593 0.5545860352083054 0.046248286104353296 0.029785688988021163
0 0.9626160911446465 0.5847105777829522 0.06423976200205246 0.03494843639013112
0 0.522235489078102 0.7805708369140046 0.021348280054229285 0.045225018689433405