0 0.209375 0.5421875 0.040625 0.01875
0 0.265625 0.5453125 0.0421875 0.01875
0 0.2625 0.5765625 0.0421875 0.0203125
0 0.503125 0.45625 0.01875 0.0421875
0 0.5078125 0.6015625 0.0265625 0.0453125
0 0.53125 0.390625 0.01875 0.04375
0 0.628125 0.453125 0.0359375 0.0265625
0 0.503125 0.721875 0.028125 0.04375
0 0.7875 0.571875 0.0515625 0.0234375
0 0.7546875 0.4765625 0.040625 0.0203125
0 0.753125 0.4984375 0.040625 0.01875
0 0.815625 0.496875 0.040625 0.0171875
0 0.8140625 0.471875 0.040625 0.015625
0 0.884375 0.4921875 0.04375 0.01875
0 0.7625 0.5234375 0.0421875 0.01875
0 0.940625 0.4953125 0.04375 0.01875
0 0.63125 0.7546875 0.021875 0.0375