0 0.6184403309206291 0.7224857473980082 0.01808984734092913 0.029766065128862353
0 0.6025885467903492 0.6375375373120999 0.013774073663405773 0.02253009724103805
0 0.6224614310335687 0.6043089574839164 0.011893055247554329 0.016979460085908116
0 0.5441235994070677 0.6500508254171693 0.01670935786427279 0.032809177973732596
0 0.5506018415851471 0.5740615355030776 0.02126034997176518 0.030711089439121864
0 0.6036974785297896 0.4693607473980082 0.011384821032569903 0.021626016508343327
0 0.6187302153050228 0.5402464574839165 0.010103042093374804 0.012991322930778537
0 0.6160910627165392 0.4949339574839165 0.009321792093374803 0.012950379353213748
0 0.6123752575395719 0.40439084463904623 0.007622784200867016 0.010524742198083813
0 0.6336888154179622 0.422642877655733 0.0067960315700311465 0.009702548620519025
0 0.6166679153897274 0.451347731794176 0.010929794724210674 0.013813516508343327