0 0.3723317087628534 0.602205900271772 0.038045569279472155 0.021372255447881728
0 0.22656456769662653 0.6076696604112307 0.04613085391920828 0.031293558666190435
0 0.10978624465623069 0.5854126121366006 0.05026442445232169 0.03937921027534461
0 0.08040027302776058 0.5191648992633657 0.045508728292387654 0.036707678344359354
0 0.08043371377741829 0.6256334205506893 0.04369617570596289 0.028004667700697716
0 0.2511674140939874 0.515449309422495 0.035466138558944316 0.039903734160558105
0 0.2944293322781029 0.4276650861577 0.027676370612255675 0.04013868094224939
0 0.2509186761681813 0.308762266847848 0.026295727038746365 0.04627942029858776
0 0.22532764278208645 0.3273265965492603 0.018946228292387613 0.03485024740210996
0 0.3034813865138803 0.2779928680886853 0.023792852665567032 0.04064677933309513
0 0.5058261703621936 0.5880555549830195 0.038091033386094784 0.022934755447881726
0 0.5254854524946472 0.5581166827069604 0.03976719365265158 0.02695026609154354
0 0.5309458423072327 0.5318819646379456 0.042156407759274296 0.028676657057035905
0 0.596252593560874 0.5474084116717384 0.03976719365265158 0.026950266091543364
0 0.6756098214575502 0.6719492257858104 0.04291492570596276 0.02795003737886681
0 0.7013205267886843 0.5954631354407363 0.03896321159934022 0.026114385769712457
0 0.6226954216158348 0.6071876032576495 0.03974446159934022 0.02616901609154354
0 0.5666272780423255 0.5970042200858272 0.042133675705962936 0.027895407057035904
0 0.5736956319615338 0.5693162626604741 0.04519047954602886 0.02577017834435935
0 0.649241201241006 0.5558107735562373 0.04119330133278361 0.022372026735204997
0 0.7947977421489483 0.6113937740604405 0.042133675705962936 0.02789540705703608
0 0.8756840292959668 0.6295753275308507 0.046062657759274116 0.028949808666190256
0 0.9494397780423256 0.6237730777829522 0.04782974623907634 0.03609031930985207
0 0.9563884600164947 0.6540068810012609 0.04208821159934004 0.02633290705703608
0 0.8391387755350429 0.5941405720829691 0.04208821159934004 0.02633290705703608
0 0.25260084811322053 0.25094976684784803 0.02034960391920828 0.02949075804577168
0 0.48009874465623065 0.6113073846844317 0.05945756802583091 0.033784774137315135
0 0.7257582371343834 0.5627270450956624 0.06609401293212365 0.04750306671196203
0 0.6265933114284203 0.5808436245449731 0.041951819279472245 0.021645407057036083