0 0.61440100972248 0.7022787094116257 0.0179211623699004 0.029192622158978665
0 0.5990416033454735 0.6177127946389734 0.01126172659425162 0.02127102800317715
0 0.6191150859326189 0.5837196241842781 0.01179731512886235 0.016597164772652384
0 0.540485474896771 0.6323014001588605 0.017303686680159913 0.032303985389503256
0 0.5474105042954132 0.5559298149315129 0.01788021879233561 0.028411372158978664
0 0.6011352905914602 0.4491537094116258 0.013646420171816586 0.022093188311602674
0 0.615757712572299 0.5196571241842782 0.010852290818602839 0.01345852800317715
0 0.6133829850735364 0.4743446241842782 0.00924884724103805 0.012650004464226861
0 0.6101960300760106 0.3837468977232285 0.006741322930778537 0.009484094155801337
0 0.631409288782438 0.40128895372958295 0.006741322930778537 0.009484094155801337
0 0.6142151447299032 0.43064917126217883 0.010852290818602839 0.01345852800317715