0 0.17302405664937795 0.5323629280407093 0.043826409654926034 0.02540241439185813
0 0.22738377471839274 0.5345033167920042 0.04388103997675685 0.02618366439185813
0 0.22218282248881976 0.564336366006216 0.045225018689433405 0.023131438998963992
0 0.4717893385803631 0.5137754780834906 0.025715548022528623 0.04480523180303493
0 0.49931304106203767 0.4097044081911143 0.021863928344359528 0.04540454528527036
0 0.5876107165564055 0.4164937555860805 0.04030257190774211 0.03068922787409356
0 0.4540548074056826 0.2996787448327135 0.021809298022528623 0.04462329528527027
0 0.4926145628535642 0.2605049288692788 0.021426885769712457 0.03915454528527027
0 0.81033838635079 0.5275981137344136 0.05252942029858758 0.027365174730940467
0 0.7214722643268325 0.4398498647678709 0.04304515965492613 0.025366027088305286
0 0.7182708546719064 0.4633601393749768 0.0428266383676025 0.022241027088305287
0 0.7260069450169805 0.4863609917323416 0.04422524740210996 0.019970051695410974
0 0.78098937595923 0.4573241550907424 0.039592377723940864 0.020532977874093562
0 0.7825190249704943 0.4354491550907424 0.04299052933309522 0.02458477708830529
0 0.9075518759592299 0.451429411915168 0.04455302933309539 0.02465755169541097
0 0.8516296578902154 0.4493617977709789 0.04600626868943323 0.023167826302517014
0 0.575941970995881 0.672452657157657 0.02633290705703608 0.042497869106587774
0 0.48592897619166103 0.7124655351555851 0.030512308666190435 0.046586055624352515
0 0.46230580589307324 0.7384843796550671 0.03403614641337427 0.04129924214211726