0 0.4671875 0.4546875 0.0296875 0.03125
0 0.534375 0.4203125 0.0171875 0.028125
0 0.5609375 0.48125 0.0203125 0.03125
0 0.5375 0.534375 0.0171875 0.034375
0 0.55625 0.6359375 0.0203125 0.0359375
0 0.6015625 0.7296875 0.0203125 0.0359375
0 0.3125 0.5375 0.034375 0.0109375
0 0.5140625 0.353125 0.0171875 0.0328125
0 0.528125 0.2640625 0.01875 0.0359375
0 0.5578125 0.409375 0.0140625 0.0359375
0 0.584375 0.4140625 0.01875 0.034375
0 0.365625 0.5390625 0.0375 0.01875
0 0.7328125 0.4953125 0.028125 0.0140625
0 0.7375 0.475 0.0328125 0.0125
0 0.778125 0.475 0.03125 0.015625
0 0.821875 0.4734375 0.0328125 0.0125
0 0.8609375 0.4734375 0.0359375 0.0140625
0 0.7359375 0.515625 0.03125 0.015625
0 0.7765625 0.515625 0.034375 0.0125
0 0.7390625 0.55625 0.0359375 0.0171875
0 0.85625 0.4921875 0.034375 0.0125
0 0.8125 0.49375 0.034375 0.0140625
0 0.775 0.49375 0.0328125 0.0140625
0 0.8984375 0.4890625 0.0359375 0.0140625
0 0.9484375 0.4875 0.0390625 0.0140625
0 0.915625 0.509375 0.03125 0.0171875
0 0.959375 0.5078125 0.034375 0.0125
0 0.0171875 0.5796875 0.0328125 0.0140625