0 0.14451804613412816 0.5050930095477696 0.03437167797373264 0.017389332158504977
0 0.22420554613412813 0.5111313672260838 0.03741479081860284 0.016063630498831038
0 0.18103540027257115 0.5266845896316822 0.035234815128862396 0.019011031743586492
0 0.32478540027257113 0.5375773132866805 0.03387703301668683 0.02279888257342364
0 0.2976430461341281 0.516696128223746 0.03622078301668683 0.02297648132866801
0 0.38374432044438767 0.5200830825827123 0.03280917797373269 0.017270932988341946
0 0.336030516735486 0.44273840996733255 0.03054731512886235 0.01865583423309758
0 0.4894764213034703 0.4182856294731458 0.03297295228399211 0.02039593298834195
0 0.473530516735486 0.45315753694167854 0.026023589439121864 0.02142563672260849
0 0.4617675011316537 0.43814784358037445 0.035398589439121865 0.022136031743586672
0 0.5394144663059446 0.5130546004288516 0.03617983943912186 0.022195231328668186
0 0.4606343690649067 0.5196346419207005 0.02799884724103805 0.014571985477853034
0 0.40431577001484637 0.5765465701351576 0.03370993668015991 0.03445843298834213
0 0.48927062415328937 0.601808524494124 0.022772436680159915 0.03362963879720091
0 0.5164815773417926 0.5615154112167323 0.029517081637205678 0.02869368506293455
0 0.42146789122745965 0.788052755198092 0.03189513116223601 0.05922163464801607
0 0.4206157994134886 0.6546482593472769 0.024539654567984216 0.03765428796736394
0 0.4590165581199157 0.6403023394311895 0.017798331637205678 0.02780569128671182
0 0.45771300769037443 0.6951082386013525 0.020551517412854638 0.03579579004195636
0 0.46002578019161167 0.7407759361118416 0.015986848145549182 0.03778434253146727
0 0.46036661691720016 0.7941377344521676 0.027333783921197962 0.046425636722608486
0 0.8474726277713339 0.5316917369509674 0.02647729081860284 0.015234836307689825
0 0.8037226277713339 0.5283765601864027 0.03202792797373277 0.017211733403260432
0 0.7550461103584795 0.559199585081512 0.03120573439616763 0.016371283818179094