0 0.10365546510025922 0.40748172639009284 0.02912443831160272 0.015028969180046304
0 0.18178046510025922 0.40064667455213004 0.03229034862002824 0.01764612125356475
0 0.32577592695081226 0.37400767917027844 0.030001145697928954 0.020566069698425872
0 0.08822928815274222 0.48683703572092607 0.03460682508107791 0.01628867280870363
0 0.2160815527632388 0.49125255070666707 0.03230398538950343 0.01842737125356475
0 0.17890883523064288 0.4757833755888893 0.0378272824674041 0.022030824882222078
0 0.32268610876959325 0.4616443802070377 0.02837046185055314 0.016523118661666558
0 0.3176713263021892 0.4808044833173154 0.034675008928453724 0.02019492280870363
0 0.41649065584749395 0.4503173180014823 0.032344895697928956 0.02077112125356475
0 0.4412803758157218 0.5495559003765749 0.020022173701106104 0.029833762959490785
0 0.504353120133679 0.5112753589062047 0.016061376623205524 0.02636701036759259
0 0.4334212370176518 0.642290204523612 0.015416494317957153 0.03411115984921302
0 0.5258656558474939 0.44074824542833435 0.031468188311602675 0.015234020735185183
0 0.6181622500032953 0.4264328842595383 0.029165348620028196 0.017372719180046303
0 0.6975224675358913 0.43821113138481615 0.02837046185055314 0.016523118661666558
0 0.560205474028713 0.35037752365638997 0.032344895697928776 0.02077112125356475
0 0.652638435879266 0.32824966248759385 0.03001478246740419 0.02134731969842587
0 0.6981963977298191 0.3102228324215754 0.029192622158978665 0.018935219180046304
0 0.6948532094182164 0.32299623449509396 0.030001145697928954 0.020566069698425872
0 0.9013838530875503 0.3782524966061128 0.026835235389503255 0.017948917624907423
0 0.8310713530875503 0.38440404326027944 0.029151711850553142 0.016591469180046302
0 0.8447520235422455 0.4050487339294461 0.03152273538950325 0.018359020735185184