0 0.284375 0.58125 0.04375 0.0171875
0 0.2890625 0.5546875 0.0453125 0.01875
0 0.2234375 0.55 0.0453125 0.0203125
0 0.1625 0.5484375 0.040625 0.01875
0 0.071875 0.546875 0.053125 0.0203125
0 0.225 0.503125 0.0515625 0.0203125
0 0.3328125 0.478125 0.040625 0.0234375
0 0.571875 0.4765625 0.0171875 0.0328125
0 0.53125 0.4671875 0.0171875 0.040625
0 0.4328125 0.428125 0.0359375 0.040625
0 0.4703125 0.3609375 0.021875 0.0390625
0 0.4921875 0.253125 0.0203125 0.0390625
0 0.1625 0.60625 0.046875 0.01875
0 0.6828125 0.5625 0.0390625 0.0203125
0 0.75625 0.5375 0.040625 0.0171875
0 0.73125 0.5125 0.0390625 0.01875
0 0.75 0.4890625 0.0390625 0.015625
0 0.8 0.490625 0.0421875 0.0171875
0 0.79375 0.5109375 0.0421875 0.0171875
0 0.85 0.5109375 0.0453125 0.01875
0 0.90625 0.509375 0.04375 0.0171875