0 0.1288698650634667 0.5762053798517324 0.04966114641337423 0.04148066106992569
0 0.0023898300549764656 0.6352480192372937 0.004779660109952931 0.03285962921876031
0 0.1685115192705111 0.5916865361123347 0.04509933255140384 0.0319692518140986
0 0.21949486506346672 0.579370074586922 0.05096692029858776 0.026718756623422026
0 0.18654025343106925 0.5578571731356432 0.04744308255140384 0.03205109736759475
0 0.2532578598676866 0.5445238486335391 0.049677571907742114 0.030570442921091255
0 0.4616388063972764 0.6332490758528664 0.03325489641337427 0.04090774219545175
0 0.5428559554085407 0.6141568246717402 0.033473417700697713 0.044032742195451745
0 0.5059244019381305 0.6943155506251231 0.028949808666190437 0.046212801088459085
0 0.4789577103522193 0.7215675313878294 0.02638753737886681 0.043005955534962934
0 0.831065785614156 0.5020487273889632 0.04466228997675685 0.0257192518140986
0 0.7548310675451413 0.4946876059747513 0.049349789976756854 0.025882942921091077
0 0.7560986366028917 0.521359233379413 0.04293589901126431 0.023320938111767654
0 0.2806837373395259 0.6003026226801562 0.04404493094224948 0.028035719962933213