0 0.4790013154179622 0.3533816387707157 0.04109470783603797 0.06477984818322886
0 0.6087644101280556 0.3710478866446838 0.033798147326811724 0.04630091515269079
0 0.46119073109003833 0.4788598708928683 0.04158055524755433 0.01972243969849785
0 0.30278596786527157 0.5624371296868599 0.07337658681758548 0.031648354851188644
0 0.23837485737016273 0.5347264599922413 0.04897582629424182 0.026546395607853414
0 0.49820488367852195 0.5213663642249085 0.03964632892507769 0.026562371062045998
0 0.5983868942018656 0.5163284357362983 0.03941881577089816 0.022656121062045998
0 0.20412168373499168 0.485714875144932 0.047640839448421436 0.030325099850218785
0 0.16794053100533374 0.5922836106010645 0.044333828925077735 0.026945008334949706
0 0.07384192051022491 0.5669963103015021 0.042452810509226266 0.021348712577315253
0 0.6708526993788329 0.6014689681580132 0.037651189420186526 0.059056006667959696
0 0.7647399362952404 0.5153085854270374 0.038683068401734036 0.02337359818322895
0 0.6793484678652716 0.531698602096937 0.04346157366340577 0.02531873545613248
0 0.7767093152767879 0.47822317360832667 0.04254381577089816 0.022911212577315255
0 0.8345218152767879 0.4735039805758488 0.05310958944842135 0.030771510001939718
0 0.8579747258283665 0.4449007484536963 0.044933068401734035 0.023883781213767108
0 0.6597192363517103 0.46422405967328223 0.04346157366340577 0.02531873545613248
0 0.8641939047252094 0.49777065693842715 0.040200065770898165 0.0227198939408634
0 0.9922570550004993 0.48291144723604995 0.015485889999001402 0.02401132697140156
0 0.5360564102692299 0.22783976270769973 0.028192889434303935 0.04351075500096986