0 0.5881862309815904 0.686227342830024 0.03296531930985207 0.04843085594746519
0 0.6242986936027236 0.6460870217082677 0.030512308666190435 0.04674552521477064
0 0.6742329916252522 0.6922936363621602 0.02805929802252862 0.0450601944820761
0 0.5441955663829858 0.7695444538658719 0.02415304802252862 0.04485547659425162
0 0.5347784636295393 0.27866714834794787 0.028785917700697716 0.04431988805964089
0 0.6731846718111971 0.4991987336031983 0.03874007190774194 0.03083059814554918
0 0.7883069272590786 0.5425946087725404 0.04199075804577177 0.02166031603337366
0 0.7937699594421653 0.6207196087725404 0.04199075804577177 0.02166031603337366
0 0.863197666615417 0.5449626922187685 0.04042825804577177 0.021578428878243728
0 0.9628698846844317 0.5455159701470726 0.045170388367602496 0.022605340343632995
0 0.2009161879027404 0.5133675384437537 0.04578774740210996 0.020302533921197963
0 0.8180272782478143 0.5223573518751354 0.043990300620418664 0.02799220318850324