0 0.5890625 0.5078125 0.0125 0.0203125
0 0.5734375 0.4859375 0.009375 0.01875
0 0.609375 0.459375 0.0109375 0.0171875
0 0.6234375 0.540625 0.0140625 0.021875
0 0.56875 0.6546875 0.0125 0.0265625
0 0.584375 0.7015625 0.0125 0.028125
0 0.546875 0.690625 0.0140625 0.025
0 0.5671875 0.684375 0.0140625 0.025
0 0.565625 0.7125 0.0125 0.0234375
0 0.54375 0.7265625 0.015625 0.028125
0 0.5625 0.7453125 0.0125 0.028125
0 0.5390625 0.7625 0.015625 0.03125
0 0.5171875 0.696875 0.028125 0.0453125
0 0.515625 0.50625 0.015625 0.03125
0 0.5265625 0.43125 0.015625 0.0265625