0 0.2677998535957099 0.4685246739175197 0.05056508023145838 0.031772915742663346
0 0.2975644363083677 0.5357275844690983 0.04555009449948209 0.02446864995764777
0 0.30348910462916723 0.5620170686840826 0.04402398180303493 0.025158894695975854
0 0.37466628370333377 0.441932810862162 0.04829410483856424 0.033198907850155376
0 0.5255781203449329 0.4864123110033365 0.02696491439185813 0.04364358418674961
0 0.5161945041338292 0.3522193215266801 0.03283392473094047 0.05255585260260105
0 0.43194374441391953 0.595270642488663 0.04673160483856424 0.03310790258848364
0 0.5453170396991898 0.6074682636482898 0.026256438998963995 0.04516058155591374
0 0.77404985359571 0.4390389691358406 0.05052869292790554 0.030991665742663342
0 0.7784847965236154 0.4669819586124969 0.04878425641014097 0.02699441048099125
0 0.8343709234880861 0.4558932691923103 0.04402398180303493 0.025158894695975854
0 0.8349145789886041 0.4339272639306385 0.04480523180303493 0.025204397326811723
0 0.8989770789886041 0.4301960482020927 0.04863870719592924 0.023869410480991428
0 0.8892039727022978 0.4558330850337956 0.045732031017246655 0.02837489995764777
0 0.9422561980951919 0.45117640613695276 0.04142552067816467 0.019553636803468066
0 0.9434933664159916 0.47773890613695275 0.044659682588823205 0.022079397326811724
0 0.9763185880882139 0.42564578511850026 0.04736282382357224 0.03011941048099125
0 0.984804253203943 0.44982673776345355 0.03039149359211386 0.02212489995764777