0 0.1590357240345358 0.6396624636992547 0.044882564514629575 0.022124984874689523
0 0.19766899707879515 0.5992829033944045 0.049130567106527724 0.02605396077238851
0 0.3251692804906471 0.5750374031980128 0.06904252591898138 0.03944429508134384
0 0.6368887390202769 0.5143827460911752 0.04352511606976854 0.024459644515609825
0 0.5352674504246286 0.5309702823919203 0.04012671399624992 0.021316463797450603
0 0.8252294861455546 0.4358315409761273 0.04566381451462931 0.022129530054229286
0 0.8293893058439806 0.465528131335207 0.05089811866166656 0.02840680113146803
0 0.824447527615925 0.49829517953980884 0.04325171399624992 0.021334644515609825
0 0.8747209296894436 0.5017110710303566 0.04233376295949043 0.019767599336070064
0 0.8867329141380548 0.4783553842620732 0.045155966588148286 0.025249984874689525
0 0.9253073985866657 0.4551542335981432 0.052968466588148286 0.025295436670087667
0 0.9416938162115731 0.48179854682985984 0.04685516762490707 0.026821575233769223
0 0.8710887902925919 0.4423451613894363 0.0411130155513888 0.02366475897699054
0 0.9799071593310297 0.4586064865250094 0.04018568133794069 0.021339189695149585
0 0.9886618694394324 0.4930814804748853 0.022676261121135254 0.029178960772388508
0 0.9881758901039117 0.5228053419112038 0.023648219792176663 0.03944429508134402
0 0.591632193497406 0.7468134510098311 0.02648387902925915 0.04388181020665449