0 0.034825154599003115 0.4967821580989458 0.05109033267027256 0.02863167737631773
0 0.19147514393700288 0.4560404584795067 0.04482215133672711 0.02681450939154022
0 0.3349524239338212 0.47362059482962265 0.044049992003499835 0.02756392589344294
0 0.43130016526100334 0.5149857410655704 0.04891930533895419 0.04337992688202626
0 0.26231380792491255 0.5421742766545646 0.04559431066995438 0.02606509288963732
0 0.26825472525464 0.5684821086697871 0.04087044800286348 0.022749091901054185
0 0.4791184052355499 0.7004483971873499 0.03095055533895419 0.04264775642579064
0 0.5786307932845476 0.335627210419492 0.034311912675045166 0.06308759041817939
0 0.6009046879376392 0.43467220547657615 0.04417726133831792 0.038501425893442943
0 0.7459081052673666 0.4553136748304977 0.04794715133672707 0.0269418433839288
0 0.7455990225970941 0.4818761748304977 0.04713862933640893 0.0245662598858317
0 0.8019035665977304 0.4748966629674996 0.04243294800286357 0.022812758897248563
0 0.8271762866009121 0.45044049102838934 0.04165169800286357 0.022780925399151285
0 0.8565728852641851 0.4742308181006959 0.0455852200031817 0.02528384288963732
0 0.925322885264185 0.47142947026814264 0.04398635733609098 0.022095175893442943
0 0.4829921239656379 0.23332456418354425 0.025490896005727137 0.04320617193911023
0 0.5140603106301835 0.2476762242596564 0.02470055533895419 0.042393088441013124