0 0.546828241823552 0.33451607192873056 0.017827850092285047 0.03455681333545444
0 0.5555838756921381 0.25153993992682155 0.02080265576781102 0.032249426002545344
0 0.5587436582318211 0.5204535719287305 0.03145955351605778 0.040180104670590744
0 0.5890529194905882 0.4810092639242763 0.019009618290882456 0.0408159040022273
0 0.6102875693983032 0.44636154392109456 0.01629562846991526 0.02282897266868176
0 0.5932001989479525 0.4481240385900945 0.015564443244739757 0.023601132001908987
0 0.6063405490402375 0.4823717692552763 0.015714637569213784 0.025944882001908986
0 0.5865682695828733 0.5154388079249126 0.017858128469915257 0.022847154002227123
0 0.608042751384276 0.5089342692552763 0.01551437846991508 0.022819882001908987
0 0.6066199537283145 0.5355331319223672 0.015664572794389108 0.025163632001908985
0 0.585545990125509 0.5482876705920035 0.021183387569213785 0.026008516669318027
0 0.6038349151716516 0.5652751759230036 0.020402137569213784 0.025999426002545435
0 0.5845237106681447 0.5811365332590943 0.019190090992986342 0.03144999466899989
0 0.6042750061646379 0.596543357256549 0.015083581893687813 0.028279541335136216
0 0.6231251357142872 0.5978876812540037 0.017677655767811017 0.03221306333545435
0 0.5790141903100791 0.6171649399268215 0.02002140576781102 0.03224033533577266
0 0.6027916517534162 0.6465979012571854 0.02090278531746037 0.033811926002545435
0 0.6257285040051697 0.6385126812540036 0.019089961443336988 0.02988749466899989
0 0.5784925586009615 0.6578263025939124 0.022415220542635693 0.033048857336090795
0 0.6007075200442985 0.6872774452578216 0.019039896668512312 0.029106244668999894
0 0.6256073904946493 0.6854240439210946 0.025690414867109723 0.0354289700031817
0 0.5794332973421945 0.6969069839274579 0.0226154796419344 0.0361738573360908
0 0.65684598704319 0.24567065324636764 0.011988860271317847 0.01653351933481808