0 0.05095878512747505 0.6390625 0.046763300758604354 0.02734375
0 0.09646247482597296 0.5984375 0.050015846516238895 0.02890625
0 0.22819070694812554 0.5734375 0.06868609818322886 0.0375
0 0.5504800372535069 0.5109375 0.04325566348570078 0.02265625
0 0.44595203391952704 0.528125 0.03903054909161448 0.01875
0 0.7522973708928682 0.43125 0.04559941348570078 0.02265625
0 0.751436501497812 0.4609375 0.04963320924333523 0.02421875
0 0.7409455405874869 0.49375 0.04325566348570078 0.02265625
0 0.7906904490722177 0.496875 0.04429200500096986 0.02578125
0 0.8066661354367358 0.4734375 0.04507325500096968 0.02578125
0 0.8492043218012538 0.45 0.05178564060688338 0.021875
0 0.8610985439214668 0.4765625 0.04449929909161447 0.01875
0 0.7970996878623301 0.4375 0.040003117728066154 0.02109375
0 0.9051992302859848 0.453125 0.04397314060688338 0.021875
0 0.9195807236180251 0.4875 0.04832580075860449 0.02734375
0 0.9234073542229687 0.5171875 0.06862232530441155 0.03671875
0 0.4658507193659611 0.74375 0.022321281213767107 0.04375