0 0.5717139560785333 0.4858627767820659 0.0300062354561323 0.042651150162155815
0 0.7730850085041275 0.5252640162287591 0.046635755000969684 0.026558545860084593
0 0.7884868678972442 0.5036890251572128 0.04416445924333523 0.02495513555165907
0 0.6028049751643287 0.35066166233372514 0.02571734818322895 0.03789546631478
0 0.48328944274261365 0.41566727921769786 0.03925368969849785 0.04125229139585791
0 0.4265609527445534 0.4661661111986346 0.04980855242559432 0.036755706168510115
0 0.3034741391090714 0.48742172808260753 0.045264573637421715 0.02887502232113448
0 0.2683336066873564 0.5539001160698986 0.04976075500096986 0.02661309293798535
0 0.3360312897178946 0.5613228782447632 0.046970594849248926 0.021103432629559826
0 0.1353935609297219 0.5500193652591198 0.05704709651623889 0.029860823863261922
0 0.2089586066873564 0.5528637215897857 0.04312811772806624 0.021816498782184012
0 0.20031718820068586 0.5043444009729348 0.055946982122152634 0.025940937093786687
0 0.5076839227387344 0.313115023535655 0.026817462577315255 0.04181535308425506
0 0.7985632406262801 0.5506731193130141 0.046316890606883376 0.022652295860084593
0 0.8354574627464931 0.5247924577867726 0.04618934484924893 0.021089795860084592
0 0.8902725085041275 0.5273095316500346 0.049824527879787084 0.027394342937985528
0 0.7853616100213363 0.5800878839235108 0.03896677621279707 0.018623314934808198
0 0.9479574627464931 0.5267561525911972 0.045280549091614476 0.019513659090609536
0 0.9963679405018213 0.5295186883050121 0.007264118996357283 0.02658581939903506