0 0.008096718726761844 0.5045457900419563 0.01619343745352369 0.020632731328668007
0 0.1172538952101835 0.5072941269743462 0.038295837452429905 0.02237283008391273
0 0.31661722524823965 0.5380742207552132 0.03263608646384668 0.017270932988341946
0 0.3315073961987667 0.5188273132866804 0.03273158695813834 0.019614682988342125
0 0.417508563194961 0.5237767676456467 0.03276342045623544 0.020395932988342125
0 0.5364495641835443 0.5280876045780365 0.03276342045623544 0.02039593298834195
0 0.5052977232710733 0.5617755203449392 0.026895422433401706 0.029297336307690002
0 0.40252555034337983 0.5837670742843425 0.02699092292769336 0.031641086307690004
0 0.42890236654127145 0.6672666585174399 0.022589924410568153 0.03831713879720091
0 0.4572183675298547 0.6647103435803745 0.021681340418179575 0.03513293921211939
0 0.4598048566554397 0.7166280410908635 0.021745007414373775 0.036695439212119395
0 0.4613090068457201 0.7951082386013525 0.018588173916276672 0.035677390871793335
0 0.8845979041074322 0.5231222203542278 0.030451503954332538 0.020999584233097578
0 0.8250319031188489 0.5233105518880329 0.031982170456235436 0.020336733403260608
0 0.7296557361226546 0.5176507025080885 0.03263608646384668 0.017270932988341946
0 0.6639034021302658 0.5158029373612415 0.036797004448624195 0.023816930913749524