0 0.0341623321450889 0.531327912441111 0.019022784639736078 0.011015412441111039
0 0.09730352665567028 0.39814355702175913 0.010792747492717547 0.022763556738935174
0 0.3927022578510518 0.5876324498589808 0.01768760517284953 0.018691211404351905
0 0.597071509104693 0.5946027856744432 0.02219324874635866 0.012851314514629664
0 0.6849352219576745 0.6147580437329616 0.023042694906292738 0.015263415033009231
0 0.21570183715965383 0.503571933741944 0.02141199874635875 0.012782963996249919
0 0.6646227219576745 0.6129809302550914 0.011187552586424765 0.009550657257314655
0 0.22548601411925798 0.5184546399624995 0.019113712852981468 0.014140412441111038
0 0.22120769107886212 0.5321070368522218 0.01984949874635884 0.012646262959490784
0 0.2583894423325034 0.5244503617344439 0.015920516693047483 0.011523260367592592
0 0.25094065518548475 0.5362668565506477 0.023042694906292738 0.015263415033009053
0 0.13027646568946832 0.6207799746466665 0.01077001543940619 0.021982306738935264
0 0.2869690833987301 0.5425359803961106 0.019758570533113407 0.009521262959490785
0 0.31665658339873015 0.5451333000945364 0.016701766693047394 0.011591610885972159
0 0.2896394423325034 0.5271843824696292 0.025409176959604096 0.01624971658814811
0 0.31735526537289915 0.5155825011312957 0.02065348079967011 0.013495863477870351
0 0.37369619358614453 0.5236287384546289 0.019804034639736123 0.011083762959490784
0 0.4111961935861446 0.526909563336851 0.023065426959604098 0.01604466503300923
0 0.43472462179938987 0.53208507888824 0.016724498746358663 0.01237286088597216
0 0.46441212179938984 0.5346823985866658 0.019826766693047303 0.011865012959490783
0 0.5065996217993899 0.5383733265791657 0.021411998746358664 0.012782963996249919
0 0.7024911318285197 0.46823435824759124 0.01143760517284953 0.018144407257314654
0 0.7796446652146146 0.4952452090487949 0.019318301332783606 0.021171662441111037
0 0.6993614348106559 0.628488353063795 0.017483016693047304 0.011659961404351904
0 0.7212364348106559 0.6304021675784245 0.016656302586424764 0.01002911088597216
0 0.7462364348106559 0.6325893841665726 0.015897784639735946 0.010742010367592415
0 0.7759239348106559 0.6351867038649985 0.023019962852981378 0.01448216503300923
0 0.8025318989172787 0.6390731214899059 0.021411998746358664 0.012782963996249919
0 0.8244523630239012 0.6425494360045355 0.017505748746359018 0.012441211404351726
0 0.9557932912371466 0.657157323092313 0.016701766693047303 0.011591610885972159
0 0.9960334673064001 0.5831333541950907 0.00793306538719989 0.01002911088597216
0 0.9784746217993898 0.5796570396804611 0.022215980799670375 0.013632564514629663
0 0.9519121217993899 0.5773331220555538 0.01982676669304766 0.011865012959490783
0 0.9268666576927671 0.5735834054674056 0.015875052586424944 0.009960760367592414
0 0.9018211935861444 0.5698336888792574 0.02219324874635902 0.012851314514629664
0 0.8736961935861445 0.567373070217591 0.01906824874635902 0.012577912441111038
0 0.8455257294795218 0.5633499515559244 0.0198040346397363 0.011083762959490784
0 0.7782927653728992 0.5559093069752763 0.01748301669304748 0.011659961404351904
0 0.6376223012662765 0.5420437136669433 0.016656302586424587 0.01002911088597216
0 0.6189177653728992 0.5419658012258322 0.01670176669304748 0.011591610885972159
0 0.5953893371596538 0.5367902856744433 0.01984949874635884 0.012646262959490784
0 0.5704348012662764 0.5361655690862952 0.019804034639735946 0.011083762959490784
0 0.5485143371596538 0.5326892545716657 0.012772784639736124 0.010468608294074144
0 0.5265938730530312 0.529212940057036 0.015897784639735946 0.010742010367592415
0 0.5031563730530312 0.5271624245056472 0.021411998746358664 0.012782963996249919
0 0.47498590894640846 0.5231393058439806 0.017483016693047304 0.011659961404351904
0 0.4499859089464085 0.5209520892558326 0.016656302586424764 0.01002911088597216
0 0.42811090894640846 0.5190382747412029 0.016701766693047303 0.011591610885972159
0 0.4030654448397858 0.5152885581530547 0.015897784639736123 0.010742010367592415
0 0.38119044483978576 0.5133747436384253 0.016679034639736124 0.010810360885972158
0 0.35770748073316316 0.5097617280870363 0.014358016693047482 0.011386559330833278
0 0.3357870166265404 0.5062854135724069 0.015920516693047393 0.011523260367592414
0 0.478321509104693 0.5842135068807399 0.015829588479802047 0.008398260367592591