0 0.0203125 0.5328125 0.01875 0.0109375
0 0.365625 0.6 0.0125 0.0171875
0 0.275 0.5515625 0.0234375 0.0109375
0 0.375 0.5625 0.021875 0.0125
0 0.203125 0.4921875 0.0234375 0.0109375
0 0.3546875 0.5625 0.0125 0.009375
0 0.2125 0.50625 0.0171875 0.0109375
0 0.2078125 0.5203125 0.0171875 0.0109375
0 0.2453125 0.5109375 0.015625 0.009375
0 0.2375 0.521875 0.0234375 0.0140625
0 0.271875 0.525 0.0203125 0.0109375
0 0.303125 0.528125 0.0171875 0.009375
0 0.275 0.5109375 0.021875 0.009375
0 0.3046875 0.496875 0.0203125 0.0125
0 0.359375 0.5015625 0.0203125 0.009375
0 0.3984375 0.503125 0.021875 0.0125
0 0.421875 0.503125 0.0140625 0.009375
0 0.4515625 0.5046875 0.0203125 0.009375
0 0.4953125 0.50625 0.021875 0.0109375
0 0.6921875 0.4234375 0.009375 0.015625
0 0.7671875 0.4421875 0.0171875 0.0171875
0 0.684375 0.578125 0.0171875 0.0109375
0 0.7046875 0.578125 0.0171875 0.009375
0 0.7296875 0.578125 0.015625 0.009375
0 0.7609375 0.578125 0.021875 0.009375
0 0.7875 0.5796875 0.0203125 0.009375
0 0.809375 0.58125 0.015625 0.009375
0 0.9859375 0.509375 0.0171875 0.009375
0 0.9640625 0.509375 0.01875 0.0109375
0 0.9375 0.5078125 0.01875 0.009375
0 0.9125 0.5078125 0.015625 0.0109375
0 0.8890625 0.5046875 0.0203125 0.0140625
0 0.859375 0.5046875 0.015625 0.009375
0 0.83125 0.5046875 0.01875 0.009375
0 0.765625 0.5015625 0.0171875 0.009375
0 0.625 0.5 0.01875 0.009375
0 0.60625 0.5 0.015625 0.009375
0 0.5828125 0.4984375 0.0203125 0.0125
0 0.5578125 0.4984375 0.01875 0.0078125
0 0.5359375 0.496875 0.0140625 0.009375
0 0.5140625 0.496875 0.015625 0.009375
0 0.490625 0.4953125 0.0203125 0.0109375
0 0.4625 0.49375 0.01875 0.009375
0 0.4375 0.49375 0.0171875 0.009375
0 0.415625 0.4921875 0.015625 0.009375
0 0.390625 0.490625 0.015625 0.009375
0 0.36875 0.4890625 0.0171875 0.009375
0 0.3453125 0.4890625 0.015625 0.009375
0 0.3234375 0.4875 0.0171875 0.009375
0 0.2 0.5484375 0.0171875 0.0109375