0 0.031042245819028223 0.5273609960456673 0.018986389342673625 0.010920253954332715
0 0.09510213297750034 0.39024831520930847 0.011446646276527805 0.022320668973360734
0 0.395613892095556 0.5344015859323741 0.019894925911805573 0.016420837452429816
0 0.6219945541396532 0.5173573714841874 0.022965374525034755 0.01420442144481875
0 0.7082229948690977 0.5263556866934958 0.022129573138263935 0.01182883794672147
0 0.21287282085715317 0.47772445749092346 0.022983558320624996 0.014985671444818749
0 0.6879104948690976 0.5271833576440229 0.01191877175149294 0.009071252471457925
0 0.22097626158659764 0.4899061225099516 0.01902275693385418 0.012482753954332714
0 0.21817856990722265 0.5040959565023403 0.01896820554708336 0.010139003954332714
0 0.25386149676895875 0.49169411558986925 0.01584320554708336 0.01001166996194378
0 0.2479024374984032 0.504448783574647 0.022965374525034755 0.01420442144481875
0 0.12512086056041719 0.6048546432701982 0.010665396276527784 0.022288835475263547
0 0.28235017268076434 0.5061731096583703 0.022165940729444424 0.013391337946721472
0 0.3120376726807643 0.5049634367306768 0.018205139342673603 0.010888420456235438
0 0.28511149676895875 0.4904207756659815 0.02372844072944442 0.01345500494291585
0 0.31290918844833376 0.4752122697344824 0.02136650693385418 0.012578254448624194
0 0.36923192363069485 0.4760452578714844 0.021348323138263937 0.011797004448624193
0 0.4067319236306949 0.47451724996281897 0.02214775693385409 0.012610087946721471
0 0.43176829122187543 0.4750610780237087 0.016660823138263937 0.011606003460041236
0 0.461492158813056 0.4754139050960152 0.019785823138263936 0.011733337452429993
0 0.505242158813056 0.4736312292025723 0.0206034407294446 0.013327670950527093
0 0.7000805737069448 0.37810918768207896 0.011373911094166722 0.019195668973360735
0 0.7755169848011114 0.39380317186474817 0.019985844889756875 0.020327087452429993
0 0.6960139355985422 0.5393650226630509 0.016660823138263937 0.01160600346004106
0 0.716326435598542 0.5385373517125238 0.019022756933854267 0.012482753954332714
0 0.7413264355985422 0.5375186797734136 0.015843205547083274 0.01001166996194378
0 0.772576435598542 0.5362453398495257 0.022929006933854267 0.012641921444818748
0 0.7991753031897227 0.5367255009142211 0.021330139342673603 0.011015754448624192
0 0.8210866707809032 0.5373966629674995 0.017442073138263937 0.011637836958138336
0 0.9524094059632644 0.5351736352871708 0.01662445554708327 0.010043503460041237
0 0.9945723533664499 0.45357612540133896 0.010855293267100307 0.007699753460041059
0 0.9739557912218754 0.45296863034425483 0.020567073138263937 0.011765170950527093
0 0.9473932912218753 0.4540509692795595 0.018968205547083273 0.010139003954332714
0 0.9239557912218753 0.45500597422247535 0.015843205547083274 0.01001166996194396
0 0.8989194236306949 0.4544621461615856 0.020621624525034576 0.014108920950527093
0 0.8707944236306947 0.4556081520930847 0.015806837955902608 0.008449169961943958
0 0.8410705560395144 0.45525532502077815 0.0221659407294446 0.013391337946721472
0 0.7754091884483337 0.45636683886094254 0.01656990416031263 0.007699753460041236
0 0.6347478208571532 0.4605343685184378 0.01662445554708327 0.01004350346004106
0 0.6159978208571533 0.4612983724727705 0.01662445554708327 0.010043503460041237
0 0.5925603208571533 0.4622533774156864 0.019749455547083274 0.010170837452429993
0 0.5675603208571532 0.4632720493547966 0.020567073138263937 0.011765170950527093
0 0.5456489532659725 0.46260088730151805 0.012663654160312631 0.007540585969555025
0 0.5237375856747921 0.46192972524823955 0.016642639342673606 0.010824753460041237
0 0.5003000856747921 0.4628847301911555 0.022165940729444424 0.013391337946721472
0 0.4721387180836116 0.46246823612265453 0.01895002175149294 0.009357753954332537
0 0.4471387180836115 0.4634869080617648 0.018931837955902787 0.008576503954332714
0 0.42522735049243093 0.46281574600848624 0.017442073138263937 0.011637836958138336
0 0.4002273504924309 0.4638344179475965 0.016660823138263937 0.011606003460041236
0 0.37831598290125046 0.46316325589431795 0.017442073138263937 0.011637836958138336
0 0.35487848290125046 0.4641182608372339 0.013481271751493117 0.009134919467652302
0 0.33296711531006984 0.46344709878395535 0.01904094072944442 0.013264003954332715
0 0.5016820541396532 0.5222597301911555 0.015861389342673605 0.010792919961943958