0 0.051254288968428686 0.531368174668035 0.02113154735504663 0.01418067466803503
0 0.3983714836502871 0.5911805536655509 0.011248313140062204 0.018809087334017604
0 0.3757838521084909 0.5519998789975159 0.023429794724210674 0.013413060206654493
0 0.47476738367852195 0.5619475716195318 0.02347529735504672 0.014194310206654492
0 0.23170065216496064 0.4918067466803503 0.020077281570031146 0.00948862948849527
0 0.45298338894019385 0.5633828065924172 0.013046031570031147 0.009447722872636889
0 0.24033219952000726 0.5059146984757483 0.017824536831702886 0.011037493949875809
0 0.2364637468750539 0.5199499273985095 0.019523544724210674 0.013390334308955332
0 0.2749802153050228 0.5108021863755 0.017088789462538844 0.011814198770336048
0 0.2678047521367257 0.5216942345801019 0.02595555524755442 0.016551695745273775
0 0.14817406257536483 0.6131545058537325 0.008859060509226246 0.018014201795397967
0 0.3023617626600695 0.5250192224798534 0.023429794724210674 0.013413060206654493
0 0.3321402679217413 0.5267544393023662 0.017870039462538845 0.01181874394987581
0 0.3046677153050228 0.5109749031980128 0.02591005261671846 0.015770445745273774
0 0.3319736679499762 0.49707602966144576 0.02039579998588259 0.014957379488495093
0 0.3884966837349917 0.5020907825883121 0.020995039462538934 0.011836924668035032
0 0.42599668373499167 0.502308951206223 0.022603042093374805 0.012627265027114731
0 0.4510876889966635 0.5040168969514968 0.017088789462538757 0.011814198770336048
0 0.48086619425833543 0.5057521137740095 0.020168286831702888 0.01105112948849527
0 0.5231446995200073 0.5075600534691592 0.023384292093374802 0.012631810206654492
0 0.7151054153897274 0.4243304387131911 0.008722552616718459 0.015670451795397965
0 0.7927599785297896 0.44352586630809226 0.018188557878390375 0.01728749394987581
0 0.7163024362952404 0.5789724869177929 0.017824536831702886 0.011037493949875809
0 0.7381774362952405 0.5790997519449076 0.017824536831702886 0.011037493949875809
0 0.7632684415569123 0.5808076976901815 0.017043286831702885 0.01103294877033605
0 0.7929559415569123 0.5809804145126941 0.022557539462538755 0.011846015027114732
0 0.819609446818584 0.5826974506170477 0.021639781570031148 0.009497719847574793
0 0.843137952080256 0.584396306003242 0.017043286831702885 0.01103294877033605
0 0.9917320306829138 0.5118587515521241 0.016535938634172354 0.01105112948849527
0 0.9668946995200074 0.5101417154477706 0.019387036831702887 0.011046584308955332
0 0.9418946995200072 0.5099962697024967 0.016216534200867015 0.010247153590796287
0 0.9168036942583353 0.5082883239572229 0.022557539462538755 0.011846015027114732
0 0.8885876889966635 0.5065621974937897 0.01851478157003115 0.00947953912941557
0 0.8604626889966636 0.5063985710303566 0.019341534200867018 0.010265334308955331
0 0.7930931784733198 0.5028826855899331 0.016952281570031147 0.009470448770336048
0 0.6539396732116479 0.500511143631847 0.018605786831702886 0.01104203912941557
0 0.633627173211648 0.500392968963812 0.016262036831702888 0.011028403590796288
0 0.6116611679499762 0.4987032039366975 0.021730786831702886 0.01106021984757497
0 0.5850986679499762 0.4985486678323439 0.020949536831702885 0.011055674668035032
0 0.5647861679499762 0.4984304931643089 0.013872784200867017 0.010233518052176826
0 0.5428201626883042 0.4967407281371942 0.01603452367752336 0.00712215359079611
0 0.5177291574266325 0.4950327823919204 0.021685284200867017 0.010278969847574792
0 0.49107565216496063 0.4933157462875668 0.019296031570031145 0.009484084308955332
0 0.4660756521649606 0.49317030054229294 0.01851478157003115 0.00947953912941557
0 0.4441096469032887 0.4914805355151783 0.019478042093374625 0.012609084308955331
0 0.4190186416416169 0.48977258976990445 0.016216534200867015 0.01024715359079611
0 0.3955811416416169 0.4896362343837102 0.016997784200867016 0.010251698770336048
0 0.37361513637994503 0.4879464693565955 0.017088789462538844 0.011814198770336048
0 0.3500866311182732 0.4862476139704013 0.019432539462538933 0.011827834308955332
0 0.28975534684681903 0.5499374092481369 0.017824536831702976 0.011037493949875809