0 0.0203125 0.53125 0.01875 0.009375
0 0.3640625 0.584375 0.009375 0.01875
0 0.3921875 0.5484375 0.021875 0.0109375
0 0.4890625 0.559375 0.021875 0.0125
0 0.2015625 0.490625 0.021875 0.0109375
0 0.46875 0.559375 0.0109375 0.009375
0 0.2109375 0.5046875 0.0171875 0.0109375
0 0.2078125 0.51875 0.0203125 0.0109375
0 0.24375 0.5078125 0.015625 0.009375
0 0.2375 0.5203125 0.021875 0.0125
0 0.1125 0.6125 0.0078125 0.0171875
0 0.271875 0.5234375 0.0203125 0.009375
0 0.3015625 0.525 0.0171875 0.009375
0 0.275 0.5078125 0.021875 0.0109375
0 0.303125 0.49375 0.0203125 0.0140625
0 0.359375 0.4984375 0.0203125 0.009375
0 0.396875 0.5 0.021875 0.0125
0 0.4203125 0.5015625 0.015625 0.009375
0 0.45 0.5015625 0.0203125 0.009375
0 0.49375 0.503125 0.021875 0.0109375
0 0.690625 0.41875 0.0078125 0.015625
0 0.7671875 0.4375 0.0171875 0.0171875
0 0.6828125 0.575 0.0171875 0.009375
0 0.7046875 0.575 0.0171875 0.009375
0 0.7296875 0.575 0.015625 0.0109375
0 0.759375 0.575 0.021875 0.0109375
0 0.7859375 0.5765625 0.0203125 0.009375
0 0.809375 0.578125 0.015625 0.009375
0 0.9859375 0.5046875 0.0171875 0.009375
0 0.9640625 0.503125 0.0203125 0.009375
0 0.9375 0.503125 0.0171875 0.009375
0 0.9125 0.503125 0.015625 0.009375
0 0.8890625 0.5015625 0.0203125 0.0109375
0 0.859375 0.5 0.0171875 0.009375
0 0.83125 0.5 0.0203125 0.009375
0 0.7640625 0.496875 0.0171875 0.009375
0 0.6234375 0.4953125 0.0171875 0.009375
0 0.6046875 0.4953125 0.015625 0.009375
0 0.5828125 0.49375 0.0203125 0.0109375
0 0.55625 0.4953125 0.0203125 0.0078125
0 0.5359375 0.49375 0.0125 0.009375
0 0.5140625 0.4921875 0.015625 0.009375
0 0.4890625 0.490625 0.0203125 0.0109375
0 0.4625 0.490625 0.0171875 0.009375
0 0.4375 0.4890625 0.01875 0.009375
0 0.4140625 0.4890625 0.0171875 0.009375
0 0.390625 0.4875 0.015625 0.009375
0 0.3671875 0.4859375 0.0171875 0.009375
0 0.3453125 0.4859375 0.015625 0.009375
0 0.321875 0.484375 0.015625 0.009375
0 0.3 0.55 0.0171875 0.009375