0 0.0419592787060931 0.530066931598266 0.020917336463846727 0.016026818401734033
0 0.38831962555006316 0.5741082740304592 0.014953837946721471 0.02269404735504672
0 0.3192857826604258 0.5327090002823487 0.025604836463846682 0.016299834186749608
0 0.41966778463759213 0.5362596635353503 0.02091733646384668 0.016026818401734033
0 0.2231164368050389 0.47879431598265965 0.02326108646384668 0.016163326294241644
0 0.39941895163378655 0.5390052319370844 0.013726918973360824 0.011711044724210851
0 0.23150193977078842 0.4924017896743004 0.016851918973360736 0.011893055247554329
0 0.22894994273653796 0.5066463001976441 0.019259335969555112 0.013592063140062293
0 0.2660679407593716 0.49508717391751966 0.016038835475263545 0.01106630261671846
0 0.25870110973273236 0.506479700225879 0.02326108646384668 0.01616332629424182
0 0.13895629551200708 0.604294115897955 0.010139003954332714 0.019296031570031145
0 0.29320344372512114 0.5076025844690982 0.020821835969555114 0.013683068401734033
0 0.3245171107213155 0.5073449792356612 0.019195668973360735 0.012029563140062293
0 0.2957554407593716 0.4933580739457545 0.024759919467652304 0.014691831555913738
0 0.3248699377936221 0.47756647397398944 0.023356586958138338 0.01850707629424182
0 0.37974843878220527 0.47906878981547474 0.020790002471457923 0.012901818401734034
0 0.4173121057783996 0.47844716353535033 0.02326108646384668 0.01616332629424182
0 0.44231210577839963 0.4769910793486007 0.014508168973360824 0.01175654735504672
0 0.47206327277459403 0.4768244793768356 0.02241616946765248 0.01455532366340595
0 0.5143144397707884 0.4759298373116957 0.023165585969555025 0.01381957629424182
0 0.7078150889724857 0.3816506743410427 0.01001166996194378 0.016171031570031146
0 0.7851415929268184 0.39594141651912207 0.017951503954332537 0.019751057878390287
0 0.7078044545995361 0.5351396953877302 0.019259335969555025 0.013592063140062293
0 0.7281806215957305 0.535519126985996 0.017633168973360824 0.011938557878390377
0 0.7531806215957305 0.5340630427992465 0.016851918973360823 0.011893055247554329
0 0.7844306215957305 0.5322429375658095 0.02319741946765248 0.01460082629424182
0 0.8110567885919249 0.5322583481173881 0.020790002471457923 0.012901818401734034
0 0.8329954555881193 0.5325467744539821 0.016883752471457923 0.01267430524755433
0 0.9988983862637241 0.45038817988506324 0.0022032274725518166 0.012719807878390377
0 0.9846906067669827 0.4500997535484691 0.021539418973360824 0.012166071032569902
0 0.9581281067669828 0.45164684299689056 0.020008752471457926 0.012856315770898163
0 0.9346269397707886 0.45144942192196835 0.016851918973360823 0.011893055247554329
0 0.909563272774594 0.4513430061087179 0.022384335969555025 0.013774073663405773
0 0.8798757727745941 0.45307210608048304 0.01838258547526337 0.011202810509226247
0 0.8516871057783997 0.4531477007905763 0.020040585969555026 0.013637565770898164
0 0.7859984387822052 0.45540742178079396 0.01835075197716627 0.010421560509226246
0 0.6453097717860109 0.46203539533126037 0.019163835475263548 0.011248313140062116
0 0.6264961047898165 0.4615649584713225 0.016851918973360823 0.011893055247554329
0 0.6029949377936221 0.46136753739640035 0.02244800296574958 0.015336573663405772
0 0.5780586047898165 0.46438612158314996 0.021539418973360824 0.012166071032569902
0 0.5561199377936221 0.46409769524655575 0.012913835475263546 0.010884292093374626
0 0.5341812707974277 0.46380926890996166 0.016007001977166268 0.01028505261671846
0 0.5091176038012334 0.4637028530967113 0.022384335969555025 0.013774073663405773
0 0.48255510380123334 0.46524994254513263 0.018414418973360824 0.011984060509226424
0 0.457491436805039 0.46514352673188225 0.02010425296574958 0.015200065770898163
0 0.4355527698088446 0.4648551003952882 0.019259335969555025 0.013592063140062293
0 0.4121152698088446 0.46622017932036586 0.016851918973360823 0.011893055247554329
0 0.38861410281265013 0.4660227582454436 0.018350751977166357 0.010421560509226425
0 0.36511293581645576 0.4658253371705213 0.016070668973360736 0.01184755261671846
0 0.3432379358164558 0.4670994108339272 0.016883752471457923 0.01267430524755433
0 0.23947094866803703 0.534225268627613 0.0177286694676523 0.014282307878390198