0 0.054356546880769185 0.529591905150751 0.021213665946843884 0.015720594849248926
0 0.40221185841639134 0.5655943384711533 0.014632998920265905 0.02217788893989354
0 0.33212060147656103 0.5257663060494383 0.02506985117201923 0.01525820924333523
0 0.43272137877445704 0.526978377560828 0.020332286397194466 0.0140943219704317
0 0.23456567858988686 0.4740440515075104 0.022625971622369966 0.013504390606883377
0 0.4125090083241063 0.530198972410077 0.013100777297895938 0.010395366061076317
0 0.24327934453673072 0.4874688227193378 0.017988536397194554 0.013903003333980025
0 0.24105551048357463 0.5017864142346068 0.020382351172019232 0.014875571970431701
0 0.2779547331856787 0.4893503160513779 0.016275842072720613 0.011431707576345217
0 0.27084314003322396 0.5009255448395507 0.02365754549649317 0.01747441348570078
0 0.15321315391288456 0.6016266596926789 0.009795304595791875 0.01945150166699001
0 0.30541839913252256 0.5012445381715909 0.021113536397194644 0.014158094849248926
0 0.3367685286821719 0.5002561230189002 0.018619592072720615 0.011623026212797071
0 0.3076422331856787 0.48692694665632175 0.024969721622369878 0.01369570924333523
0 0.33642856723883485 0.4704410772612656 0.02287629549649317 0.017410640606883375
0 0.39141645588778273 0.4706644757440569 0.021063471622369878 0.013376844849248925
0 0.42901658543743204 0.469165877560828 0.022676036397194465 0.014285640606883554
0 0.45401658543743206 0.46712514543867545 0.013882027297895939 0.010459138939893541
0 0.4838042149870814 0.4662642760436192 0.022676036397194465 0.014285640606883376
0 0.5260918445367307 0.4643830405874868 0.023457286397194466 0.01434941348570078
0 0.7176599784053167 0.3654997751255354 0.00881379549649317 0.016262728788172698
0 0.7954240330011085 0.37800003300144314 0.020001619370616553 0.021061799091614476
0 0.7212226742709502 0.5191349581560736 0.019551036397194466 0.014030549091614474
0 0.7416353038205995 0.5190393633068245 0.017057092072720614 0.011495480455162622
0 0.7666353038205995 0.5169986311846719 0.016225777297895937 0.010650457576345395
0 0.7978853038205995 0.5144477160319813 0.02350735117201914 0.015130663485700779
0 0.8245479333702488 0.5138419381521941 0.020132027297896114 0.010969321970431701
0 0.8465230629198981 0.5136187975453107 0.017157221622370145 0.013057980455162621
0 0.9928160890250097 0.42755426753949166 0.014367821949980453 0.011878117728066328
0 0.9699419740863799 0.42972254541927873 0.019350777297896117 0.010905549091614475
0 0.9464043445367306 0.43007323178379686 0.016225777297896114 0.010650457576345395
0 0.9213042149870814 0.4305514639059494 0.02365754549649317 0.01747441348570078
0 0.8916167149870814 0.43297483330100556 0.018619592072720438 0.011623026212797071
0 0.8633915854374322 0.43370815693842724 0.019400842072720793 0.011686799091614474
0 0.7976664558877828 0.4375025787590777 0.019551036397194643 0.014030549091614474
0 0.6569413263381334 0.44741919694618587 0.019400842072720616 0.011686799091614474
0 0.6380911967884841 0.4473872460378002 0.016225777297895937 0.010650457576345218
0 0.6145535672388348 0.44773793240231824 0.02277616594684382 0.015848140606883377
0 0.5896536967884842 0.4513411645244709 0.02262597162236979 0.013504390606883554
0 0.5676785672388348 0.45156430513135437 0.013982156847545113 0.012021638939893543
0 0.5457034376891855 0.4517874457382378 0.01617571252307126 0.009869207576345218
0 0.5206033081395361 0.45226567786039046 0.022676036397194465 0.014285640606883554
0 0.4940408081395361 0.45443395574017753 0.01960110117201914 0.014811799091614475
0 0.46894067858988675 0.45491218786233006 0.020432415946843818 0.0156568219704317
0 0.4469655490402375 0.45513532846921356 0.019551036397194643 0.014030549091614474
0 0.4235280490402375 0.45704851483373166 0.01715722162236997 0.013057980455162621
0 0.39999041949058817 0.4573992011982497 0.01945090684754529 0.012468049091614475
0 0.3764527899409389 0.45774988756276774 0.016375971622369968 0.012994207576345219
0 0.3545777899409389 0.4595355281696512 0.016225777297895937 0.010650457576345395
0 0.2522328423772624 0.5291461396887996 0.01803860117201923 0.014684253333980024