0 0.0026085191803277247 0.532077670950527 0.005217038360655449 0.012482753954332714
0 0.33804342390688 0.6070855771094876 0.012628432588823202 0.020008752471457926
0 0.2946958382987382 0.5630517342198502 0.02409247146395277 0.015017504942915849
0 0.3926239160489972 0.5780002549800969 0.022420809553293886 0.012610087946721471
0 0.18027377336876077 0.4989017095052709 0.023311221463952723 0.014985671444818749
0 0.3723114160489972 0.5771725840295698 0.01293664764263518 0.009884335969555024
0 0.1889210272977022 0.5149087114824372 0.01929580955329393 0.012482753954332538
0 0.18365133044085535 0.527217710493854 0.02022260876750561 0.015639587452429993
0 0.22158797808349046 0.5193707184025195 0.016952059553293885 0.012387253460041237
0 0.2132660558337495 0.5299898834215475 0.024274407981717337 0.01892375494291585
0 0.0855348540145039 0.6171476907221906 0.00943065798171736 0.01831891847906917
0 0.24905800661953775 0.5345792243340185 0.02249358416039975 0.01417258794672147
0 0.27859995740532606 0.5389138972617119 0.01609803494618802 0.010792919961943958
0 0.2512754780834905 0.5205803913302128 0.025764133374611475 0.017424921939110403
0 0.28161794954744324 0.5077275642579064 0.021675946856846907 0.013359504448624193
0 0.3376496257261256 0.5147070761209044 0.021675946856846907 0.013359504448624193
0 0.3750768511190198 0.5177975840295698 0.022348034946188023 0.011047587946721648
0 0.3984415765119139 0.5203150889724857 0.014571922249741043 0.01151050296574958
0 0.428129076511914 0.5215247619001792 0.021566784946188022 0.011015754448624192
0 0.4718063019048081 0.5248699377936221 0.022384422249740864 0.01182883794672147
0 0.6725383560814185 0.45007947931411535 0.010102746071058632 0.016007001977166268
0 0.748300335403254 0.4703866621276406 0.0204409325888232 0.020327087452429993
0 0.6575939445850445 0.6028861443331435 0.018405397642635178 0.010107170456235437
0 0.6794689445850445 0.6037774822798649 0.01847817224974104 0.011669670456235437
0 0.7043961699779386 0.6063586542189752 0.016952059553294062 0.012387253460041237
0 0.7340836699779386 0.6075683271466688 0.023202059553294064 0.012641921444818748
0 0.7605733953708327 0.6102131660819733 0.020894696856846907 0.013327670950527093
0 0.7823756207637269 0.6126670040286948 0.019295809553294064 0.012482753954332714
0 0.9638482526905964 0.5480500415948555 0.018441784946188023 0.010888420456235438
0 0.9404835272977022 0.5455325366519396 0.019223034946188024 0.010920253954332715
0 0.9139938019048082 0.5428876977166348 0.019332196856846905 0.013264003954332537
0 0.8905563019048082 0.541932692773719 0.01606164764263518 0.01001166996194396
0 0.865629076511914 0.5393515208346088 0.02171233416039975 0.014140754448624194
0 0.8359415765119138 0.5381418479069153 0.019295809553293707 0.012482753954332714
0 0.8078893511190197 0.5354333419754163 0.020113446856846906 0.013295837452429992
0 0.7423371257261256 0.5311968281352518 0.01936858416039975 0.014045253954332714
0 0.6017849003332315 0.5239042984777565 0.019259422249741042 0.011701503954332716
0 0.5831076749403373 0.5215777945234239 0.014571922249741043 0.01151050296574958
0 0.5597429495474432 0.519060289580508 0.021675946856846907 0.013359504448624193
0 0.5346701749403373 0.5196041176413978 0.019223034946188024 0.010920253954332715
0 0.5128679495474432 0.5171502796946763 0.012973034946188022 0.010665585969555025
0 0.4910657241545491 0.5146964417479548 0.015988873035529316 0.008449169961943781
0 0.46770099876165494 0.512178936805039 0.020077059553293884 0.012514587452429993
0 0.43957599876165493 0.5110329308735398 0.020113446856846906 0.013295837452429992
0 0.41621127336876074 0.5085154259306239 0.017733309553294063 0.012419086958138337
0 0.39284654797586666 0.5059979209877081 0.018514559553293886 0.012450920456235437
0 0.36940904797586666 0.5050429160447922 0.016134422249741043 0.011574169961943959
0 0.3460443225829725 0.5025254111018764 0.019295809553293887 0.012482753954332538
0 0.3226795971900783 0.5000079061589606 0.016207196856846816 0.013136669961943782
0 0.30080459719007835 0.49911656821223904 0.017660534946188113 0.010856586958138337
0 0.21195611290584404 0.5581148834215475 0.019295809553293887 0.012482753954332714