0 0.052693917331119854 0.5281569509083855 0.01940084207272057 0.011686799091614474
0 0.1131331647102262 0.39285743757246605 0.010626619370616508 0.020296524545807236
0 0.4334828423772624 0.5143508318031935 0.01788840684754529 0.012340503333979846
0 0.7050574537283143 0.4874703699747844 0.02350735117201914 0.015130663485700779
0 0.7856461196751583 0.495028036335423 0.02247577729789594 0.011160640606883553
0 0.2327027899409389 0.46948409726514495 0.023457286397194643 0.01434941348570078
0 0.7653336196751583 0.4966861311846721 0.011488212523071261 0.009486570303441865
0 0.24131632633813344 0.4813463684769722 0.020282221622369968 0.0133130719704317
0 0.2391926218346266 0.4972264599922413 0.019400842072720616 0.011686799091614474
0 0.2758915854374321 0.48166536180901254 0.016225777297895937 0.010650457576345218
0 0.2688801218346266 0.49480309059718514 0.02257590684754529 0.012723140606883376
0 0.14998802436323525 0.6003192512079479 0.011558063695090492 0.022704047424624462
0 0.30501788093392534 0.49499453817159084 0.020963342072720614 0.011814344849248926
0 0.33470538093392527 0.4925711687765347 0.017007027297895938 0.010714230455162621
0 0.30557908543743206 0.47924199241395626 0.023457286397194643 0.01434941348570078
0 0.3343654194905882 0.4627561230189001 0.020332286397194553 0.0140943219704317
0 0.38925317858988684 0.4614170215016914 0.021794656847545203 0.012659367728066329
0 0.4283156785898868 0.458228377560828 0.023607480721668496 0.01669316348570078
0 0.4518533081395361 0.45787769119631 0.015444527297895938 0.01058668469752817
0 0.48154080813953615 0.45545432180125384 0.021063471622369788 0.013376844849248925
0 0.5253909376891854 0.4534455405874868 0.020132027297895937 0.010969321970431701
0 0.7149960533591742 0.34843982088316994 0.010426360271317847 0.017171524545807237
0 0.7944227375046153 0.36237503300144314 0.019170304595791877 0.02021677621279716
0 0.7190593969730543 0.5098875039137081 0.01793847162236979 0.013121753333979847
0 0.7410345265227035 0.5096643633068245 0.017007027297895938 0.010714230455162621
0 0.7660345265227037 0.507623631184672 0.017107156847545112 0.01227673045516262
0 0.7957220265227035 0.5052002617896159 0.022525842072720615 0.011941890606883554
0 0.822384656072353 0.5045944839098288 0.021594397748246764 0.009534367728066151
0 0.844259656072353 0.5028088433029453 0.01695696252307144 0.00993298045516262
0 0.9757099151716517 0.4952199996616443 0.017007027297896115 0.010714230455162621
0 0.9919623648578817 0.4136193132971262 0.01607527028423661 0.0125318219704317
0 0.9689406785898868 0.41409754541927873 0.018619592072720792 0.011623026212797071
0 0.9438405490402374 0.4145757775414314 0.01705709207272079 0.011495480455162622
0 0.9188405490402374 0.41661650966358393 0.02345728639719482 0.01434941348570078
0 0.8891530490402374 0.4190398790586401 0.016225777297896114 0.010650457576345395
0 0.862490419490588 0.41964565693842715 0.020182092072720793 0.0117505719704317
0 0.7952027899409388 0.4235676245167122 0.017888406847545113 0.012340503333980023
0 0.6545777899409388 0.4350467427038204 0.020182092072720613 0.0117505719704317
0 0.6358277899409389 0.4365772917954348 0.017007027297895938 0.010714230455162621
0 0.6122901603912896 0.4369279781599529 0.02101340684754529 0.012595594849248926
0 0.5872901603912896 0.43896871028210543 0.020282221622369968 0.0133130719704317
0 0.5653150308416401 0.4391918508889889 0.013100777297895761 0.010395366061076317
0 0.5434400308416402 0.44097749149587245 0.01617571252307126 0.009869207576345218
0 0.5200025308416402 0.44289067786039044 0.022575906847545114 0.012723140606883555
0 0.49177740129199093 0.44362400149781206 0.016906897748246587 0.009151730455162621
0 0.46667727174234164 0.4441022336199646 0.02028222162236979 0.0133130719704317
0 0.44480227174234155 0.44588787422684817 0.01788840684754529 0.012340503333980023
0 0.42136477174234155 0.44780106059136615 0.01710715684754529 0.01227673045516262
0 0.3978271421926922 0.44815174695588417 0.017057092072720614 0.011495480455162622
0 0.37428951264304294 0.4485024333204022 0.014663277297895938 0.010522911818710767
0 0.35241451264304297 0.45028807392728576 0.01856952729789594 0.010841776212797073
0 0.5769324537283145 0.4979291221008163 0.01788840684754529 0.012340503333980023