0 0.004303830987722657 0.5256349170603755 0.008607661975445314 0.010811014427970278
0 0.06489250113165376 0.3985614963718029 0.00957639586155703 0.019050100362819754
0 0.4295614314802355 0.5230753352170592 0.016938516508343326 0.010729168874473949
0 0.8389364314802356 0.508779645206375 0.02236632293077854 0.010138891832631992
0 0.8819494470840679 0.521314361541111 0.02253009724103805 0.013263891832631991
0 0.1732981433751662 0.4727579098039813 0.02248915366347313 0.01248264183263199
0 0.8600744470840678 0.5220782533737431 0.010524742198084169 0.0073859140651507
0 0.18037365897899843 0.48654759129232705 0.01936415366347317 0.012373514427970278
0 0.17338667458283066 0.5008283461016505 0.019241322930778536 0.010029764427970277
0 0.2145848846687389 0.4884721898410482 0.016116322930778536 0.009920637023308565
0 0.20619917458283066 0.49968250835270245 0.02331134724103805 0.013291173683797375
0 0.07916528380965628 0.6023759771345093 0.01130267017181652 0.0222296640651507
0 0.24353540027257115 0.5014979794967619 0.02253009724103805 0.013263891832631991
0 0.2732229002725711 0.5004612691524757 0.019323210085908295 0.011592264427970279
0 0.24591677182386867 0.4858184157944311 0.025614153663473173 0.012591769237293705
0 0.2763412562200364 0.4707192054501448 0.022407266508343415 0.010920141832631814
0 0.33094686906490667 0.4703719758685649 0.020926653663473172 0.012428078130301046
0 0.3699274819097769 0.4705703833102935 0.023434177973732595 0.015634923683797375
0 0.3933649819097769 0.46975192777533065 0.014635710085908294 0.01142857332097762
0 0.42297059475464716 0.47027771743104435 0.021666960085908293 0.011674109981466608
0 0.46672059475464717 0.46874993376578045 0.02331134724103805 0.013291173683797553
0 0.6667825497521728 0.37130447097442343 0.010357645861557074 0.01907738221398514
0 0.7437611295803562 0.3904512858578807 0.020472952283992107 0.018650796279135663
0 0.6518525113084191 0.5371477257837468 0.019323210085908114 0.011592264427970279
0 0.6736456241532893 0.5379463339511149 0.01841912935321375 0.009221232576804895
0 0.6986456241532893 0.5370733147138212 0.016157266508343326 0.010701887023308387
0 0.7283331241532893 0.5360366043695349 0.02236632293077854 0.010138891832631992
0 0.7548956241532894 0.5351090214299103 0.019981629353213747 0.009275796279135662
0 0.7766887369981597 0.5359076295972784 0.016897572930778537 0.009947918874473948
0 0.8016887369981596 0.5350346103599847 0.020145403663472904 0.012400796279135661
0 0.9078568498430297 0.5328867786014865 0.019364153663472904 0.012373514427970278
0 0.9297318498430298 0.5321228867688546 0.015993492198083815 0.007576887023308565
0 0.958989981909777 0.44999986753156074 0.018501016508343328 0.010783732576804895
0 0.935552481909777 0.4508183230665237 0.02146224219808417 0.007767859981466429
0 0.9090718690649066 0.45018340600614815 0.020104460085908472 0.011619546279135662
0 0.8840718690649065 0.45105642524344186 0.016116322930778183 0.009920637023308565
0 0.8606343690649065 0.4518748807784047 0.022407266508343328 0.01092014183263199
0 0.8325093690649066 0.45285702742036016 0.01697946008590847 0.01151041887447395
0 0.8029037562200363 0.4523312377646464 0.02018634724103805 0.013182046279135662
0 0.7373606433751662 0.45306041326254237 0.01841912935321357 0.009221232576804895
0 0.5984619176854256 0.45479158276998854 0.016774742198083815 0.007604168874473949
0 0.5781494176854256 0.45550091090028966 0.016075379353213747 0.009139387023308566
0 0.5562744176854257 0.4562648027329216 0.020885710085908293 0.011646828130301046
0 0.5297938048405554 0.4556298856725462 0.019200379353213747 0.009248514427970278
0 0.5079188048405554 0.4563937775051782 0.010565685775648781 0.0081671640651507
0 0.4861256919956852 0.4555951693378101 0.016116322930778536 0.009920637023308565
0 0.4626881919956852 0.4564136248727729 0.020104460085908292 0.011619546279135662
0 0.4345631919956851 0.4573957715147284 0.020063516508343326 0.010838296279135662
0 0.4111256919956852 0.4582142270496913 0.017760710085908293 0.01153770072563951
0 0.3876881919956852 0.4590326825846541 0.016938516508343326 0.010729168874473949
0 0.36433257915081496 0.4582886381196169 0.01607537935321357 0.009139387023308566
0 0.34089507915081496 0.45910709365457975 0.01841912935321357 0.009221232576804895
0 0.3175394663059447 0.4583630491895425 0.01529412935321357 0.009112105172143004
0 0.29566446630594473 0.4591269410221745 0.017719766508343327 0.010756450725639511
0 0.6780808186353654 0.5128372065464532 0.016116322930778536 0.009920637023308565