0 0.01875 0.528125 0.01875 0.009375
0 0.0859375 0.39375 0.009375 0.021875
0 0.3828125 0.55 0.01875 0.0140625
0 0.609375 0.5421875 0.021875 0.009375
0 0.6953125 0.5546875 0.021875 0.009375
0 0.2015625 0.4859375 0.021875 0.0109375
0 0.675 0.5546875 0.0109375 0.0078125
0 0.209375 0.4984375 0.0171875 0.0109375
0 0.20625 0.5125 0.01875 0.009375
0 0.2421875 0.5015625 0.015625 0.009375
0 0.2359375 0.5140625 0.021875 0.0109375
0 0.1109375 0.609375 0.0078125 0.021875
0 0.2703125 0.5171875 0.0203125 0.009375
0 0.3 0.5171875 0.0171875 0.009375
0 0.2734375 0.5015625 0.0234375 0.009375
0 0.3015625 0.4875 0.0203125 0.0109375
0 0.3578125 0.490625 0.0203125 0.009375
0 0.3953125 0.490625 0.021875 0.0109375
0 0.4203125 0.4921875 0.015625 0.0078125
0 0.45 0.49375 0.01875 0.009375
0 0.49375 0.49375 0.0203125 0.009375
0 0.690625 0.40625 0.009375 0.0171875
0 0.765625 0.425 0.0171875 0.0171875
0 0.6828125 0.5671875 0.015625 0.0078125
0 0.703125 0.5671875 0.0171875 0.0078125
0 0.728125 0.5671875 0.015625 0.009375
0 0.759375 0.5671875 0.021875 0.009375
0 0.7859375 0.56875 0.0203125 0.0078125
0 0.8078125 0.5703125 0.0171875 0.0078125
0 0.9390625 0.5734375 0.0171875 0.009375
0 0.9859375 0.49375 0.0171875 0.0078125
0 0.9625 0.4921875 0.0203125 0.0078125
0 0.9359375 0.4921875 0.01875 0.0078125
0 0.9125 0.4921875 0.015625 0.0078125
0 0.8875 0.490625 0.0203125 0.0109375
0 0.859375 0.490625 0.015625 0.0078125
0 0.8296875 0.4890625 0.0203125 0.0078125
0 0.7640625 0.4875 0.0171875 0.0078125
0 0.6234375 0.4859375 0.0171875 0.0078125
0 0.6046875 0.4859375 0.015625 0.0078125
0 0.58125 0.4859375 0.0203125 0.009375
0 0.55625 0.4859375 0.0203125 0.0078125
0 0.534375 0.484375 0.0125 0.0078125
0 0.5125 0.4828125 0.015625 0.0078125
0 0.4890625 0.4828125 0.0203125 0.0078125
0 0.4609375 0.48125 0.01875 0.0078125
0 0.4359375 0.48125 0.01875 0.0078125
0 0.4140625 0.4796875 0.0171875 0.009375
0 0.3890625 0.4796875 0.015625 0.009375
0 0.3671875 0.478125 0.0171875 0.009375
0 0.34375 0.478125 0.0140625 0.0078125
0 0.321875 0.4765625 0.0171875 0.009375
0 0.4890625 0.5421875 0.015625 0.009375