0 0.031151348592569888 0.5341236277239408 0.019822190729444456 0.01386575804577177
0 0.3775548763279866 0.6051452299731842 0.011392094889756964 0.020296074505632155
0 0.45647865691319484 0.5779050227999327 0.022093205547083272 0.010904649011264311
0 0.5505195976426394 0.5969606614196368 0.02214775693385409 0.013248399011264312
0 0.21298192363069485 0.5047196230323638 0.022965374525034755 0.01486552933309504
0 0.5302070976426394 0.5955402730520343 0.010319904160312454 0.0077414441838012495
0 0.22112173195131984 0.5193284262506725 0.018205139342673603 0.011412747402109957
0 0.21828767268076432 0.5316099049633489 0.019004573138263935 0.012248627723940687
0 0.255569467133681 0.5248571604112306 0.018186955547083272 0.010631497402109957
0 0.24804790786312542 0.536810857192922 0.023819359707395904 0.018045159654925945
0 0.1267560957427783 0.620366766343645 0.00823072729857639 0.018515053218308708
0 0.2824956430454866 0.5423395913534802 0.021348323138263937 0.012412518689433405
0 0.3137456430454866 0.5445248042267148 0.017442073138263937 0.01213936708027905
0 0.285256967133681 0.5269331126408037 0.02292900693385418 0.013303029333095217
0 0.31461715881305596 0.5149465648703766 0.02145742591180557 0.01710001868943358
0 0.36941376158659767 0.5234581873985373 0.02214775693385418 0.013248399011264312
0 0.40847626158659767 0.5261897034900807 0.02294719072944442 0.014084279333095218
0 0.4319501291777782 0.5293911131450068 0.015025587955902786 0.00885047611478651
0 0.46163762917777823 0.5314670653745797 0.020567073138263937 0.012357888367602498
0 0.5038614967689587 0.5359796027534466 0.021330139342673603 0.011631268689433405
0 0.7002987792540282 0.4639182044984869 0.009738675911805572 0.01628056386197052
0 0.7773340579393754 0.4895844760379119 0.01758754350298606 0.01838936708027905
0 0.6961594059632643 0.6211844012801782 0.017442073138263937 0.01213936708027905
0 0.7164719059632644 0.6226047896477808 0.018223323138263935 0.012193997402109958
0 0.743070773554445 0.6260247205900302 0.016642639342673606 0.011303486758448144
0 0.7727582735544449 0.6281006728196032 0.02294719072944442 0.014084279333095218
0 0.7993571411456255 0.6315206037618527 0.021330139342673603 0.011631268689433583
0 0.821268508736806 0.634612752773117 0.015861389342673605 0.011248856436617416
0 0.9510287439191671 0.646806386197041 0.020567073138263937 0.012357888367602498
0 0.9932869929466062 0.5719592055068932 0.013426014106787676 0.013029877723940686
0 0.9741739967689588 0.5688670564956289 0.018986389342673604 0.011467377723940686
0 0.9491739967689586 0.5671188861970411 0.0198221907294446 0.01386575804577177
0 0.9241376291777781 0.5638082158984533 0.016660823138263937 0.012084736758448145
0 0.8991376291777783 0.5620600455998656 0.02143924211621524 0.016318768689433584
0 0.8709762615865977 0.5585308540139542 0.0190409407294446 0.013811127723940863
0 0.8428512615865976 0.5565641624280431 0.019785823138263936 0.012303258045771592
0 0.7755910264042365 0.5487409547505884 0.017442073138263937 0.01213936708027923
0 0.6349660264042365 0.5389074968210322 0.01746025693385427 0.012920617080279051
0 0.6162160264042364 0.5375963690970915 0.016660823138263937 0.012084736758448145
0 0.5927057912218754 0.5328324594421654 0.019804006933854267 0.01308450804577177
0 0.567742158813056 0.5326467891435775 0.020585256933854268 0.013139138367602499
0 0.5458307912218754 0.5295546401323133 0.013535823138263936 0.011866215471124698
0 0.5239194236306949 0.5264624911210491 0.015843205547083274 0.010467606436617417
0 0.5004819236306949 0.5248235814661231 0.018986389342673604 0.011467377723940686
0 0.4723205560395144 0.5212943898802118 0.018968205547083273 0.010686127723940864
0 0.44728418844833373 0.517983719581624 0.01662445554708327 0.010522236758448145
0 0.4254091884483337 0.5164540705703597 0.017442073138263937 0.01213936708027923
0 0.4003728208571532 0.513143400271772 0.016679006933854268 0.012865986758448144
0 0.37849782085715317 0.5116137512605077 0.016642639342673606 0.011303486758448144
0 0.35502395326597264 0.5084123416055817 0.015843205547083274 0.010467606436617417
0 0.33311258567479207 0.5053201925943174 0.015861389342673605 0.011248856436617416
0 0.356551392095556 0.5740373416055817 0.018186955547083272 0.010631497402109957