0 0.05600787948865164 0.531829854138443 0.01940556386197041 0.010357645861557074
0 0.4045981987985037 0.5606077928547679 0.010686127723940685 0.019241322930778536
0 0.48199122528160726 0.5236190479431505 0.023530335149293792 0.013687363749381376
0 0.5766153104309011 0.5312058186353654 0.023584965471124698 0.014468613749381376
0 0.23587034210978483 0.480061556988262 0.023584965471124698 0.014468613749381376
0 0.5563028104309011 0.5322703516520522 0.010647922896477802 0.007563516508343327
0 0.24466618790274045 0.4937146212126132 0.019678715471124698 0.014263895861557074
0 0.24241527305203428 0.5063783955228727 0.02040533514929388 0.013523589439121863
0 0.2792597091900639 0.49503810379975877 0.018733574505632157 0.011879202283992285
0 0.27232129433935776 0.5079475395754075 0.022803715471124697 0.014427670171816587
0 0.15533017231540014 0.606604124830658 0.009850247402109958 0.01841912935321375
0 0.3069148156266812 0.5092710221625529 0.02174931386197034 0.010480476594251798
0 0.3381648156266812 0.5076332790599579 0.017952324505632156 0.01183825870642714
0 0.3089472091900639 0.4934822478522934 0.023475704827463063 0.012906113749381377
0 0.3376513633971083 0.4778638919048282 0.021241215471124696 0.014345783016686653
0 0.3926666453280935 0.4796853414752868 0.021858574505632156 0.01204297659425162
0 0.43172914532809353 0.477638162597043 0.023530335149293792 0.013687363749381376
0 0.45527590597175516 0.47797235527009674 0.015335422896477801 0.007809177973732595
0 0.4849634059717552 0.47641649932263147 0.021077324505632156 0.012002033016686831
0 0.527260166615417 0.4757680461341282 0.02274908514929379 0.013646420171816586
0 0.7196883312140215 0.3794308774326497 0.010467606436617417 0.016116322930778536
0 0.797671219581624 0.39573090683129186 0.017553486758448145 0.017266065128862352
0 0.7229111562238568 0.5376528132082985 0.018006954827463062 0.01261950870642714
0 0.7432236562238568 0.5365882801916116 0.019624085149293792 0.013482645861557074
0 0.7698954168675185 0.5367586985544058 0.017171074505632156 0.01179731512886235
0 0.7995829168675185 0.5352028426069406 0.02253056386197052 0.010521420171816587
0 0.8262546775111801 0.5353732609697348 0.02274908514929379 0.013646420171816586
0 0.8482389381548419 0.5357893407979183 0.01722570482746306 0.012578565128862351
0 0.9781449594421655 0.532117706922149 0.02118658514929379 0.013564533016686652
0 0.9939212847617582 0.4511200124400728 0.012157430476483455 0.011138895861557075
0 0.972572666615417 0.45243020692214897 0.01946019418380125 0.011138895861557075
0 0.9474634059717552 0.45217790140422487 0.017171074505632333 0.01179731512886235
0 0.9224634059717551 0.45348809588630096 0.02040533514929379 0.013523589439121863
0 0.8942291453280935 0.4533995646786365 0.018678944183801248 0.011097952283992107
0 0.8661041453280933 0.45487353347097204 0.02118658514929379 0.013564533016686831
0 0.7986981240407699 0.45526968114155136 0.018006954827463062 0.012619508706427317
0 0.65807312404077 0.46263952510322903 0.017061813861970344 0.010234815128862351
0 0.63932312404077 0.46362217096478603 0.01633519418380125 0.010975121551297562
0 0.6156671027534465 0.46172547829173227 0.02113195482746306 0.01278328301668683
0 0.5907763633971083 0.4645981727738084 0.02113195482746306 0.012783283016686653
0 0.5687921027534465 0.4641820929456248 0.013155563861970521 0.010030097241038049
0 0.5468078421097848 0.46376601311744137 0.01628056386197052 0.010193871551297562
0 0.5233703421097848 0.4649943204443877 0.01940556386197052 0.010357645861557074
0 0.49513608146612303 0.46490578923672315 0.02035070482746306 0.012742339439121864
0 0.4700268208224613 0.4646534837187993 0.01789769418380125 0.01105700870642714
0 0.4481518208224614 0.46579990389061576 0.018006954827463062 0.012619508706427317
0 0.4230425601787996 0.4655475983726918 0.01633519418380125 0.010975121551297562
0 0.40116756017879956 0.46669401854450837 0.018006954827463062 0.01261950870642714
0 0.37762079953513783 0.4663598258714545 0.01628056386197043 0.010193871551297562
0 0.3556365388914761 0.4659437460432711 0.017171074505632156 0.01179731512886235
0 0.3822097465689307 0.5319848258714546 0.018678944183801248 0.011097952283992107