0 0.01566836827200959 0.5304515039543327 0.019603972872636943 0.013295837452429992
0 0.36230701893593953 0.5852105771094875 0.01339487948849527 0.020072419467652303
0 0.49214905504029305 0.5639324377936221 0.02351476805217665 0.01423625494291585
0 0.5858172418085765 0.5818149575652856 0.021934087334017603 0.011047587946721471
0 0.1987263079671593 0.49571304250907644 0.02195226805217674 0.01417258794672147
0 0.5655047418085765 0.5809872866147584 0.012559087334017605 0.010665585969555025
0 0.2080194947354427 0.5101575444862428 0.017260222872636975 0.013200336958138336
0 0.20325927186280576 0.5224665434976596 0.019603972872636977 0.013295837452429992
0 0.24081381401728347 0.5146195514063251 0.016474427693097128 0.012387253460041237
0 0.23293768150372615 0.525238716425353 0.022738063231716586 0.014985671444818749
0 0.10738316959986946 0.6154578567298018 0.010278969847574837 0.021507585475263546
0 0.26885700078556696 0.5298280573378241 0.019590337334017514 0.010952087452429992
0 0.29853541042648735 0.5326002302655175 0.016460792154477665 0.01004350346004106
0 0.2705013140172835 0.5158292243340185 0.022733518052176736 0.01420442144481875
0 0.29870812724900003 0.5029127302655176 0.02117101805217674 0.014140754448624194
0 0.3565024465308408 0.50839340912471 0.022733518052176736 0.01420442144481875
0 0.3939933561717612 0.5114839170333754 0.021943177693097126 0.012610087946721471
0 0.4174217658126816 0.5140014219762913 0.014902837334017604 0.010761086463846681
0 0.44710926581268157 0.5152110949039848 0.019590337334017605 0.010952087452429992
0 0.48928767545360186 0.5184926038012334 0.021152837334017606 0.011015754448624192
0 0.6882342355620605 0.43907831231792105 0.01024715359079611 0.016038835475263545
0 0.7646785608940255 0.4625104951314462 0.018863629488495272 0.020295253954332716
0 0.6794945189359396 0.5981349773369491 0.016465337334017605 0.010824753460041059
0 0.6998070189359396 0.5989626482874761 0.018023292154477667 0.010107170456235437
0 0.7263695189359396 0.6000449872227808 0.016469882513557365 0.011606003460041236
0 0.7560570189359395 0.6012546601504744 0.022724427693097127 0.012641921444818748
0 0.7826104285768599 0.6038994990857789 0.021148292154477666 0.010234504448624194
0 0.8044763382177802 0.6063533370325004 0.017251132513557366 0.011637836958138336
0 0.9341456574996212 0.6147626977166348 0.01802783733401725 0.010888420456235438
0 0.9830376754536019 0.538611374598661 0.016465337334017248 0.010824753460041059
0 0.9596001754536019 0.537656369655745 0.019599427693097127 0.012514587452429993
0 0.9330467658126815 0.5350115307204405 0.019599427693097127 0.012514587452429993
0 0.9096092658126815 0.5340565257775246 0.015679542154477845 0.01001166996194396
0 0.8846183561717611 0.5314753538384144 0.021943177693097126 0.012610087946721471
0 0.8549308561717612 0.5302656809107209 0.016460792154477842 0.01004350346004106
0 0.8283774465308408 0.5276208419754163 0.020376132513557365 0.011765170950527093
0 0.7611990368899204 0.5233206611390575 0.017255677693097125 0.012419086958138337
0 0.620583127249 0.5160281314815622 0.021157382513557366 0.011797004448624193
0 0.6018331272490001 0.5152641275272295 0.016474427693097128 0.012387253460041237
0 0.5784047176080797 0.5127466225843136 0.019599427693097127 0.012514587452429993
0 0.5534047176080796 0.5117279506452034 0.019581246974937905 0.009389587452429992
0 0.5315388079671592 0.5092741126984819 0.011777837334017605 0.010633752471457925
0 0.5096638079671593 0.5083827747517604 0.015674996974937905 0.009230419961943782
0 0.48467289832623894 0.5058016028126502 0.019594882513557364 0.011733337452429816
0 0.45811039832623895 0.5047192638773454 0.018804542154477844 0.010139003954332537
0 0.43311948868531847 0.5021380919382352 0.019599427693097127 0.012514587452429993
0 0.4112535790443982 0.4996842539915137 0.015679542154477845 0.01001166996194396
0 0.3862535790443981 0.4986655820524035 0.016465337334017515 0.010824753460041237
0 0.36437857904439813 0.49777424410568205 0.017255677693097125 0.012419086958138337
0 0.3409501694034777 0.49525673916276614 0.015684087334017514 0.010792919961943958
0 0.3190842597625574 0.49280290121604464 0.016469882513557365 0.01160600346004106
0 0.3858899646812134 0.5611655820524035 0.016460792154477665 0.010043503460041237