0 0.0203125 0.5328125 0.01875 0.009375
0 0.2546875 0.5515625 0.0234375 0.0109375
0 0.2046875 0.49375 0.021875 0.009375
0 0.33125 0.5640625 0.0125 0.009375
0 0.2125 0.5078125 0.01875 0.0109375
0 0.209375 0.521875 0.01875 0.0109375
0 0.246875 0.5125 0.0171875 0.009375
0 0.2390625 0.5234375 0.0234375 0.0140625
0 0.2734375 0.5265625 0.0203125 0.0109375
0 0.303125 0.5296875 0.015625 0.009375
0 0.2765625 0.5125 0.021875 0.0109375
0 0.3609375 0.5046875 0.01875 0.009375
0 0.3984375 0.5046875 0.021875 0.0125
0 0.421875 0.50625 0.0140625 0.009375
0 0.4515625 0.50625 0.01875 0.0109375
0 0.4953125 0.5078125 0.021875 0.009375
0 0.6921875 0.4265625 0.0078125 0.0140625
0 0.76875 0.44375 0.0171875 0.0171875
0 0.684375 0.5796875 0.0171875 0.009375
0 0.70625 0.5796875 0.0171875 0.009375
0 0.7296875 0.58125 0.015625 0.009375
0 0.7609375 0.58125 0.021875 0.009375
0 0.7875 0.5828125 0.0203125 0.009375
0 0.809375 0.584375 0.0171875 0.009375
0 0.9875 0.5125 0.0171875 0.009375
0 0.965625 0.5109375 0.0203125 0.009375
0 0.9390625 0.5109375 0.0171875 0.009375
0 0.9140625 0.509375 0.015625 0.009375
0 0.8890625 0.5078125 0.021875 0.0125
0 0.8609375 0.5078125 0.015625 0.009375
0 0.8328125 0.50625 0.01875 0.009375
0 0.7671875 0.5046875 0.0171875 0.009375
0 0.6265625 0.5015625 0.01875 0.009375
0 0.60625 0.5015625 0.015625 0.009375
0 0.584375 0.5 0.0203125 0.0125
0 0.5578125 0.5015625 0.0203125 0.009375
0 0.5375 0.4984375 0.0109375 0.009375
0 0.515625 0.4984375 0.015625 0.0078125
0 0.490625 0.496875 0.01875 0.009375
0 0.4625 0.4953125 0.01875 0.009375
0 0.4390625 0.49375 0.0171875 0.009375
0 0.415625 0.49375 0.015625 0.009375
0 0.3921875 0.4921875 0.015625 0.009375
0 0.36875 0.490625 0.0171875 0.009375
0 0.3453125 0.490625 0.0140625 0.009375
0 0.3234375 0.4890625 0.015625 0.009375
0 0.1828125 0.546875 0.0171875 0.0125
0 0.353125 0.5640625 0.0234375 0.0140625
0 0.3046875 0.4984375 0.0234375 0.0140625