0 0.375 0.5546875 0.0515625 0.0390625
0 0.215625 0.628125 0.0546875 0.040625
0 0.603125 0.4078125 0.0640625 0.046875
0 0.859375 0.359375 0.059375 0.04375
0 0.378125 0.4203125 0.05 0.0265625
0 0.25625 0.3140625 0.046875 0.0609375
0 0.2109375 0.234375 0.040625 0.053125
0 0.2453125 0.1265625 0.0390625 0.0484375
0 0.065625 0.121875 0.0578125 0.0359375
0 0.20625 0.3296875 0.0296875 0.0359375
0 0.1484375 0.2 0.034375 0.04375
0 0.5484375 0.1625 0.05625 0.028125
0 0.65 0.1609375 0.0515625 0.025
0 0.040625 0.73125 0.059375 0.0375
0 0.1703125 0.878125 0.0515625 0.028125
0 0.5359375 0.7578125 0.05 0.0484375
0 0.5828125 0.7984375 0.05625 0.05625
0 0.6296875 0.8390625 0.05625 0.05
0 0.68125 0.8734375 0.0546875 0.05
0 0.884375 0.4640625 0.028125 0.053125
0 0.871875 0.5546875 0.03125 0.0609375
0 0.865625 0.628125 0.03125 0.0515625
0 0.84375 0.7671875 0.0328125 0.0609375
0 0.8953125 0.6359375 0.040625 0.0640625
0 0.93125 0.6 0.0359375 0.0625