0 0.3828125 0.5546875 0.05 0.0375
0 0.1234375 0.634375 0.053125 0.0375
0 0.165625 0.653125 0.05625 0.0390625
0 0.7046875 0.3640625 0.0640625 0.0453125
0 0.7515625 0.4203125 0.059375 0.0453125
0 0.39375 0.4203125 0.05 0.0265625
0 0.2609375 0.3140625 0.0453125 0.0609375
0 0.215625 0.234375 0.040625 0.0546875
0 0.2515625 0.128125 0.04375 0.0515625
0 0.071875 0.1234375 0.059375 0.040625
0 0.2125 0.3296875 0.028125 0.0359375
0 0.1546875 0.2 0.034375 0.04375
0 0.5546875 0.165625 0.0546875 0.0265625
0 0.65625 0.1609375 0.0515625 0.025
0 0.1765625 0.878125 0.0515625 0.0265625
0 0.5421875 0.7578125 0.05 0.046875
0 0.5890625 0.7984375 0.05625 0.0546875
0 0.6359375 0.8390625 0.0578125 0.0515625
0 0.6875 0.8734375 0.05625 0.0484375
0 0.8921875 0.4640625 0.0296875 0.053125
0 0.878125 0.5546875 0.0296875 0.0609375
0 0.871875 0.6265625 0.03125 0.0515625
0 0.85 0.7671875 0.0296875 0.0609375
0 0.9 0.64375 0.0453125 0.0640625
0 0.9390625 0.6015625 0.034375 0.0625