0 0.384375 0.559375 0.053125 0.040625
0 0.184375 0.6125 0.0546875 0.0390625
0 0.1375 0.66875 0.05625 0.0375
0 0.7515625 0.35 0.0609375 0.04375
0 0.7015625 0.453125 0.059375 0.04375
0 0.4015625 0.4265625 0.0484375 0.025
0 0.2625 0.3171875 0.0453125 0.0609375
0 0.21875 0.2375 0.040625 0.0546875
0 0.2546875 0.13125 0.0421875 0.053125
0 0.0765625 0.125 0.05625 0.0390625
0 0.215625 0.3328125 0.028125 0.0359375
0 0.159375 0.203125 0.0359375 0.0453125
0 0.5578125 0.16875 0.05625 0.028125
0 0.659375 0.165625 0.053125 0.025
0 0.1796875 0.8796875 0.0484375 0.028125
0 0.5453125 0.7625 0.0515625 0.0484375
0 0.5921875 0.803125 0.0546875 0.0515625
0 0.6359375 0.8421875 0.0578125 0.053125
0 0.6859375 0.875 0.0546875 0.046875
0 0.89375 0.4671875 0.03125 0.05625
0 0.88125 0.5578125 0.0328125 0.059375
0 0.875 0.63125 0.034375 0.053125
0 0.8515625 0.7703125 0.03125 0.059375
0 0.9015625 0.65 0.0453125 0.05625
0 0.9421875 0.6046875 0.0328125 0.0625