0 0.375 0.5743404172311404 0.0515625 0.044108526119281774
0 0.2375 0.6311968475797223 0.05625 0.042010437584671226
0 0.553125 0.4586755529159322 0.0640625 0.052576123360319825
0 0.9171875 0.37931776006116436 0.06171875 0.05167204262762519
0 0.371875 0.4382391429208809 0.0546875 0.03880355042954129
0 0.2546875 0.3274101062861495 0.05546875 0.06931324400710617
0 0.209375 0.24534787878738676 0.04375 0.058542840343633086
0 0.2453125 0.14098128335537102 0.04921875 0.05882944538658719
0 0.065625 0.12531426051544958 0.06171875 0.04073454262762519
0 0.20625 0.33893410447712724 0.03671875 0.04411184814554918
0 0.1484375 0.2077792797373264 0.04140625 0.04982625961093845
0 0.546875 0.19428550429541316 0.05859375 0.04057076831736568
0 0.6484375 0.19492066937884703 0.053125 0.030909163274411577
0 0.0984375 0.7160963907731743 0.06484375 0.04714831693788461
0 0.1703125 0.8854881999091428 0.053125 0.037940413274411354
0 0.5359375 0.7858997942095048 0.053125 0.053565413274411534
0 0.5828125 0.8289814088633974 0.0640625 0.06663862336031982
0 0.6296875 0.8720630235172901 0.0625 0.060306736205190246
0 0.68125 0.909140299636572 0.05703125 0.05455138116223566
0 0.884375 0.5104106298034395 0.0390625 0.05907842887824373
0 0.871875 0.6003805325624014 0.040625 0.06541031603337366
0 0.865625 0.6734904839418825 0.03515625 0.054186210990419426
0 0.8421875 0.8113246766149362 0.034375 0.06352026741285463
0 0.8953125 0.6812963398893478 0.05078125 0.07063008254171699
0 0.9328125 0.6488866316124619 0.0421875 0.06783595318850325