0 0.371875 0.5578125 0.0515625 0.0390625
0 0.25 0.6125 0.0546875 0.040625
0 0.5 0.4546875 0.0625 0.046875
0 0.9703125 0.309375 0.05625 0.0375
0 0.35625 0.4171875 0.053125 0.0359375
0 0.25 0.315625 0.0453125 0.0609375
0 0.2046875 0.2359375 0.040625 0.053125
0 0.2421875 0.1296875 0.04375 0.053125
0 0.0609375 0.1234375 0.05625 0.0359375
0 0.2015625 0.33125 0.0296875 0.0359375
0 0.14375 0.203125 0.0328125 0.0421875
0 0.54375 0.16875 0.05625 0.0265625
0 0.64375 0.1625 0.0515625 0.025
0 0.15625 0.6890625 0.059375 0.0375
0 0.165625 0.8796875 0.05 0.028125
0 0.53125 0.759375 0.05 0.046875
0 0.578125 0.8015625 0.05625 0.053125
0 0.625 0.840625 0.05625 0.0515625
0 0.6765625 0.875 0.053125 0.0484375
0 0.8796875 0.4671875 0.028125 0.0515625
0 0.8671875 0.55625 0.0265625 0.059375
0 0.8609375 0.63125 0.028125 0.05
0 0.8390625 0.7703125 0.0265625 0.059375
0 0.8921875 0.634375 0.0390625 0.0609375
0 0.928125 0.603125 0.0328125 0.065625