0 0.4073068678935064 0.5809100544788164 0.05962489995764777 0.04851926349365332
0 0.3039690362670056 0.6234803307098185 0.0629774131118273 0.05264403478097677
0 0.48088160480991393 0.5082480866619031 0.06931841837349921 0.05464357735562366
0 0.37375237329635264 0.43228688418022865 0.05567314732681181 0.047464861884498964
0 0.2728885523343698 0.33030948491686285 0.05294996572854584 0.06750421027534462
0 0.22146328925077735 0.24890666560701077 0.051850197312694316 0.06198082995351371
0 0.2527749314570916 0.1452789210548924 0.050886936789350655 0.058801199631682934
0 0.07116091041040423 0.12635468639013112 0.06312162628012438 0.041761165102807675
0 0.22379860495108828 0.3424381443196873 0.03421537628012441 0.03973984319506556
0 0.16017717875566856 0.21194226114786482 0.04248290258848364 0.04809864641337427
0 0.5548680524755442 0.20219446463794552 0.05816111049510884 0.03674588317182241
0 0.6578110419522005 0.20628066711962 0.05467208944842135 0.030277361884498966
0 0.9826521472562245 0.3221395219667535 0.03469570548755101 0.039324579953513704
0 0.25742723621053587 0.6793589901126429 0.06927291574266325 0.053862327355623664
0 0.22136645179790734 0.8884719101591291 0.05838862364928845 0.04065213317182241
0 0.5785125519108468 0.7951796401323135 0.05277566048099143 0.051152590597175515
0 0.6277536887143149 0.8390824594421655 0.0668304552052021 0.0653625560683004
0 0.6769948255177829 0.8829852787520174 0.05998892100433508 0.054769263493653145
0 0.7305594412745636 0.9209658799928547 0.06081567363517095 0.055605143815484225
0 0.9098410627165393 0.5257947636688802 0.03121917889684269 0.05509169158591121
0 0.9026193678935064 0.6155456785195864 0.03158319994353036 0.061341691585911205
0 0.9006466151920833 0.6885461359449394 0.037423676266006824 0.0547474841605581
0 0.8853085834808778 0.8259697262900134 0.03627069994353036 0.06166947351689629
0 0.9318966151920833 0.6907313488181741 0.04913472099021767 0.06879355866619026
0 0.96619602048199 0.6651193436223941 0.03723396046687384 0.06484910383872737
0 0.9557274992941285 0.8059957158984533 0.04123121572854558 0.06668475544788173