0 0.33947712684482173 0.554086494539051 0.055491136803468066 0.04093407220870695
0 0.2608215058263692 0.5904694221339523 0.05801689732681181 0.04407270774732641
0 0.26667666367652465 0.543576241415793 0.0692274131118273 0.0488238402608836
0 0.29478479507714656 0.3559762474659172 0.04702618942018653 0.056504530054229285
0 0.2333614476656302 0.31103645218818154 0.05520271046687393 0.06279998184962743
0 0.19259921074922265 0.23317507260149045 0.0430289341585147 0.054919304156530215
0 0.2347250685429084 0.12671599434265926 0.051023444681858446 0.058089755951928355
0 0.055401589589595776 0.1215113856368153 0.06270439732681177 0.04409997882456529
0 0.1840138950489117 0.3269432533196497 0.03343412628012441 0.0376818071815924
0 0.13513532124433147 0.20070800624651594 0.038440144695975856 0.04317782825883114
0 0.5357569475244558 0.16088996468121342 0.05742536312594489 0.03391645774732641
0 0.6375014580477996 0.15717409134103827 0.05489960260260105 0.030777822208706996
0 0.7862134318806147 0.31250596507399686 0.058062399957647594 0.04485395774732641
0 0.3626570216113848 0.585191048793777 0.06619341837349921 0.050368159542724555
0 0.06484260593930867 0.710319355582586 0.06665614995764771 0.044903954722264314
0 0.11760504294042082 0.8771432412194013 0.05935188417263215 0.04017554810640611
0 0.4901464428274814 0.7562660971947708 0.058517426266007 0.05266645774732641
0 0.5331838112856851 0.7950649767814617 0.061915442051022576 0.05737213846548563
0 0.579255174482217 0.8354081756499937 0.06067916574266334 0.04955509328594587
0 0.6272530587254364 0.8694922841594458 0.061596923635170955 0.05190338846548599
0 0.8510964372834607 0.45895371819725483 0.03834143415851443 0.05489203307929138
0 0.8364431321064936 0.5496332603517325 0.0394867052052021 0.061146578258831144
0 0.8260068900695885 0.621544621788051 0.037332671004335086 0.05098123789975162
0 0.7958504112574503 0.7638593868151657 0.039304694681858446 0.05802157825883114
0 0.8573478953312603 0.6198003146064587 0.0444017183593818 0.06508009933607006
0 0.89474147951801 0.5945912363476274 0.03966871572854593 0.06427157825883115
0 0.8661475007058718 0.7368969110156625 0.0371429552052021 0.06113294272021186