0 0.32659625603973996 0.5785183328165384 0.05969373545613248 0.04579216378737563
0 0.2291474290683384 0.6178230598375791 0.05982128121376693 0.04735466378737563
0 0.3593129033145832 0.5240706647102262 0.06795264560785333 0.05176156153562204
0 0.30366842331846255 0.41684035317460405 0.059869078638391485 0.057460849012550955
0 0.22449084847309292 0.32852072794389137 0.0577644446994678 0.06976058991325225
0 0.1871181363548197 0.24759210055371036 0.051721738790112326 0.06237888648947969
0 0.23185629363160265 0.14208258019564476 0.050366532880756945 0.05529757171465497
0 0.05098893090450625 0.12578005243632354 0.06788887272903606 0.05098031153562217
0 0.17646793665438212 0.33957934145441176 0.03684616681968063 0.04199653531746037
0 0.12885909726514494 0.21087454811738687 0.04191630409258425 0.04698442396640834
0 0.5303576954483737 0.19890758327796373 0.060682279546777095 0.03886104333702489
0 0.6323028327212773 0.20072850400516967 0.05827475666795969 0.037929599012550955
0 0.8981195381715908 0.33085130474345015 0.063201372729036 0.05067992288667415
0 0.22439628512747506 0.6567854302879298 0.06529003121376702 0.04770511721114819
0 0.09706928420939114 0.8889389913621267 0.05573968803150797 0.035435654688076926
0 0.47095280754725033 0.7919566764304186 0.05401769136548786 0.05242289558877822
0 0.5145116178487525 0.835585562919898 0.06246792015366047 0.06073604333702463
0 0.5597604739078891 0.877752078959027 0.06715542015366047 0.06103643198597268
0 0.6068269214822948 0.9168937245478054 0.06124026000193972 0.05521722856220031
0 0.8418064099825429 0.5204354364525677 0.03721282863839122 0.05600897054263569
0 0.8234712560397399 0.6103595296050226 0.03297173879011232 0.06117733189368781
0 0.8096641054309167 0.6832963818567759 0.034550214244305266 0.05195252621816167
0 0.7764375330014431 0.8209570681616855 0.03856803454774678 0.06309028531746037
0 0.8409141054309167 0.6852989728497624 0.050733194699467535 0.06931000693983017
0 0.8807099290683384 0.659577082041346 0.042729376063016036 0.06646560919158376
0 0.8486632193659611 0.8020253978959049 0.040002988790112326 0.06162791486710972