0 0.3846821063273707 0.5634157218833337 0.057000022321134394 0.04427798328249999
0 0.2793048595737816 0.6109427256830557 0.060193206168510205 0.04825696846486114
0 0.46144342937985366 0.4871091014423615 0.07049946063273715 0.057087107807534745
0 0.35711839366603876 0.4159588404244447 0.054683545860084684 0.04578593189572935
0 0.260142207790068 0.3184279173624308 0.055860262174864596 0.0684603656913195
0 0.21190353084255104 0.23921188962701406 0.04077105032431163 0.054052373575104264
0 0.24754893019392785 0.13383471181534742 0.04704832386326192 0.05576034393982643
0 0.06618983603812652 0.12336607123840282 0.06078354139585782 0.03733765226045147
0 0.21041494317957138 0.33288915444465295 0.03742786201270887 0.041479638392743115
0 0.15195578652459385 0.20501742116215294 0.03668752232113435 0.04380520459715278
0 0.5481762215897856 0.17675478932201433 0.054356263392680584 0.027035931895729216
0 0.651246674511885 0.1760300503399311 0.05275285308425506 0.024655814304548683
0 0.9778267654212754 0.27661781069225777 0.04434646915744907 0.040189895326597204
0 0.2303412540538945 0.669153962765278 0.06244149878218401 0.042842769851631955
0 0.18561295535114075 0.8805265674386806 0.0560551310874323 0.03488479948690966
0 0.5476026663909149 0.7702502161837504 0.05242161647693564 0.050418880508958354
0 0.5951867784036237 0.8119662439191672 0.06115173417168727 0.05843140226045129
0 0.6427708904163325 0.8536822716545839 0.0627005974022122 0.05768651985163196
0 0.6949334082732401 0.8892574021635422 0.06111082386326174 0.05608765226045165
0 0.890912741068251 0.48461018901701464 0.02905230032431163 0.05377961664124999
0 0.8799946063273707 0.5749442482875702 0.03309491801906326 0.06168303561920148
0 0.8750264626580367 0.6482362779228479 0.03215002678536152 0.05228985182361114
0 0.854016307624617 0.7867532640551396 0.04092105478853867 0.06264612357510409
0 0.9062764626580367 0.648963629746459 0.05117276217486477 0.06835126291777786
0 0.9417230389569304 0.6216750843436119 0.03312219155801373 0.06324553561920147
0 0.9254549310014115 0.7634261732494452 0.042551738635914306 0.06658874116628474