0 0.3492095493547966 0.5627411022701809 0.058909426387734595 0.04708923417168727
0 0.2711827084423256 0.5973421988616142 0.057219592395345756 0.04393696063273715
0 0.27621771832815734 0.550521745939515 0.07257267836490086 0.05669605925276535
0 0.3010452578714843 0.3633217548679687 0.049980095361095246 0.05786309293798535
0 0.2388291007611217 0.31689103977100475 0.058924013840164415 0.0666068474022122
0 0.19669995057084128 0.23797510714144493 0.04526076186299806 0.057000022321134304
0 0.23696680631205994 0.13235239853730268 0.050793178859192524 0.05865797970746054
0 0.057533974296837466 0.12296594155801359 0.05943600840295697 0.04085287094116259
0 0.18975493079917777 0.3316705600635442 0.03355925790866539 0.03805910754848192
0 0.1386619574909235 0.20412621266133196 0.037688342395345756 0.04359604139585782
0 0.5386274653995888 0.17358096509366866 0.05771434091247105 0.03691934740221221
0 0.6403172993919777 0.17222874512544076 0.05436650642579046 0.031396050324311545
0 0.7917630997725386 0.3312333725594251 0.05725142589344294 0.044718210632737156
0 0.37293620943090877 0.5944274788933863 0.06528676038012335 0.05032332832748878
0 0.07728151673155188 0.7127921006486231 0.06834809338392893 0.04881537540538936
0 0.132969148138752 0.8810705422066366 0.05436650642579064 0.03139605032431163
0 0.5034328398495257 0.7687025503210163 0.055943593878220454 0.050940937093786685
0 0.547153664944666 0.8085559829505762 0.06254376235728962 0.05964378124958784
0 0.5939358230436118 0.8500264626580367 0.059004926882026076 0.04943298417168762
0 0.6425351491273352 0.8852742159044474 0.06235276136870649 0.054956281249587846
0 0.8592159021302657 0.47939022889009103 0.037384594866803414 0.05530115462638267
0 0.846148216350991 0.569851587656389 0.03763926285158128 0.06155115462638268
0 0.8369695345260488 0.6416174935005877 0.030848093383929152 0.048160810470581336
0 0.8093008378723594 0.7834231639552829 0.03197951186299797 0.0567681972400564
0 0.8682832015222435 0.6406004642795944 0.049612680836358794 0.06800570616851012
0 0.9052393734613536 0.6162277556754523 0.038547846843970036 0.06468979139585791
0 0.879133176807664 0.7580606996690978 0.03448242935348418 0.06071535754848192