0 0.371875 0.55625 0.053125 0.040625
0 0.2953125 0.5921875 0.053125 0.0390625
0 0.2984375 0.5453125 0.0640625 0.0453125
0 0.315625 0.3578125 0.0390625 0.0515625
0 0.2515625 0.3125 0.046875 0.059375
0 0.20625 0.234375 0.0375 0.053125
0 0.2421875 0.128125 0.0421875 0.053125
0 0.0625 0.121875 0.0578125 0.0390625
0 0.203125 0.328125 0.0296875 0.0359375
0 0.146875 0.2015625 0.03125 0.0390625
0 0.5453125 0.1640625 0.053125 0.0265625
0 0.646875 0.1609375 0.0515625 0.025
0 0.8046875 0.3171875 0.053125 0.040625
0 0.396875 0.5875 0.059375 0.04375
0 0.10625 0.7109375 0.0625 0.0421875
0 0.16875 0.878125 0.053125 0.0296875
0 0.534375 0.759375 0.0484375 0.0453125
0 0.5796875 0.7984375 0.0546875 0.0515625
0 0.628125 0.8390625 0.05625 0.0484375
0 0.678125 0.8734375 0.0546875 0.0484375
0 0.878125 0.4640625 0.0265625 0.0515625
0 0.86875 0.5546875 0.0265625 0.0578125
0 0.8625 0.6265625 0.028125 0.0484375
0 0.840625 0.76875 0.028125 0.0546875
0 0.89375 0.625 0.0359375 0.0625
0 0.9296875 0.6 0.03125 0.0625
0 0.909375 0.7421875 0.0296875 0.059375