0 0.3494005503433798 0.5364097549057348 0.05997717787060939 0.05548067885919252
0 0.2761248764271032 0.5737134367306769 0.05819184338392898 0.049948261862998146
0 0.2325791007611217 0.3025042815974805 0.05092051285158128 0.06291117688202608
0 0.19051361756703566 0.22466312448711792 0.04766817885919252 0.05965884288963732
0 0.23227930631205992 0.11844761657845249 0.049884594866803765 0.05662934338392898
0 0.049721474296837466 0.11964665513319628 0.06083934091247101 0.0383568458553869
0 0.18187876380298337 0.32172912547570104 0.035217258402956995 0.041212590418179394
0 0.5307512984033945 0.1437235533091293 0.056519255437207504 0.028041428364900867
0 0.6293161323957832 0.13658753254888265 0.055992673421985016 0.034259594866803675
0 0.31760672228249004 0.5127467618258171 0.053281508897248565 0.04428851087441501
0 0.8262362588600676 0.31887215604741737 0.05884575939154004 0.04685509536109524
0 0.5243023912558508 0.4934052183281573 0.06613167737631773 0.05339159684397003
0 0.018069278869581547 0.732910659087529 0.036138557739163094 0.043012512357289624
0 0.125156648138752 0.8715672993919776 0.05342608893530465 0.02869534437251211
0 0.49568400684572006 0.7363567222824902 0.052037343878220454 0.052037343878220454
0 0.5377149979484714 0.7767615463890472 0.06254376235728962 0.061044929353484004
0 0.5845608230436118 0.8138503695070209 0.06576426285158128 0.06351601334587294
0 0.6315976491273352 0.8462516926249947 0.06238459486680377 0.05713867935348418
0 0.8497135681378769 0.4317886501159183 0.02869534437251211 0.05342608893530461
0 0.8260957015222434 0.5903014870740566 0.03647601087441501 0.052963173916276675
0 0.798299670876165 0.7365053250207781 0.03526367935348418 0.06149325692008212
0 0.8614893734613538 0.56390081315778 0.03379667984777583 0.06377333992388792
0 0.892612039468965 0.5657524732338922 0.036985346843970035 0.06546317391627668
0 0.8681320098114697 0.707141477188225 0.036794345855386726 0.060775673916276675