0 0.5819633346523714 0.4780874626879001 0.031636444906292735 0.014918993102595124
0 0.139696929796091 0.6061128018998794 0.014812657759274206 0.026518234396167805
0 0.09766723950865172 0.39862120646786364 0.024301318025830954 0.030915807326946255
0 0.03495194233250332 0.5020604669833132 0.030119409012915467 0.01639960594746519
0 0.23352583465237137 0.49634829828183474 0.01552571159934022 0.024215427973732596
0 0.2714924990755632 0.6179842808689802 0.014031407759274295 0.02647729081860284
0 0.35482652164110534 0.4164417130265843 0.030096676959604097 0.01561835594746519
0 0.42790030878812396 0.40009301673548603 0.03253135517284953 0.018866186680159915
0 0.3903548446815012 0.40049580845860006 0.025454641066226812 0.0169351944820761
0 0.3543718805748785 0.4008167130265843 0.02848871285298138 0.013973968792335612
0 0.7394743062808414 0.40567247286466535 0.03489783722616089 0.019770267412854637
0 0.7002754139609734 0.40303215174290924 0.026235891066226813 0.016976138059640888
0 0.4581788421742187 0.4188496607880207 0.02940635517284953 0.0187024123699004
0 0.3897470909205775 0.4333901956137298 0.02770746285298147 0.013933025214770644
0 0.6611219857477281 0.40195433062115293 0.02536371285298138 0.013810194482076099
0 0.6313890216411053 0.40194768656861823 0.025409176959604096 0.015372694482076099
0 0.5985765216411053 0.40366731682634305 0.02846598079967002 0.013192718792335611
0 0.55317309342786 0.4029170443251059 0.029383623119538172 0.0179211623699004
0 0.8995025241483878 0.365988095886301 0.016375157759274117 0.02660012155129756
0 0.9002012061225567 0.3362187087311712 0.013963211599340043 0.02413354081860284
0 0.842797883082161 0.35331103347097204 0.014054139812585475 0.02725854081860284
0 0.7702984089464084 0.44317911691720013 0.032599551332783604 0.021209936680159913
0 0.878611014119258 0.45471640321324724 0.026213159012915453 0.016194888059640887
0 0.9843296762995302 0.4662536895092943 0.03134064740093976 0.022195904567984214
0 0.8847988296378066 0.5060332417478579 0.029565479546028683 0.0241711623699004
0 0.34845215267820234 0.5200580359573628 0.030164873119538173 0.01796210594746519
0 0.38438965267820235 0.5181746313893786 0.02703987311953817 0.017798331637205678
0 0.4437191885715796 0.5135004194944479 0.02458246285298138 0.013769250904511133
0 0.47813965267820235 0.5132614020815934 0.025386444906292736 0.0145914444820761
0 0.5156851167848251 0.5128586103584795 0.025295516693047304 0.011466444482076099
0 0.5547930808914476 0.5123739314802356 0.029315426959604096 0.0155774123699004
0 0.590821509104693 0.5136155269122513 0.02460519490629274 0.014550500904511132
0 0.6330544732113157 0.512967073723748 0.026235891066226813 0.016976138059640888
0 0.6596169732113157 0.5115749920865422 0.01830973079967002 0.012660452283992107
0 0.6878329014245611 0.5132260232942066 0.02857964106622681 0.017098968792335613
0 0.7301113296378064 0.5141400701057034 0.03018760517284953 0.01874335594746519
0 0.8005602219576744 0.5151426481248645 0.025477373119538172 0.0177164444820761
0 0.36055969609342703 0.452133551561195 0.031727373119538174 0.018043993102595125