0 0.428125 0.5046875 0.03125 0.0125
0 0.1234375 0.6125 0.0109375 0.025
0 0.0953125 0.3828125 0.0125 0.028125
0 0.021875 0.5015625 0.0296875 0.0109375
0 0.221875 0.515625 0.0125 0.025
0 0.2375 0.6359375 0.0140625 0.01875
0 0.365625 0.4359375 0.03125 0.0109375
0 0.4203125 0.4234375 0.0296875 0.0125
0 0.3828125 0.4203125 0.0234375 0.0109375
0 0.3453125 0.41875 0.028125 0.0140625
0 0.7328125 0.4453125 0.0328125 0.0140625
0 0.6921875 0.4390625 0.0265625 0.0140625
0 0.5234375 0.4453125 0.028125 0.0125
0 0.421875 0.4546875 0.0296875 0.0125
0 0.653125 0.4359375 0.0265625 0.0125
0 0.621875 0.434375 0.0234375 0.0109375
0 0.590625 0.434375 0.028125 0.0109375
0 0.54375 0.43125 0.028125 0.0109375
0 0.8921875 0.4125 0.0125 0.0265625
0 0.8953125 0.384375 0.0125 0.0234375
0 0.8359375 0.3984375 0.0125 0.028125
0 0.8390625 0.3640625 0.009375 0.01875
0 0.928125 0.5078125 0.03125 0.0140625
0 0.86875 0.55 0.0296875 0.0203125
0 0.3359375 0.5390625 0.0296875 0.0125
0 0.3703125 0.5375 0.028125 0.0109375
0 0.43125 0.5359375 0.025 0.0109375
0 0.465625 0.5375 0.0265625 0.0109375
0 0.5015625 0.5390625 0.025 0.0125
0 0.5421875 0.5421875 0.03125 0.0125
0 0.578125 0.54375 0.0234375 0.0125
0 0.6203125 0.5453125 0.0265625 0.0109375
0 0.646875 0.546875 0.0171875 0.0109375
0 0.6765625 0.55 0.03125 0.0125
0 0.7171875 0.5515625 0.028125 0.0125
0 0.7875 0.55625 0.021875 0.0125
0 0.4 0.4734375 0.0328125 0.015625