0 0.555368032866319 0.5408474099868812 0.032394925911805574 0.01749060786427279
0 0.10761890425722172 0.6195984104104042 0.013081881458888934 0.025728042093374804
0 0.07655466147541633 0.40813028939195173 0.025709168028020857 0.03192483418674961
0 0.011809315848984167 0.504308068401734 0.023618631697968333 0.01657284997176518
0 0.206930532866319 0.5205532366340588 0.015389263867708359 0.02430204998588259
0 0.23843249316305498 0.6459928523908396 0.01702449905006951 0.02751805524755433
0 0.33207730965180515 0.4543051523061349 0.03005117591180557 0.01735409997176518
0 0.40580575038124966 0.4460823996047118 0.032431293502986056 0.01905310786427279
0 0.3683421179724302 0.4423357733245875 0.025381859707395905 0.017862334186749606
0 0.3324409855636108 0.4386801523061349 0.02925174211621524 0.01652734734092931
0 0.7162341041047219 0.4860674466774098 0.03390287452503475 0.015237863125944884
0 0.6772807068782635 0.47910481513561354 0.025309124525034754 0.014737334186749607
0 0.43502047169590236 0.468123999576477 0.029306293502986237 0.01887109734092931
0 0.3660158985576385 0.47505726806291565 0.02761650693385418 0.013311342079257216
0 0.6382909420606246 0.47370468359381734 0.02527275693385427 0.013174834186749607
0 0.6086398096518051 0.47041308362205225 0.024491506933854268 0.013129331555913736
0 0.5758273096518052 0.4685019731269434 0.028434124525034753 0.014919344710093263
0 0.5305875448341663 0.46273782053845974 0.028397756933854268 0.013356844710093263
0 0.877898955928333 0.46419098862961033 0.015443815254479177 0.02664579998588259
0 0.8801524401607637 0.4345944938912821 0.013826763867708536 0.024211044724210852
0 0.8220126318401386 0.4452897992094237 0.012318815254479176 0.026463789462538932
0 0.7450124143252079 0.5268590466491749 0.03328527868534721 0.022223610495108837
0 0.8524248708222217 0.5503259097045325 0.025309124525034577 0.014737334186749607
0 0.9598373273192358 0.5737927727598902 0.03555629350298588 0.019235118387616622
0 0.8559122403132633 0.6021614254895481 0.0310506314588892 0.02677460260260105
0 0.32030204863388845 0.5568841207361038 0.030014808320624996 0.01579159997176518
0 0.3562395486338884 0.5589772417545564 0.02690799211621524 0.016390839448421346
0 0.415650916225069 0.5608729416980867 0.024473323138263937 0.012348081555913737
0 0.4499895486338884 0.5644375574548673 0.02610855832062491 0.015564086817585476
0 0.48745318104270785 0.5681841837349917 0.025236389342673603 0.011612334186749607
0 0.5264793134515273 0.572021815276788 0.029215374525034577 0.014964847340929132
0 0.5623440782691662 0.5772399362952404 0.024509690729444422 0.013910581555913737
0 0.6044952106779856 0.5812595783603804 0.025290940729444423 0.013956084186749606
0 0.6310577106779857 0.5828066678088019 0.018205139342673603 0.011202810509226247
0 0.6591099754956244 0.5875697625188951 0.028379573138263937 0.012575594710093263
0 0.7012247403132634 0.593151904584035 0.03003299211621524 0.01657284997176518
0 0.7714281375397217 0.6019346413592682 0.0245096907294446 0.013910581555913737
0 0.3359283550546524 0.4905156680911505 0.03326709488975697 0.021442360495108836