0 0.134375 0.509375 0.015625 0.0265625
0 0.221875 0.4609375 0.0203125 0.03125
0 0.325 0.50625 0.034375 0.01875
0 0.1265625 0.6109375 0.0125 0.025
0 0.1 0.3671875 0.0140625 0.025
0 0.025 0.5015625 0.03125 0.0109375
0 0.4125 0.4390625 0.03125 0.0125
0 0.425 0.421875 0.028125 0.0109375
0 0.3890625 0.4203125 0.025 0.0109375
0 0.3515625 0.4171875 0.028125 0.0125
0 0.7375 0.44375 0.0328125 0.0140625
0 0.6984375 0.4390625 0.0265625 0.0125
0 0.625 0.4546875 0.028125 0.0125
0 0.496875 0.459375 0.028125 0.0125
0 0.6578125 0.4359375 0.0265625 0.0125
0 0.6265625 0.434375 0.0234375 0.0109375
0 0.5953125 0.434375 0.0296875 0.0109375
0 0.5484375 0.4296875 0.028125 0.009375
0 0.8984375 0.4125 0.0125 0.025
0 0.9015625 0.384375 0.0140625 0.0234375
0 0.8421875 0.3984375 0.0109375 0.028125
0 0.8453125 0.3640625 0.0109375 0.01875
0 0.840625 0.5375 0.0296875 0.0109375
0 0.3390625 0.5375 0.03125 0.0109375
0 0.375 0.5359375 0.0296875 0.0109375
0 0.4359375 0.5359375 0.0265625 0.0109375
0 0.46875 0.5359375 0.028125 0.0109375
0 0.50625 0.5375 0.0265625 0.0125
0 0.546875 0.540625 0.0328125 0.0125
0 0.58125 0.54375 0.025 0.0125
0 0.6234375 0.5453125 0.0265625 0.009375
0 0.6515625 0.546875 0.01875 0.0125
0 0.6796875 0.5484375 0.03125 0.0109375
0 0.721875 0.5515625 0.0296875 0.0125
0 0.7921875 0.55625 0.021875 0.0125
0 0.4984375 0.4796875 0.034375 0.015625