0 0.46636012876877597 0.549264871231224 0.03324293469752817 0.017458438031507838
0 0.07343956300726215 0.6225761148531282 0.014540732122152566 0.026020366061076317
0 0.06017351483373164 0.39971269970043755 0.021890846516238894 0.0305005719704317
0 0.17465060301502083 0.42321358576539314 0.020918277879787082 0.028093049091614475
0 0.18220852725156728 0.5811216806146422 0.016884482122152544 0.02621168469752817
0 0.3127246878623301 0.46594270395250137 0.030771638939893542 0.015704619395056164
0 0.3841850996810409 0.45761976304605556 0.032716776212797075 0.02051966515269079
0 0.34694019119631003 0.4514336648628266 0.02582904742462446 0.012196982122152634
0 0.30956773695394457 0.44681006667959783 0.029145366061076317 0.014795823637421535
0 0.695027004831792 0.5034414145729625 0.03311538893989372 0.01589593803150784
0 0.6549121878623302 0.4938752248744646 0.02699293469752817 0.01694825500096986
0 0.440339504831792 0.4826514560785332 0.028300343182258915 0.013950800758604488
0 0.35507168452835025 0.4867014851662684 0.02920913893989354 0.015577073637421713
0 0.6159772336199646 0.4891240809336012 0.026801616061076318 0.014604505000969858
0 0.5847272336199646 0.48657316578091053 0.027056707576345217 0.01772950500096986
0 0.5520422793775992 0.48233220487058526 0.030181707576345397 0.01798459651623894
0 0.5069848708928683 0.4755083778991837 0.029145366061076317 0.014795823637421535
0 0.8553904199844826 0.48507353609405063 0.01147950500096968 0.026546524545807238
0 0.8609387893795389 0.4556411276093197 0.015194436364517828 0.024521638939893543
0 0.801978377560828 0.4649844345768418 0.01798459651623894 0.030181707576345217
0 0.7832605863451214 0.5594041142734001 0.03024548045516262 0.018765846516238936
0 0.8849825830111413 0.5850096342772794 0.02940045757634522 0.017920823637421535
0 0.826851347555009 0.6227330327600707 0.03075566348570078 0.02501584651623894
0 0.2903717136160853 0.5663572921337906 0.03155288893989354 0.01576839227387339
0 0.32643675937371985 0.5677283445593849 0.029081593182259002 0.014014573637421535
0 0.3859393051313544 0.5710125833494972 0.029528003333979935 0.019483323637421536
0 0.4201867593737198 0.575381090017457 0.02933668469752817 0.017139573637421534
0 0.45743166785845074 0.5815671882006859 0.026020366061076317 0.014540732122152632
0 0.4979291221008163 0.5864458778991837 0.03233413893989372 0.015832165152690793
0 0.5320490305855472 0.5923768845671435 0.023485297424624463 0.01200566348570078
0 0.5742365305855472 0.5958206200232761 0.02582904742462446 0.012196982122152634
0 0.6022339848279126 0.5996789436606976 0.018989116061076318 0.013966776212797072
0 0.6302314390702781 0.6035372672981193 0.031489116061076315 0.014987142273873388
0 0.670601347555009 0.6099784569966171 0.030181707576345397 0.01798459651623894
0 0.7405312102821053 0.6204055160901712 0.02386793469752817 0.01669316348570078
0 0.3255436811943703 0.5015931615288467 0.0359693219704317 0.022337256667959694