0 0.14900550007954178 0.5983772943450922 0.018305104670590745 0.030478311922731295
0 0.38866688940163324 0.5366167540060178 0.03223124466899989 0.019989871253564752
0 0.13212708274981436 0.6234360829407406 0.015924992003499838 0.027148260367592415
0 0.1012567013844522 0.3850379642790739 0.017514764003818017 0.029628711404351814
0 0.029273708068087777 0.5036130155513888 0.029042610001590828 0.014247719180046303
0 0.23957595607890547 0.6016184544771292 0.015906810669954384 0.02558576036759259
0 0.38634077339272455 0.47085505296925856 0.03060511000159085 0.014384420216805438
0 0.4283646413908155 0.4604834809617584 0.02905170066836362 0.015028969180046304
0 0.3908282787237246 0.4540776560795363 0.02830681333545444 0.01808561866166656
0 0.3533100973901792 0.44923433119731415 0.028279541335136216 0.015741868661666557
0 0.7395566800604517 0.5095619872768504 0.03220397266868176 0.01764612125356475
0 0.70042145472627 0.4998944613578691 0.02514545066836362 0.014687216588148111
0 0.5677362240610881 0.49921237323333223 0.02908806333545453 0.018153969180046303
0 0.4537646307288153 0.4970456975499065 0.028288632001909165 0.016523118661666558
0 0.6613225920591791 0.4933519354388876 0.025917610001590853 0.013974317106527679
0 0.6300725920591791 0.49061791470370253 0.025935791335136217 0.015536817106527679
0 0.5972419107256337 0.4861846929317581 0.029078972668681757 0.017372719180046303
0 0.5518930480585428 0.4790953628657396 0.02909715400222712 0.018935219180046304
0 0.900130553389543 0.4923921940630539 0.013572151336727244 0.026161958812453534
0 0.9029101080521794 0.4629780961365723 0.012754538669636162 0.022968608294074145
0 0.8436987400540884 0.4718459567397206 0.015961354670590566 0.030273260367592415
0 0.8464237507160887 0.43774435881323914 0.011164766669318028 0.020488157257314833
0 0.8672827854073603 0.6206347712543503 0.029106244668999894 0.019716469180046305
0 0.34377256007317847 0.5685899239399993 0.03224033533577266 0.02077112125356475
0 0.379691878739633 0.5701715477854622 0.029051700668363534 0.015028969180046304
0 0.43904869740608754 0.573803687182314 0.02746192866804531 0.012548518143286991
0 0.47344187873963295 0.5783736099910176 0.028306813335454352 0.01808561866166656
0 0.5109600600731785 0.5832169348732398 0.025953972668681758 0.01709931710652768
0 0.5516214227402694 0.5898961618289804 0.03221306333545435 0.01842737125356475
0 0.5860146040738148 0.594466084637684 0.025154541335136216 0.01546846658814811
0 0.6282384667409057 0.601282012630184 0.025935791335136217 0.015536817106527679
0 0.6548009667409056 0.6036059302550913 0.017342041335136216 0.014784961404351904
0 0.6845248294079965 0.6093282499535173 0.03139545066836362 0.015234020735185183
0 0.7251861920750875 0.6160074769092578 0.03143181333545453 0.018359020735185184
0 0.7970975547421784 0.6254207246001837 0.0251909040022273 0.01859346658814811
0 0.43992030673136073 0.5145653882190733 0.03772726666931803 0.02281207488222208