0 0.6387027034763847 0.5186463854232686 0.03194135876750579 0.015207376670908879
0 0.09334735401450389 0.6139181440165447 0.013664393713693723 0.02514545066836362
0 0.047611130688524364 0.4210942973424541 0.026018844499481997 0.022165901336727068
0 0.08289796733012351 0.36835110534690846 0.016934942927905428 0.02830681333545453
0 0.007392343621945139 0.5033977200031817 0.014784687243890277 0.014398854670590744
0 0.18681917990273605 0.4195874360279987 0.016044531017246656 0.025953972668681758
0 0.22129257154951518 0.5857033320337257 0.01146619292790545 0.028243178668045488
0 0.2000725430134679 0.5713862933640895 0.01853383023145838 0.029106244668999894
0 0.3188311592245716 0.4383203493793616 0.03041524607105863 0.015970445337363515
0 0.3959758560814185 0.4267112347230883 0.03112372146395277 0.014417036004136108
0 0.3601111306885244 0.4247305640515431 0.025582196856846907 0.012790901336727067
0 0.32268390529563024 0.4227317120464524 0.029633996071058634 0.015961354670590743
0 0.7058945115819364 0.4522043200986318 0.03283177067816432 0.01756021733768165
0 0.6671231100103598 0.4454997867599957 0.025582196856846907 0.012790901336727245
0 0.3873628354032541 0.4438078280553611 0.028743584160399748 0.013608514003817972
0 0.3430306385464072 0.45579875071608866 0.02799872146395277 0.01438067333704538
0 0.6281333846174657 0.44348275342135957 0.02643622146395259 0.014362492003499839
0 0.5969561592245716 0.44155662675045065 0.024056084160399747 0.013553970003181703
0 0.5642164338316775 0.4396123187459963 0.028852746071058633 0.015952264003817974
0 0.5206119830458892 0.4359782414067239 0.028743584160399748 0.013608514003817972
0 0.8667977783311596 0.4212463161202672 0.011320643713693812 0.02511817866804549
0 0.8696702212590649 0.3931394974538126 0.01589898180303493 0.02282897266868167
0 0.8126924751880062 0.4081099694461766 0.015263281017246656 0.025944882001908986
0 0.6466992940469252 0.48121911075745033 0.032940932588823205 0.019903967337681648
0 0.7523670971900783 0.4949554414385406 0.02650899607105863 0.015924992003499838
0 0.8563268511190198 0.5117985907860854 0.03691995719592924 0.021511920671545327
0 0.8430605636916322 0.5616713214512673 0.031633143713693815 0.02535453600413611
0 0.3077780351555851 0.5413726240451797 0.030342471463952768 0.014407945337363514
0 0.34371553515558506 0.541790794716725 0.026363446856846905 0.012799992003499839
0 0.40316330976269094 0.5409191853914519 0.025545809553293886 0.012009651336727245
0 0.435903035155585 0.5428634933959062 0.027925946856846906 0.01281817333704538
0 0.4733302605484792 0.5448623454009969 0.024056084160399747 0.013553970003181703
0 0.5138097113342674 0.5484600600731785 0.030451633374611476 0.016751695337363516
0 0.5481119367271616 0.5504225494111783 0.026545383374611476 0.01670624200349984
0 0.5917891621200557 0.5524941267504506 0.026545383374611476 0.01670624200349984
0 0.6182788875129499 0.5543657094207233 0.02022260876750561 0.015071016669318028
0 0.647893612905844 0.5562736547580867 0.02952483416039975 0.013617604670590745
0 0.6883730636916323 0.5598713694302683 0.032722608767505615 0.01521646733768165
0 0.7584672398703148 0.5653770294398133 0.023383996071058632 0.015888629336408933
0 0.3125426178682428 0.4726408053787251 0.03364940798171734 0.018350558004454242