0 0.4900792967424719 0.5255457032575281 0.03260416887447413 0.017524805897782512
0 0.10204852868630451 0.6168105324841375 0.011029269237293703 0.0253546640651507
0 0.0784920107149552 0.3954067584375205 0.015798614790789988 0.027862105172143093
0 0.01010165318055935 0.503888891832632 0.0202033063611187 0.01671627404661713
0 0.1936259373939775 0.41350697241000384 0.01889633293962456 0.027189982576804893
0 0.20848206716089193 0.570466300540305 0.01412698738612832 0.024682541469812237
0 0.33315966334736036 0.4496677056197809 0.030233137023308564 0.016661710344286363
0 0.40396323666833805 0.4380605722246694 0.031795637023308565 0.01671627404661713
0 0.36657236407299976 0.4336260433687288 0.025381945916315995 0.011810519237293704
0 0.32912692777533065 0.4307540145127883 0.02942460517214309 0.015853178493120977
0 0.7157539085380369 0.46928581269084046 0.033439982576804896 0.0191145877489479
0 0.6753471633473603 0.4616171564302383 0.025436509618646852 0.013373019237293704
0 0.46106640853803693 0.46039192921091104 0.02861607332097762 0.015044646641955418
0 0.37630946262172094 0.4683829892850448 0.02856150961864685 0.013482146641955416
0 0.6363392270496913 0.4586905638719669 0.025436509618646852 0.013373019237293704
0 0.6050892270496913 0.45759928982534975 0.02635416887447395 0.017306551088459087
0 0.572331290752022 0.4548909520764018 0.02853422776748147 0.012700896641955417
0 0.5271279181566838 0.4501836047088069 0.02853422776748147 0.012700896641955417
0 0.874657682584654 0.443546746626257 0.010275301088459088 0.02610863221398514
0 0.8788193929289403 0.41396837403091863 0.011728673683797552 0.023038195916316083
0 0.8205158196079626 0.426012017044677 0.015071928493120978 0.02939732332097762
0 0.8062499337657805 0.5209425711283611 0.030314982576804893 0.019005460344286185
0 0.908774733040141 0.5417312754821975 0.028643355172143004 0.015825896641955238
0 0.852614013077208 0.5820090459006175 0.03053323738612832 0.025255460344286364
0 0.31555052269585476 0.5507391322988031 0.030932541469812235 0.014345242195451746
0 0.35154258639818564 0.5504315974524128 0.02942460517214318 0.0158531784931208
0 0.41097215010051646 0.5509425181409854 0.028697918874473947 0.017388396641955416
0 0.44529258639818553 0.5537054195922642 0.028643355172143004 0.01582589664195542
0 0.48268345899352394 0.5581399484482047 0.025436509618646852 0.013373019237293704
0 0.523253895291193 0.5611211047088069 0.031795637023308565 0.01671627404661713
0 0.5575197678865313 0.5654465061600857 0.023065477767481468 0.012509923683797376
0 0.5997072678865314 0.5669197261230189 0.0253546640651507 0.011029269237293703
0 0.6277777041842004 0.5694643727649743 0.019213791469812235 0.013936014427970277
0 0.6558481404818697 0.5720090194069296 0.030987105172143002 0.015907742195451748
0 0.696364013077208 0.5765526756675319 0.02856150961864685 0.01348214664195524
0 0.7665128219702153 0.5836955422724205 0.023174605172143002 0.015634923683797375
0 0.3475842618960815 0.48458834264308936 0.03589285998146661 0.022321433302444228