0 0.13125 0.49358194198043537 0.015625 0.02825380261671846
0 0.2265625 0.5069457629424181 0.0234375 0.03417757892507769
0 0.3078125 0.5288655365493543 0.03671875 0.02870112364928836
0 0.1265625 0.6183089261954198 0.01796875 0.027609060509226246
0 0.0234375 0.5013650789250776 0.034375 0.019189615756780753
0 0.425 0.465378431174743 0.03203125 0.019053107864272965
0 0.425 0.44662843117474293 0.03125 0.01900760523343692
0 0.3890625 0.4429728101562905 0.02734375 0.012530092079257215
0 0.3515625 0.43766368387616605 0.0296875 0.01657284997176518
0 0.7390625 0.4867954887707846 0.03359375 0.015237863125944707
0 0.6984375 0.47817935196731653 0.028125 0.01726309471009326
0 0.646875 0.4939261783321456 0.02890625 0.01730859734092931
0 0.515625 0.49096923635171025 0.03046875 0.01583710260260105
0 0.659375 0.4743417204255203 0.028125 0.014138094710093262
0 0.6265625 0.47086810993041145 0.02265625 0.01381957629424182
0 0.5953125 0.46904800469697444 0.028125 0.014138094710093441
0 0.55 0.4632838521084908 0.02890625 0.01574609734092931
0 0.8984375 0.4648280254613132 0.01875 0.027654563140062295
0 0.9015625 0.43532253598465687 0.0140625 0.02347529735504672
0 0.84375 0.4475803413027985 0.01484375 0.02898954998588259
0 0.8453125 0.41329634656447034 0.0125 0.020259292093374803
0 0.8328125 0.5860058044710955 0.0296875 0.01735409997176518
0 0.3390625 0.5572481417827913 0.03203125 0.016709357864272967
0 0.375 0.5593412628012437 0.03046875 0.01271210260260105
0 0.4359375 0.5613279680064458 0.02734375 0.011748842079257216
0 0.46875 0.5632390785015546 0.028125 0.014138094710093441
0 0.50625 0.5685482047816791 0.025 0.013174834186749607
0 0.546875 0.5724768415851471 0.03203125 0.018271857864272788
0 0.58125 0.5776039573419279 0.025 0.017081084186749605
0 0.6234375 0.5816235994070678 0.02734375 0.015655092079257395
0 0.6515625 0.5832616941171611 0.01953125 0.015200065770898163
0 0.6796875 0.5880247888272544 0.03125 0.01666385523343692
0 0.721875 0.5936069308923942 0.03203125 0.018271857864272788
0 0.7921875 0.6023896676676275 0.02265625 0.01381957629424182
0 0.5234375 0.5117367626600695 0.034375 0.018408365756780752