0 0.12141772961253587 0.43983713832728233 0.016466085972519594 0.02954291996194396
0 0.22287727804232552 0.5465089495822582 0.018878032132453627 0.031982170456235436
0 0.2707070242814018 0.5117864396964263 0.032940532132453626 0.032555173421985016
0 0.11347353431053167 0.6055894723196711 0.019568353919208283 0.028889003954332713
0 0.014657573073649371 0.500416494068501 0.029315146147298743 0.012210839923887917
0 0.440304121932404 0.42216157110362645 0.031659176959604095 0.015335839923887918
0 0.41736672710525335 0.40592907604654227 0.02846598079967002 0.012864755931499161
0 0.38152015531849875 0.40426841695901333 0.026167694906292737 0.014331755437207504
0 0.3456281194251215 0.4041702578714843 0.02940635517284953 0.018365339429596263
0 0.7307927296125358 0.41500700981146965 0.03246315901291545 0.01614892342198502
0 0.6903495860390266 0.4104123517125238 0.026971676959604098 0.015144838935304605
0 0.6849801244396864 0.4340408527011069 0.029360891066226812 0.01680283942959626
0 0.5427471603330637 0.4413970493547966 0.031681909012915455 0.01611708992388792
0 0.6513325501456493 0.41044152661738365 0.029315426959604096 0.015240339429596262
0 0.6185655142522719 0.41021603353746583 0.024536998746358663 0.011924338441013127
0 0.5873609783588947 0.40992687346135365 0.02846598079967002 0.012864755931498984
0 0.54213940657214 0.40864821635099097 0.029315426959604096 0.015240339429596262
0 0.8352816528112162 0.36392998806263976 0.014858121865896834 0.02791675296574958
0 0.8394068631569154 0.32942765407025104 0.014653533386094963 0.02088550296574949
0 0.8062353473217977 0.5040111600017501 0.030877926959604098 0.015304006425790639
0 0.328064883215175 0.5250557608372338 0.031681909012915455 0.01611708992388792
0 0.36404784732179774 0.522028919924763 0.03159098079967011 0.012992089923887918
0 0.42503081142842036 0.5179834070731817 0.026054034639736122 0.010425505437207504
0 0.45936034732179765 0.518145233156905 0.026948944906292738 0.014363588935304605
0 0.49525238321517495 0.518243392244434 0.027684730799670022 0.012832922433401884
0 0.5357864550019297 0.5197130503433798 0.03246315901291545 0.01614892342198502
0 0.570115990895307 0.5198748764271033 0.02773019490629274 0.014395422433401705
0 0.6137750626820616 0.5212172005336603 0.028556909012915455 0.01598975593149916
0 0.6403375626820615 0.5201348615983556 0.019113712852981378 0.013264003954332715
0 0.6683716344688163 0.5221138556668565 0.03328987311953817 0.017743256920082294
0 0.7120307062555709 0.5234561797734136 0.030855194906292738 0.01452275642579064
0 0.7806443139357029 0.5253423319408603 0.024536998746358663 0.011924338441013127
0 0.008805384006597831 0.47826958003805603 0.017610768013195662 0.021585839923887917
0 0.5655026987337235 0.46387954441188073 0.035724551332783606 0.020963757414373774