0 0.11711066284034617 0.4767596059324143 0.01800585391920828 0.029326867080279227
0 0.21219584230723276 0.47790720666904835 0.023610996239076344 0.03439677933309504
0 0.29294573713438327 0.4894131531986382 0.0350114974927175 0.0242787341605581
0 0.10878603431053169 0.6020873878633994 0.015571175705962892 0.02603797611478651
0 0.013168952246911229 0.498361090345074 0.026337904493822457 0.0203724841605581
0 0.4121791219324039 0.4109061049240081 0.03246315901291545 0.017083593195065562
0 0.41272469121187605 0.39215610492400804 0.030832462852981378 0.014630582551403837
0 0.37683265531849874 0.393106599728228 0.027661998746358753 0.012849561264080388
0 0.3394235835317441 0.39260385517610963 0.029292694906292736 0.015302571907742113
0 0.7261506937191585 0.39206971554799935 0.03492056927947225 0.021153734160558192
0 0.6857075501456492 0.3886604922832045 0.027752926959604095 0.0159745612640803
0 0.6335994808661771 0.4110160935240417 0.029338159012915456 0.016865071907742113
0 0.502213088546309 0.4248814875916274 0.030786998746358662 0.013068082551403747
0 0.646690514252272 0.38982950837474784 0.02842051669304748 0.012122941585911207
0 0.6139234783588947 0.39056148189164425 0.023019962852981378 0.01408427933309513
0 0.5826734783588947 0.39274669476487895 0.029315426959604096 0.016083821907742112
0 0.53745190657214 0.3927902534310693 0.029315426959604096 0.016083821907742112
0 0.8864349758516121 0.3496751298945024 0.01793765775927412 0.02698311708027905
0 0.8904237938774433 0.3197691086071789 0.015502979546028684 0.02369422611478651
0 0.8321566528112163 0.3394367524226631 0.017224603919208194 0.029272236758448235
0 0.8347193631569153 0.30495249177900136 0.013068301332783605 0.02040533514929388
0 0.8171728473217976 0.47926407692829526 0.029292694906292736 0.015302571907742113
0 0.32342284732179766 0.5137904403254036 0.03246315901291545 0.017083593195065562
0 0.35936034732179767 0.5112774455211836 0.030877926959604098 0.016193082551403747
0 0.4203433114284204 0.505453780418376 0.027775659012915455 0.01675581126408048
0 0.4531558114284204 0.5031593069014795 0.028556909012915455 0.016810441585911207
0 0.49056488321517494 0.5036620514535979 0.02536371285298138 0.01424817029858776
0 0.5311444191085524 0.5023837747183928 0.03246315901291545 0.017083593195065562
0 0.565428490895307 0.5031050405578346 0.025454641066226812 0.01737317029858776
0 0.6075705267886843 0.5017175031789677 0.027639266693047303 0.012068311264080478
0 0.6356955267886842 0.49975081159305645 0.019136444906292738 0.014592377723940685
0 0.6637295985754389 0.5009091200071453 0.03154551669304748 0.012341462873234654
0 0.7058261703621935 0.5010840826282784 0.03253135517284953 0.01942734319506556
0 0.7760022780423255 0.5008548536635004 0.023019962852981378 0.014084279333095218
0 0.5094345551602142 0.4446476843733187 0.03482964106622681 0.018028734160558103