0 0.519766796742472 0.5485418145360803 0.03185020072563951 0.01955548340326043
0 0.09892352868630452 0.6216167361025529 0.012591769237293705 0.02588799377622273
0 0.07520331960796263 0.4036237526992924 0.017306551088459132 0.02702444128671182
0 0.008936598643350708 0.5046641892121193 0.017873197286701416 0.018655834233097402
0 0.18712296624991803 0.3839050937808671 0.01574405108845913 0.02690604211654879
0 0.20477671380284734 0.5513060813333125 0.01886905108845909 0.027142840456874852
0 0.3285267270496912 0.4619853174358653 0.03176835517214318 0.017211733403260432
0 0.40083823666833807 0.4549316792633643 0.03176835517214318 0.01721173340326061
0 0.3633928003706689 0.4505275991794518 0.025545637023308566 0.01751938672260849
0 0.3275644277753306 0.44467941826570223 0.028588791469812237 0.015412435062934372
0 0.712628908538037 0.4989240132959692 0.03341270072563951 0.01967388257342346
0 0.6721675996450295 0.49115813487173055 0.025463791469812237 0.015175636722608488
0 0.4439334722403679 0.476996856027929 0.028506945916316084 0.013068685062934548
0 0.3669344626217209 0.4836952966899409 0.02950645072563942 0.019377884648015885
0 0.6347767270496912 0.485191554787818 0.025436509618646852 0.014394386722608487
0 0.603581290752022 0.4812610713845575 0.026326887023308564 0.017578586307689825
0 0.570768790752022 0.47877468881113394 0.02853422776748147 0.013849935062934549
0 0.5256199818590147 0.4706536128764062 0.02861607332097762 0.01619368506293455
0 0.873149746286985 0.4781882286525976 0.014962801088459089 0.026846842531467276
0 0.8772568929289403 0.45030002699292365 0.014880955534962936 0.024503092531467274
0 0.8188987559056319 0.4615442576968918 0.015017364790789856 0.028409342531467274
0 0.772038624872773 0.5472915809323271 0.03028770072563951 0.019437084233097403
0 0.8776884241471337 0.5725302245034127 0.02721726442797028 0.020762785892771342
0 0.8494890130772079 0.6173924386106414 0.031341769237293704 0.027308783818179094
0 0.3124255226958548 0.564163124074561 0.030823414065150524 0.012465033818179094
0 0.3499800863981856 0.5654422041584736 0.02942460517214318 0.017034134648016064
0 0.4094096501005165 0.5683788726246686 0.025409227767481467 0.013613136722608488
0 0.44373008639818556 0.5725461543682551 0.02627232332097762 0.016016086307690004
0 0.4811755226958548 0.5769502344521676 0.026354168874474126 0.018359836307690003
0 0.521691395291193 0.5831536128764062 0.03163194591631609 0.013305483403260609
0 0.5560118315888621 0.5873208946199928 0.024682541469812237 0.015116437137526795
0 0.5981447678865314 0.5920801722143945 0.023901291469812236 0.01505723755244528
0 0.6246527041842004 0.5956554581071659 0.018377977767481467 0.01308034045687485
0 0.6542856404818697 0.5994675423402633 0.0284796640651507 0.01228743506293455
0 0.6948015130772079 0.6056709207645019 0.029342759618646852 0.014690384648016063
0 0.7649503219702153 0.6156863834218381 0.025518355172143004 0.016738136722608488
0 0.3382092618960815 0.4987516116270065 0.03497520072563933 0.01979228174358667