0 0.5614018705268542 0.5338231265386464 0.03237479211654879 0.01611708992388792
0 0.07558092446625762 0.6159035257031625 0.013613136722608377 0.025477502471457924
0 0.051910316587450746 0.41118685079830275 0.026409134648015954 0.029893088441013127
0 0.17939485393011467 0.48691104547482594 0.02154403589277143 0.027358337452429993
0 0.20358752529609464 0.6226867193911026 0.017034134648015887 0.029511086463846682
0 0.18666013442430135 0.6392375494291587 0.018537435062934416 0.028793503460041236
0 0.3061475306946793 0.448190738174183 0.029912642946385758 0.014459089429596261
0 0.38365722405598357 0.4388104209877081 0.03147514294638576 0.01452275642579064
0 0.3462756232261466 0.4357199130790427 0.026006392946385758 0.014299921939110404
0 0.31057492156647265 0.43113057216657175 0.029072193361304243 0.013646005931498983
0 0.6929371356737011 0.473355153230392 0.03327444128671182 0.017711423421985017
0 0.6543482323543532 0.46551347832553225 0.026006392946385758 0.014299921939110404
0 0.39786143401402724 0.4581970909496521 0.030208640871793247 0.018365339429596263
0 0.33765763982288605 0.4667152450942652 0.02913139294638576 0.014427255931498984
0 0.6154041315245162 0.46235930342067244 0.026846842531467276 0.015113005437207505
0 0.5842725306946793 0.4595234634967847 0.026846842531467276 0.015113005437207505
0 0.5531409298648423 0.4566876235728968 0.029912642946385758 0.014459089429596261
0 0.5080652282051684 0.4517162806832594 0.028894594606059698 0.011302255931499161
0 0.8547985182471247 0.44703668684222003 0.012831886722608488 0.025445668973360824
0 0.8600547033100592 0.41903902083460876 0.014157588382282427 0.022384335969555025
0 0.8010582116084288 0.43230834197541623 0.017756185062934547 0.02876166996194396
0 0.6902139547599516 0.5092926532303921 0.03429248962703788 0.020868256920082116
0 0.7968424630583214 0.529310675967805 0.027024441286711644 0.017456755437207504
0 0.9019084713566912 0.5492650317090237 0.03657704004195637 0.020182507414373774
0 0.8269550929324525 0.5869613498840817 0.03152268713752697 0.025428422927693362
0 0.29052068546391974 0.550997403193211 0.03014944128671182 0.017584089429596262
0 0.3280206854639197 0.5525254111018765 0.02768729211654879 0.015926088935304606
0 0.38751408463408277 0.5533822569572633 0.02690604211654879 0.015894255437207506
0 0.4217706854639198 0.5563454308735398 0.02690604211654879 0.015894255437207506
0 0.4592706854639198 0.5578734387822053 0.026846842531467276 0.015113005437207505
0 0.4980963871235938 0.562590113687065 0.03315604211654879 0.01614892342198502
0 0.5322345887832677 0.5671157876033417 0.02366264294638576 0.01420442144481875
0 0.5758661896131047 0.5704609634967847 0.0257695946060597 0.011174921939110405
0 0.6024286896131047 0.5715433024320893 0.0187383446060597 0.010888420456235438
0 0.6303168912727786 0.5758143083635884 0.031415943361304245 0.01374150642579064
0 0.6707050929324525 0.5805946502646424 0.032433991701630305 0.016898339923887916
0 0.7422248954219635 0.5882108320895846 0.026183991701630306 0.016643671939110406
0 0.30811184978092976 0.4843192391627661 0.03663623962703779 0.020963757414373774