0 0.5078125 0.5078125 0.03125 0.0125
0 0.1234375 0.6125 0.0109375 0.025
0 0.0921875 0.3921875 0.0140625 0.0265625
0 0.021875 0.503125 0.0296875 0.0109375
0 0.2078125 0.40625 0.0140625 0.025
0 0.228125 0.5625 0.0140625 0.0234375
0 0.3484375 0.4375 0.0296875 0.0109375
0 0.41875 0.4234375 0.0296875 0.0125
0 0.38125 0.4203125 0.025 0.0109375
0 0.34375 0.41875 0.028125 0.0125
0 0.73125 0.44375 0.0328125 0.0140625
0 0.690625 0.4375 0.025 0.0125
0 0.4765625 0.44375 0.0265625 0.0109375
0 0.3921875 0.4546875 0.028125 0.0109375
0 0.6515625 0.4359375 0.025 0.0109375
0 0.6203125 0.4359375 0.025 0.0125
0 0.5875 0.434375 0.028125 0.0109375
0 0.5421875 0.43125 0.028125 0.0109375
0 0.8890625 0.4125 0.009375 0.0265625
0 0.8921875 0.3828125 0.0109375 0.0234375
0 0.834375 0.396875 0.0109375 0.028125
0 0.8234375 0.4921875 0.0296875 0.015625
0 0.9265625 0.509375 0.0265625 0.0140625
0 0.871875 0.5515625 0.028125 0.021875
0 0.334375 0.5390625 0.0296875 0.0125
0 0.3703125 0.5375 0.028125 0.0109375
0 0.4296875 0.5359375 0.0265625 0.0125
0 0.4640625 0.5375 0.0265625 0.0125
0 0.5015625 0.540625 0.025 0.0109375
0 0.5421875 0.5421875 0.03125 0.0109375
0 0.5765625 0.5453125 0.0234375 0.0109375
0 0.61875 0.5453125 0.025 0.0109375
0 0.646875 0.546875 0.0171875 0.0109375
0 0.675 0.5484375 0.0296875 0.0109375
0 0.715625 0.5515625 0.028125 0.0125
0 0.7859375 0.55625 0.021875 0.0125
0 0.3640625 0.471875 0.0328125 0.015625