0 0.24765625 0.12578125 0.0390625 0.0359375
0 0.2046875 0.17265625 0.0359375 0.034375
0 0.23203125 0.3390625 0.040625 0.0328125
0 0.3453125 0.35234375 0.0328125 0.03125
0 0.68515625 0.0640625 0.0359375 0.03125
0 0.696875 0.18828125 0.0390625 0.040625
0 0.6734375 0.63203125 0.0375 0.0390625
0 0.7828125 0.6421875 0.034375 0.0375
0 0.70859375 0.70234375 0.04375 0.0296875
0 0.55 0.6578125 0.025 0.0421875
0 0.50703125 0.65703125 0.028125 0.0453125
0 0.246875 0.65625 0.025 0.040625
0 0.19140625 0.8734375 0.015625 0.040625