0 0.08436572973404492 0.10123554728445947 0.039187175399151376 0.04359037628012437
0 0.09213180878351783 0.12204857622365464 0.03499442391627663 0.03633161312594475
0 0.21202652022877402 0.3122780050499103 0.04783000494291585 0.026167657850155467
0 0.44841105330912934 0.5648925837632266 0.024693593878220454 0.05131957629424182
0 0.6864535172630245 0.3540061045981525 0.04445033695813834 0.019735647326811722
0 0.5775931704190544 0.4118802468044668 0.02496550790866543 0.03886507892507769
0 0.6003130874152489 0.4116373230987085 0.02713284437251211 0.05379983418674961
0 0.7787418349437909 0.43377617556013526 0.03416409437251211 0.054209357864272965
0 0.9613274777568787 0.1617100017132027 0.0230674268820259 0.049666071032569994
0 0.9590672993919777 0.21717875171320272 0.019624091901054186 0.04167156050922625
0 0.7606312331197239 0.916679680821807 0.022589924410568153 0.037947321032569904