0 0.04741162785160632 0.21797410383872728 0.02349685919158371 0.038975018689433406
0 0.05129689389073526 0.2664662341605582 0.024728692165005662 0.04606089901126431
0 0.3073163564138065 0.29292409939925185 0.022665544416759074 0.0381391383676025
0 0.7086168429955713 0.40187167256750167 0.05565851711886314 0.031113242206329873
0 0.7053206647102261 0.4475283799928548 0.06508358189368782 0.032550056068300394
0 0.6499694355297171 0.5789861936027236 0.050570498920265904 0.02453546027534479
0 0.8658447594038405 0.5979704124280432 0.05184190468807692 0.056512079953513705
0 0.8901846229143608 0.5530074736921234 0.052183063695090584 0.025425970919006245
0 0.995802655767811 0.14683351936886346 0.008394688464377964 0.02743658514929388
0 0.8500764643687726 0.7524176118076245 0.040453821714654836 0.048716005447881724
0 0.6250252020302713 0.7965671775111802 0.050409812615356486 0.04630119963168298
0 0.14023468768918548 0.5013436147344906 0.0421269432447398 0.026278276735204997
0 0.1405920404023642 0.6646959205506893 0.043859423966408385 0.0411766570570359