0 0.03828125 0.715625 0.0265625 0.0625
0 0.1859375 0.9453125 0.0265625 0.0640625
0 0.35703125 0.73515625 0.0515625 0.0203125
0 0.553125 0.67890625 0.025 0.0609375
0 0.59921875 0.640625 0.0296875 0.034375
0 0.609375 0.60234375 0.0203125 0.0390625
0 0.61171875 0.54609375 0.0171875 0.0421875
0 0.6171875 0.4953125 0.0203125 0.040625
0 0.61640625 0.43984375 0.0171875 0.0375
0 0.61875 0.3765625 0.0203125 0.0359375
0 0.61875 0.3234375 0.0171875 0.0359375
0 0.4546875 0.046875 0.040625 0.0171875
0 0.17890625 0.07734375 0.04375 0.01875