0 0.16484375 0.1140625 0.04375 0.04375
0 0.228125 0.1125 0.040625 0.0296875
0 0.2671875 0.14453125 0.0359375 0.028125
0 0.39453125 0.13984375 0.0375 0.040625
0 0.465625 0.240625 0.046875 0.0359375
0 0.471875 0.26875 0.0515625 0.01875
0 0.50625 0.25390625 0.0328125 0.025
0 0.56953125 0.559375 0.0203125 0.0359375
0 0.58671875 0.5828125 0.015625 0.0390625
0 0.6484375 0.6765625 0.0578125 0.028125
0 0.240625 0.69453125 0.034375 0.0359375
0 0.27265625 0.7015625 0.0390625 0.01875
0 0.284375 0.84296875 0.028125 0.04375