0 0.134375 0.03515625 0.0484375 0.028125
0 0.2453125 0.39140625 0.0515625 0.0296875
0 0.26796875 0.4328125 0.0484375 0.0296875
0 0.45 0.36015625 0.04375 0.015625
0 0.496875 0.3609375 0.0390625 0.015625
0 0.63125 0.00859375 0.0171875 0.0171875
0 0.83125 0.04453125 0.05 0.01875
0 0.825 0.19140625 0.0234375 0.0390625
0 0.84609375 0.2078125 0.0171875 0.0484375
0 0.603125 0.634375 0.0484375 0.0296875
0 0.6546875 0.79921875 0.046875 0.028125
0 0.70625 0.82421875 0.0421875 0.0265625
0 0.02421875 0.6296875 0.03125 0.0578125