0 0.019775872148393683 0.21386442616471033 0.027453173966408367 0.03959144448207601
0 0.01745310610926473 0.2622609825871455 0.02712250693983031 0.04658175090451113
0 0.27237114358619346 0.257466182723431 0.0194904796419344 0.03683825870642732
0 0.6632581570044287 0.3179577888980389 0.05467700801956461 0.02700291327441153
0 0.6540543352897737 0.3643790875185579 0.0648332580195646 0.027535179782754948
0 0.5812805644702829 0.5036739608788777 0.050570498920265904 0.023673195386587232
0 0.7966552405961596 0.496279783470972 0.05022933991325225 0.05480036465389251
0 0.8270028770856392 0.4479717582562014 0.052132998920265905 0.023755082541716988
0 0.9895748372923585 0.025222575759912935 0.012639702344038283 0.02713571008590827
0 0.7608610356312274 0.653880921530613 0.04206638648947969 0.048922178878243724
0 0.5280997979697286 0.7260336397571215 0.04962856261535649 0.045425364653892505
0 0.07695281231081452 0.4880588427184822 0.04119549892026584 0.023181872455808515
0 0.05628295959763581 0.6526536092268256 0.04469073874123301 0.04127345318850324