0 0.7065119543589663 0.02879700057972817 0.059470088382282425 0.026594193032477807
0 0.6538372402517376 0.05982360209693691 0.05369368506293455 0.032334010001939674
0 0.7447582381771453 0.05633219815413386 0.09496988049883122 0.04424394970043757
0 0.8338207381771454 0.04906208996896534 0.04937303796736359 0.026546395607853324
0 0.9102056394219009 0.04046859784487311 0.051349935062934546 0.03214269136548786
0 0.8964149039440479 0.01408144102713212 0.047088487552445456 0.027136326971401524
0 0.9257150080978771 0.19327473345078677 0.044484628424238795 0.04400496257731521
0 0.6351627083076585 0.3113222002801658 0.03757177759440165 0.04499350666795978
0 0.06655072780418309 0.13134585272515673 0.046248037967363854 0.026291304092584244
0 0.7652719863262675 0.7212555675491901 0.0275339267645645 0.04572695924333523
0 0.7779290421397707 0.8986630904280073 0.029640878424238615 0.04279327787978708