2 0.03125 0.7103365384615384 0.0625 0.10817307692307693
2 0.21995192307692307 0.7319711538461539 0.11538461538461539 0.09615384615384616
2 0.3762019230769231 0.4963942307692308 0.0625 0.2764423076923077
2 0.4855769230769231 0.5997596153846154 0.057692307692307696 0.27403846153846156
0 0.4807692307692308 0.04807692307692308 0.026442307692307692 0.07451923076923077
0 0.4375 0.11177884615384616 0.02403846153846154 0.0673076923076923
0 0.41586538461538464 0.43990384615384615 0.02403846153846154 0.06971153846153846
0 0.36658653846153844 0.30649038461538464 0.02403846153846154 0.07211538461538461
0 0.09254807692307693 0.6706730769230769 0.04326923076923077 0.04326923076923077
3 0.17427884615384615 0.6394230769230769 0.06009615384615385 0.06009615384615385
0 0.0625 0.7367788461538461 0.040865384615384616 0.040865384615384616
0 0.17067307692307693 0.6995192307692307 0.04567307692307692 0.040865384615384616
0 0.38341346153846156 0.8689903846153846 0.03125 0.08413461538461539
0 0.4423076923076923 0.7932692307692307 0.028846153846153848 0.07451923076923077
0 0.46274038461538464 0.921875 0.026442307692307692 0.07932692307692307
0 0.41225961538461536 0.9603365384615384 0.028846153846153848 0.0673076923076923
0 0.6935096153846154 0.5685096153846154 0.040865384615384616 0.038461538461538464
0 0.8269230769230769 0.6947115384615384 0.04326923076923077 0.040865384615384616
3 0.9735576923076923 0.39663461538461536 0.052884615384615384 0.057692307692307696