2 0.040865384615384616 0.3076923076923077 0.08173076923076923 0.11057692307692307
2 0.24278846153846154 0.29086538461538464 0.1201923076923077 0.09615384615384616
2 0.40024038461538464 0.5360576923076923 0.06009615384615385 0.2860576923076923
2 0.515625 0.4326923076923077 0.055288461538461536 0.28365384615384615
0 0.4987980769230769 0.9819711538461539 0.021634615384615384 0.036057692307692304
0 0.4579326923076923 0.9362980769230769 0.02403846153846154 0.06971153846153846
0 0.4411057692307692 0.5949519230769231 0.02403846153846154 0.06971153846153846
0 0.38822115384615385 0.734375 0.02403846153846154 0.07451923076923077
0 0.11057692307692307 0.35216346153846156 0.04326923076923077 0.04326923076923077
3 0.19591346153846154 0.3858173076923077 0.06009615384615385 0.0625
0 0.08173076923076923 0.28365384615384615 0.040865384615384616 0.040865384615384616
0 0.19110576923076922 0.3233173076923077 0.04567307692307692 0.040865384615384616
0 0.41586538461538464 0.15264423076923078 0.03125 0.08653846153846154
0 0.47475961538461536 0.23076923076923078 0.028846153846153848 0.07692307692307693
0 0.4987980769230769 0.09975961538461539 0.026442307692307692 0.08173076923076923
0 0.44591346153846156 0.051682692307692304 0.028846153846153848 0.07692307692307693
0 0.7295673076923077 0.4675480769230769 0.040865384615384616 0.038461538461538464
0 0.8701923076923077 0.3401442307692308 0.04326923076923077 0.040865384615384616
3 0.9963942307692307 0.6514423076923077 0.007211538461538462 0.052884615384615384