0 0.39690352906659687 0.42048389784752294 0.016425087005972294 0.035102746071058635
0 0.42081380775194416 0.4012630169541108 0.016479638392743114 0.037446496071058634
0 0.4602763512549302 0.3858948821317572 0.016497822188333445 0.03822774607105863
0 0.41852264950756907 0.4997005169541108 0.017279072188333446 0.03826413337461147
0 0.45696690045749955 0.5280823821317572 0.02278418977951393 0.040081344499482086
0 0.41786672644555506 0.5950857915612167 0.018060322188333443 0.03830052067816432
0 0.4820383292190968 0.5933820504525568 0.020331337005972117 0.0352846825888232
0 0.39508384308680505 0.5658691724546288 0.01887793977951393 0.03989940798171734
0 0.2086371968102773 0.5790839942090317 0.03960801386770836 0.025256865177646404
0 0.20958144776020787 0.6057192688161376 0.04046199905006951 0.028418252481199245
0 0.3293848014836801 0.6331979135632887 0.03724608007211803 0.02436645326698752
0 0.46161542002479106 0.6643837551672865 0.020458623575104085 0.040753432588823205
0 0.40907099506291617 0.7041696931327932 0.020422255983923776 0.0391909325888232
0 0.4900287479127076 0.7877142473094036 0.020331337005972117 0.0352846825888232
0 0.44031968864215215 0.7728854598820163 0.031814350873680654 0.059231604838564246
0 0.6858919874634719 0.5043324747692124 0.05674096248093754 0.02371363585581072
0 0.9509000448341662 0.47600638337010237 0.05982959488975688 0.02229668507002245
0 0.1498791394395828 0.617016333746115 0.06162848423243057 0.03252570967712849
0 0.3747038335874998 0.2990070041338292 0.01726088839274311 0.037482883374611475
0 0.6883623708222218 0.5326030239834241 0.039517094889756875 0.021350615177646404
0 0.6940304893633329 0.5578941224118475 0.03473867591180557 0.01722604135632899
0 0.7439577541809718 0.563347909839235 0.03955346248093754 0.022913115177646402
0 0.7507896356398607 0.5386390082676584 0.03958983007211821 0.024475615177646404
0 0.8161964300927774 0.5510705417661044 0.03333983007211785 0.02418451674922295
0 0.8432680763693053 0.530432710086904 0.039608013867708534 0.025256865177646404
0 0.888507841186944 0.5356681736929738 0.03642846248093754 0.022767565963434676
0 0.9299316217721524 0.570445588084832 0.042787565254479173 0.02774616439185813