0 0.8100961538461539 0.47836538461538464 0.04326923076923077 0.04326923076923077
0 0.9086538461538461 0.25721153846153844 0.04567307692307692 0.04326923076923077
0 0.8473557692307693 0.2920673076923077 0.040865384615384616 0.040865384615384616
0 0.7992788461538461 0.31490384615384615 0.04326923076923077 0.04326923076923077
0 0.8533653846153846 0.34615384615384615 0.04326923076923077 0.04567307692307692
0 0.7247596153846154 0.4206730769230769 0.04326923076923077 0.04326923076923077
0 0.5973557692307693 0.4855769230769231 0.040865384615384616 0.04326923076923077
0 0.5697115384615384 0.5540865384615384 0.04567307692307692 0.04326923076923077
0 0.484375 0.4675480769230769 0.040865384615384616 0.040865384615384616
3 0.4266826923076923 0.4891826923076923 0.04326923076923077 0.038461538461538464
0 0.6370192307692307 0.3449519230769231 0.04567307692307692 0.04567307692307692
0 0.46875 0.11658653846153846 0.021634615384615384 0.07451923076923077
0 0.4362980769230769 0.09375 0.02403846153846154 0.07211538461538461
0 0.43028846153846156 0.5372596153846154 0.04567307692307692 0.028846153846153848
0 0.3557692307692308 0.5 0.040865384615384616 0.03365384615384615
0 0.37259615384615385 0.41466346153846156 0.040865384615384616 0.03365384615384615
0 0.24759615384615385 0.5480769230769231 0.04326923076923077 0.03125
0 0.055288461538461536 0.5300480769230769 0.04567307692307692 0.03365384615384615
0 0.16346153846153846 0.44471153846153844 0.040865384615384616 0.03365384615384615
3 0.17067307692307693 0.5973557692307693 0.06490384615384616 0.038461538461538464
3 0.018028846153846152 0.7151442307692307 0.014423076923076924 0.04326923076923077
2 0.04927884615384615 0.33774038461538464 0.0985576923076923 0.07932692307692307
0 0.6165865384615384 0.8954326923076923 0.021634615384615384 0.06490384615384616
0 0.59375 0.9014423076923077 0.021634615384615384 0.07211538461538461
0 0.038461538461538464 0.44471153846153844 0.04567307692307692 0.038461538461538464