0 0.3870192307692308 0.14543269230769232 0.016826923076923076 0.06971153846153846
0 0.4735576923076923 0.45913461538461536 0.019230769230769232 0.07211538461538461
0 0.421875 0.359375 0.016826923076923076 0.0625
0 0.34975961538461536 0.38822115384615385 0.026442307692307692 0.06971153846153846
0 0.4014423076923077 0.5240384615384616 0.019230769230769232 0.06490384615384616
0 0.43028846153846156 0.6418269230769231 0.019230769230769232 0.07211538461538461
0 0.48677884615384615 0.7644230769230769 0.019230769230769232 0.0625
0 0.41225961538461536 0.8040865384615384 0.019230769230769232 0.07451923076923077
0 0.24158653846153846 0.546875 0.038461538461538464 0.04326923076923077
0 0.203125 0.6838942307692307 0.040865384615384616 0.040865384615384616
0 0.20432692307692307 0.7367788461538461 0.040865384615384616 0.036057692307692304
3 0.140625 0.7644230769230769 0.06490384615384616 0.055288461538461536
3 0.7211538461538461 0.48677884615384615 0.0625 0.040865384615384616
3 0.9879807692307693 0.40625 0.021634615384615384 0.038461538461538464
0 0.7247596153846154 0.5396634615384616 0.04326923076923077 0.036057692307692304
0 0.7932692307692307 0.5456730769230769 0.040865384615384616 0.038461538461538464
0 0.8509615384615384 0.5600961538461539 0.038461538461538464 0.036057692307692304
0 0.7872596153846154 0.5973557692307693 0.04326923076923077 0.036057692307692304
0 0.7331730769230769 0.5901442307692307 0.038461538461538464 0.03365384615384615
0 0.8040865384615384 0.6658653846153846 0.036057692307692304 0.03365384615384615
0 0.9447115384615384 0.5793269230769231 0.04567307692307692 0.036057692307692304
0 0.8930288461538461 0.5192307692307693 0.040865384615384616 0.036057692307692304
0 0.9435096153846154 0.5264423076923077 0.038461538461538464 0.03125
2 0.8100961538461539 0.49399038461538464 0.11057692307692307 0.06490384615384616
0 0.9927884615384616 0.546875 0.014423076923076924 0.040865384615384616