0 0.012924254008659652 0.632013891832632 0.025848508017319305 0.033559033665263985
0 0.02001303932509661 0.6560515925582713 0.03981265775927424 0.027145342558271324
0 0.1183883548436451 0.6078720421027844 0.03889501543940619 0.02243056070710594
0 0.1766554959098719 0.5942658990890262 0.03978992570596294 0.026364092558271324
0 0.2224226369760987 0.5802232464566209 0.03889501543940614 0.02243056070710594
0 0.20405307020390903 0.6202480457309816 0.040593907759274295 0.027172624409436887
0 0.24786055766749668 0.5122917019915838 0.03507969365265158 0.02541915145127884
0 0.38598033478538535 0.4420387440943682 0.01977294239901033 0.03581101442797028
0 0.4111909349436699 0.3819196996293311 0.017497388558944494 0.03807291887447395
0 0.3847935709953318 0.3215625529873757 0.027167905251991798 0.04855655108845909
0 0.467589350620503 0.27127486550858015 0.024574102665566856 0.03988095553496285
0 0.5088555451310843 0.41191971287617496 0.029216138558944317 0.038482146641955414
0 0.46521319371915854 0.4604464929132419 0.021403638558944317 0.03820932813030105
0 0.5869063372926678 0.4709524616950486 0.036642193652651575 0.025473715153609612
0 0.6646221603330638 0.4877431468115915 0.03889501543940632 0.02243056070710594
0 0.7283664115867049 0.5009177586071566 0.042042747492717504 0.02332093811176783
0 0.6933549140939874 0.5215923571558777 0.03643760517284953 0.01844246515360979
0 0.7510310217741194 0.5282987141421194 0.038136497492717504 0.023184528855940557
0 0.7409285960681564 0.5529713319281342 0.03873589106622681 0.01696181070710594
0 0.6832524883880244 0.5462649749418926 0.03485237311953817 0.01760665145127884
0 0.8032012755350431 0.5629663800213685 0.03873589106622681 0.01696181070710594
0 0.8165196294542513 0.5352778896400153 0.03967626543940632 0.022457842558271324
0 0.8632582371343833 0.541602300709941 0.041951819279472245 0.020195938111767654
0 0.9549121912118761 0.4556499317427997 0.06106553213245362 0.03335070253973793
0 0.6508204216158348 0.5857987008952754 0.03882681927947225 0.02008681070710594
0 0.5570704216158349 0.582524878755424 0.043074050079142265 0.03194196996293321
0 0.46653634982908015 0.5762351840202344 0.020622388558944316 0.03818204627913566
0 0.4171441035900038 0.607356209247978 0.023883780878812287 0.042978673683797375
0 0.39111514951251103 0.695600253713015 0.022207620612255674 0.039017859981466604
0 0.42118308274032135 0.7373165277596322 0.022988870612255675 0.03904514183263199
0 0.4678595059390018 0.6920238751272271 0.021426370612255673 0.038990578130301046
0 0.44669990828799966 0.7741816106992567 0.019954798825501108 0.04206101442797028