0 0.18125 0.5125 0.0390625 0.021875
0 0.078125 0.628125 0.0421875 0.021875
0 0.1375 0.6125 0.0359375 0.0203125
0 0.184375 0.6 0.0390625 0.021875
0 0.1359375 0.5828125 0.0390625 0.021875
0 0.2609375 0.546875 0.0390625 0.021875
0 0.384375 0.515625 0.0359375 0.021875
0 0.4140625 0.4796875 0.0421875 0.021875
0 0.490625 0.528125 0.0359375 0.0203125
0 0.5453125 0.51875 0.0390625 0.01875
0 0.340625 0.5890625 0.040625 0.0234375
0 0.4875 0.715625 0.0171875 0.0390625
0 0.5171875 0.728125 0.0171875 0.0375
0 0.546875 0.4921875 0.040625 0.0140625
0 0.6140625 0.5140625 0.0375 0.015625
0 0.59375 0.559375 0.0359375 0.0171875
0 0.71875 0.4921875 0.0390625 0.0140625
0 0.9 0.50625 0.040625 0.0171875
0 0.79375 0.55 0.0359375 0.0171875
0 0.79375 0.4671875 0.0578125 0.01875
0 0.96875 0.409375 0.059375 0.021875
0 0.3859375 0.296875 0.0171875 0.034375
0 0.409375 0.29375 0.015625 0.0375
0 0.98125 0.5765625 0.034375 0.01875
0 0.9125 0.553125 0.040625 0.01875