0 0.6706730769230769 0.9050480769230769 0.02403846153846154 0.07211538461538461
0 0.5516826923076923 0.6045673076923077 0.026442307692307692 0.07211538461538461
0 0.6141826923076923 0.6983173076923077 0.02403846153846154 0.0625
0 0.6814903846153846 0.6622596153846154 0.03365384615384615 0.07211538461538461
0 0.6153846153846154 0.5324519230769231 0.026442307692307692 0.0673076923076923
0 0.5769230769230769 0.421875 0.026442307692307692 0.07211538461538461
0 0.5084134615384616 0.30649038461538464 0.026442307692307692 0.0625
0 0.5769230769230769 0.25961538461538464 0.026442307692307692 0.07451923076923077
0 0.7716346153846154 0.4951923076923077 0.040865384615384616 0.04567307692307692
0 0.7956730769230769 0.35697115384615385 0.04567307692307692 0.04326923076923077
0 0.7884615384615384 0.30528846153846156 0.04567307692307692 0.038461538461538464
3 0.8485576923076923 0.2704326923076923 0.06971153846153846 0.06009615384615385
3 0.30649038461538464 0.6045673076923077 0.06490384615384616 0.04567307692307692
3 0.04447115384615385 0.7139423076923077 0.04807692307692308 0.04326923076923077
0 0.4987980769230769 0.04567307692307692 0.040865384615384616 0.09134615384615384
0 0.5492788461538461 0.02283653846153846 0.026442307692307692 0.04567307692307692
0 0.2980769230769231 0.5528846153846154 0.04567307692307692 0.038461538461538464
0 0.23076923076923078 0.5540865384615384 0.04326923076923077 0.040865384615384616
0 0.17307692307692307 0.5456730769230769 0.040865384615384616 0.038461538461538464
0 0.23076923076923078 0.5024038461538461 0.04567307692307692 0.038461538461538464
0 0.2848557692307692 0.5036057692307693 0.040865384615384616 0.038461538461538464
0 0.20673076923076922 0.4362980769230769 0.038461538461538464 0.038461538461538464
0 0.07692307692307693 0.5372596153846154 0.05048076923076923 0.040865384615384616
0 0.13341346153846154 0.5889423076923077 0.04567307692307692 0.038461538461538464
0 0.0829326923076923 0.5889423076923077 0.040865384615384616 0.036057692307692304
2 0.21875 0.6057692307692307 0.11538461538461539 0.07451923076923077
0 0.02403846153846154 0.5745192307692307 0.040865384615384616 0.04567307692307692
0 0.014423076923076924 0.5288461538461539 0.028846153846153848 0.04326923076923077