0 0.5865384615384616 0.12860576923076922 0.016826923076923076 0.06490384615384616
0 0.5216346153846154 0.4206730769230769 0.019230769230769232 0.06490384615384616
0 0.5637019230769231 0.3269230769230769 0.016826923076923076 0.057692307692307696
0 0.6310096153846154 0.34975961538461536 0.026442307692307692 0.06490384615384616
0 0.5901442307692307 0.47716346153846156 0.019230769230769232 0.06009615384615385
0 0.5709134615384616 0.5853365384615384 0.016826923076923076 0.06490384615384616
0 0.5252403846153846 0.6995192307692307 0.019230769230769232 0.057692307692307696
0 0.59375 0.7331730769230769 0.019230769230769232 0.0673076923076923
0 0.7391826923076923 0.4891826923076923 0.036057692307692304 0.038461538461538464
0 0.7800480769230769 0.6129807692307693 0.038461538461538464 0.038461538461538464
0 0.78125 0.6610576923076923 0.038461538461538464 0.03365384615384615
3 0.8401442307692307 0.6826923076923077 0.0625 0.05048076923076923
3 0.2980769230769231 0.4579326923076923 0.057692307692307696 0.038461538461538464
3 0.030048076923076924 0.39783653846153844 0.06009615384615385 0.036057692307692304
0 0.5552884615384616 0.9483173076923077 0.03125 0.0985576923076923
0 0.6045673076923077 0.9639423076923077 0.019230769230769232 0.0625
0 0.296875 0.5060096153846154 0.038461538461538464 0.03365384615384615
0 0.234375 0.515625 0.038461538461538464 0.036057692307692304
0 0.18269230769230768 0.5300480769230769 0.03365384615384615 0.03365384615384615
0 0.24158653846153846 0.5612980769230769 0.040865384615384616 0.03365384615384615
0 0.29086538461538464 0.5528846153846154 0.036057692307692304 0.03125
0 0.2283653846153846 0.625 0.03365384615384615 0.03125
0 0.09615384615384616 0.5516826923076923 0.04326923076923077 0.03365384615384615
0 0.140625 0.4951923076923077 0.038461538461538464 0.03365384615384615
0 0.09495192307692307 0.5048076923076923 0.036057692307692304 0.03125
2 0.21634615384615385 0.46875 0.10336538461538461 0.06009615384615385
0 0.039663461538461536 0.5264423076923077 0.038461538461538464 0.038461538461538464
0 0.027644230769230768 0.5697115384615384 0.04567307692307692 0.040865384615384616