0 0.40625 0.32572115384615385 0.016826923076923076 0.0625
0 0.42908653846153844 0.28846153846153844 0.016826923076923076 0.06490384615384616
0 0.46875 0.25721153846153844 0.016826923076923076 0.06610576923076923
0 0.42908653846153844 0.4639423076923077 0.015625 0.0673076923076923
0 0.46875 0.5108173076923077 0.016826923076923076 0.06610576923076923
0 0.43028846153846156 0.6322115384615384 0.015625 0.06610576923076923
0 0.4951923076923077 0.625 0.016826923076923076 0.06009615384615385
0 0.4074519230769231 0.5829326923076923 0.016826923076923076 0.07091346153846154
0 0.22235576923076922 0.6225961538461539 0.038461538461538464 0.038461538461538464
0 0.22355769230769232 0.6694711538461539 0.038461538461538464 0.036057692307692304
0 0.3449519230769231 0.7079326923076923 0.036057692307692304 0.039663461538461536
0 0.47716346153846156 0.7524038461538461 0.019230769230769232 0.06971153846153846
0 0.4254807692307692 0.828125 0.016826923076923076 0.06610576923076923
0 0.5072115384615384 0.96875 0.015625 0.05889423076923077
0 0.4579326923076923 0.9483173076923077 0.025240384615384616 0.09975961538461539
2 0.5108173076923077 0.3942307692307692 0.02403846153846154 0.24879807692307693
2 0.7788461538461539 0.45913461538461536 0.0985576923076923 0.056490384615384616
3 0.6971153846153846 0.4495192307692308 0.056490384615384616 0.037259615384615384
3 0.9615384615384616 0.3786057692307692 0.06009615384615385 0.038461538461538464
3 0.16346153846153846 0.6935096153846154 0.05889423076923077 0.046875
0 0.38100961538461536 0.11298076923076923 0.016826923076923076 0.06610576923076923
0 0.6995192307692307 0.4987980769230769 0.038461538461538464 0.03245192307692308
0 0.7067307692307693 0.5444711538461539 0.03485576923076923 0.028846153846153848
0 0.7560096153846154 0.5516826923076923 0.038461538461538464 0.030048076923076924
0 0.7620192307692307 0.5048076923076923 0.037259615384615384 0.030048076923076924
0 0.828125 0.5228365384615384 0.03125 0.03125
0 0.8545673076923077 0.4831730769230769 0.038461538461538464 0.036057692307692304
0 0.9002403846153846 0.4891826923076923 0.03485576923076923 0.028846153846153848
0 0.9411057692307693 0.546875 0.040865384615384616 0.03485576923076923