0 0.08052884615384616 0.6514423076923077 0.038461538461538464 0.042067307692307696
0 0.3641826923076923 0.31009615384615385 0.015625 0.06129807692307692
0 0.39663461538461536 0.3425480769230769 0.018028846153846152 0.06490384615384616
0 0.4110576923076923 0.03485576923076923 0.015625 0.06610576923076923
0 0.453125 0.0889423076923077 0.016826923076923076 0.0625
0 0.47475961538461536 0.22716346153846154 0.015625 0.06370192307692307
0 0.5108173076923077 0.21394230769230768 0.018028846153846152 0.07091346153846154
0 0.4254807692307692 0.43509615384615385 0.016826923076923076 0.06850961538461539
0 0.40625 0.5444711538461539 0.016826923076923076 0.0625
0 0.47475961538461536 0.49399038461538464 0.016826923076923076 0.0625
0 0.41225961538461536 0.7043269230769231 0.016826923076923076 0.06610576923076923
0 0.4326923076923077 0.6622596153846154 0.015625 0.06490384615384616
0 0.4879807692307692 0.7824519230769231 0.019230769230769232 0.07451923076923077
0 0.1045673076923077 0.7704326923076923 0.038461538461538464 0.039663461538461536
0 0.15384615384615385 0.7463942307692307 0.03485576923076923 0.038461538461538464
0 0.21514423076923078 0.71875 0.04326923076923077 0.039663461538461536
0 0.14302884615384615 0.6971153846153846 0.036057692307692304 0.038461538461538464
2 0.057692307692307696 0.7415865384615384 0.11177884615384616 0.09134615384615384
2 0.31490384615384615 0.7295673076923077 0.10336538461538461 0.05048076923076923
2 0.41346153846153844 0.9134615384615384 0.03245192307692308 0.16346153846153846
0 0.47596153846153844 0.9435096153846154 0.021634615384615384 0.07211538461538461
3 0.21514423076923078 0.6610576923076923 0.052884615384615384 0.051682692307692304
0 0.7043269230769231 0.5360576923076923 0.037259615384615384 0.03245192307692308
3 0.96875 0.3449519230769231 0.05889423076923077 0.042067307692307696