0 0.008413461538461538 0.6862980769230769 0.016826923076923076 0.05048076923076923
0 0.014423076923076924 0.7295673076923077 0.028846153846153848 0.04567307692307692
2 0.10096153846153846 0.7043269230769231 0.11778846153846154 0.09615384615384616
0 0.1141826923076923 0.6454326923076923 0.040865384615384616 0.036057692307692304
0 0.17548076923076922 0.6237980769230769 0.04326923076923077 0.04326923076923077
0 0.2247596153846154 0.5997596153846154 0.04326923076923077 0.040865384615384616
0 0.20192307692307693 0.6694711538461539 0.04326923076923077 0.04567307692307692
0 0.25841346153846156 0.47716346153846156 0.038461538461538464 0.04567307692307692
0 0.40865384615384615 0.35336538461538464 0.021634615384615384 0.06490384615384616
0 0.44350961538461536 0.2439903846153846 0.021634615384615384 0.06971153846153846
3 0.42427884615384615 0.1346153846153846 0.026442307692307692 0.08653846153846154
0 0.515625 0.046875 0.02403846153846154 0.06971153846153846
0 0.5396634615384616 0.3004807692307692 0.03365384615384615 0.0673076923076923
0 0.48677884615384615 0.38822115384615385 0.021634615384615384 0.0673076923076923
0 0.6117788461538461 0.4110576923076923 0.038461538461538464 0.038461538461538464
0 0.6875 0.4423076923076923 0.040865384615384616 0.03365384615384615
0 0.7512019230769231 0.4675480769230769 0.04326923076923077 0.03365384615384615
0 0.7127403846153846 0.5048076923076923 0.040865384615384616 0.03365384615384615
0 0.7716346153846154 0.5180288461538461 0.038461538461538464 0.03125
0 0.7572115384615384 0.5625 0.04326923076923077 0.03125
0 0.6995192307692307 0.5492788461538461 0.038461538461538464 0.03125
0 0.8209134615384616 0.5817307692307693 0.04326923076923077 0.03125
0 0.8365384615384616 0.5324519230769231 0.04326923076923077 0.03125
0 0.8846153846153846 0.5456730769230769 0.04567307692307692 0.03365384615384615
3 0.9783653846153846 0.390625 0.04326923076923077 0.04567307692307692
0 0.6622596153846154 0.6201923076923077 0.040865384615384616 0.03125
0 0.5661057692307693 0.609375 0.04567307692307692 0.05048076923076923
0 0.4735576923076923 0.5985576923076923 0.02403846153846154 0.06971153846153846
0 0.4206730769230769 0.6526442307692307 0.026442307692307692 0.07932692307692307
0 0.38221153846153844 0.8112980769230769 0.02403846153846154 0.06971153846153846
0 0.40865384615384615 0.8882211538461539 0.02403846153846154 0.07211538461538461
0 0.46153846153846156 0.8076923076923077 0.02403846153846154 0.06971153846153846
0 0.42908653846153844 0.9543269230769231 0.026442307692307692 0.07932692307692307