3 0.08774038461538461 0.5480769230769231 0.055288461538461536 0.05048076923076923
3 0.9663461538461539 0.3605769230769231 0.05889423076923077 0.040865384615384616
0 0.41947115384615385 0.09495192307692307 0.016826923076923076 0.07211538461538461
0 0.3954326923076923 0.1658653846153846 0.018028846153846152 0.06009615384615385
0 0.42427884615384615 0.2932692307692308 0.015625 0.06490384615384616
0 0.4026442307692308 0.3317307692307692 0.018028846153846152 0.06370192307692307
0 0.49158653846153844 0.390625 0.018028846153846152 0.06370192307692307
0 0.5456730769230769 0.37740384615384615 0.03485576923076923 0.051682692307692304
0 0.5997596153846154 0.4206730769230769 0.038461538461538464 0.037259615384615384
0 0.7067307692307693 0.4951923076923077 0.037259615384615384 0.03125
0 0.6983173076923077 0.5384615384615384 0.036057692307692304 0.028846153846153848
0 0.8401442307692307 0.5600961538461539 0.038461538461538464 0.028846153846153848
0 0.8209134615384616 0.5144230769230769 0.038461538461538464 0.030048076923076924
0 0.7872596153846154 0.4519230769230769 0.036057692307692304 0.027644230769230768
0 0.4098557692307692 0.6586538461538461 0.018028846153846152 0.07091346153846154
0 0.4326923076923077 0.6009615384615384 0.015625 0.0625
0 0.47716346153846156 0.6045673076923077 0.015625 0.0673076923076923
0 0.484375 0.7860576923076923 0.018028846153846152 0.06610576923076923
0 0.5132211538461539 0.9122596153846154 0.019230769230769232 0.07091346153846154
0 0.4675480769230769 0.953125 0.019230769230769232 0.07451923076923077
0 0.13581730769230768 0.6802884615384616 0.038461538461538464 0.03485576923076923
0 0.19230769230769232 0.6550480769230769 0.037259615384615384 0.042067307692307696
0 0.23918269230769232 0.6274038461538461 0.038461538461538464 0.038461538461538464
0 0.22235576923076922 0.6983173076923077 0.038461538461538464 0.039663461538461536
0 0.28725961538461536 0.49038461538461536 0.03365384615384615 0.05048076923076923
0 0.5060096153846154 0.7067307692307693 0.019230769230769232 0.06971153846153846