2 0.5132211538461539 0.71875 0.05048076923076923 0.29086538461538464
2 0.203125 0.28125 0.12259615384615384 0.0985576923076923
2 0.5240384615384616 0.07091346153846154 0.04567307692307692 0.14182692307692307
3 0.44591346153846156 0.2704326923076923 0.028846153846153848 0.11778846153846154
3 0.9555288461538461 0.5685096153846154 0.06490384615384616 0.09134615384615384
0 0.09375 0.23197115384615385 0.04567307692307692 0.040865384615384616
0 0.1778846153846154 0.33052884615384615 0.04567307692307692 0.04326923076923077
0 0.23557692307692307 0.3641826923076923 0.04326923076923077 0.040865384615384616
0 0.13942307692307693 0.43028846153846156 0.04807692307692308 0.05048076923076923
0 0.4483173076923077 0.5096153846153846 0.021634615384615384 0.06971153846153846
0 0.5372596153846154 0.4362980769230769 0.02403846153846154 0.0673076923076923
0 0.47475961538461536 0.7632211538461539 0.021634615384615384 0.07451923076923077
0 0.41225961538461536 0.7403846153846154 0.02403846153846154 0.07451923076923077
0 0.5649038461538461 0.20793269230769232 0.019230769230769232 0.07692307692307693
0 0.7584134615384616 0.5480769230769231 0.04326923076923077 0.038461538461538464
0 0.8269230769230769 0.5444711538461539 0.04567307692307692 0.036057692307692304
0 0.8990384615384616 0.5276442307692307 0.04326923076923077 0.03365384615384615
0 0.9759615384615384 0.5120192307692307 0.04807692307692308 0.038461538461538464