0 0.42908653846153844 0.46153846153846156 0.014423076923076924 0.0673076923076923
0 0.46875 0.5144230769230769 0.016826923076923076 0.06850961538461539
0 0.4074519230769231 0.5805288461538461 0.018028846153846152 0.07211538461538461
0 0.43149038461538464 0.6286057692307693 0.019230769230769232 0.07091346153846154
0 0.4951923076923077 0.6274038461538461 0.019230769230769232 0.06370192307692307
0 0.4050480769230769 0.3245192307692308 0.015625 0.06610576923076923
0 0.42908653846153844 0.28725961538461536 0.016826923076923076 0.06490384615384616
0 0.46875 0.2608173076923077 0.015625 0.0673076923076923
0 0.38100961538461536 0.109375 0.018028846153846152 0.0673076923076923
0 0.6995192307692307 0.49759615384615385 0.039663461538461536 0.03245192307692308
0 0.7620192307692307 0.5048076923076923 0.037259615384615384 0.03245192307692308
0 0.7067307692307693 0.5444711538461539 0.036057692307692304 0.030048076923076924
0 0.7572115384615384 0.5528846153846154 0.038461538461538464 0.03245192307692308
0 0.8545673076923077 0.48197115384615385 0.038461538461538464 0.03365384615384615
0 0.9002403846153846 0.49038461538461536 0.03485576923076923 0.030048076923076924
0 0.8293269230769231 0.5228365384615384 0.03365384615384615 0.03125
0 0.9423076923076923 0.5456730769230769 0.039663461538461536 0.03245192307692308
3 0.9615384615384616 0.38100961538461536 0.06129807692307692 0.03485576923076923
3 0.6971153846153846 0.45072115384615385 0.056490384615384616 0.037259615384615384
3 0.16466346153846154 0.6935096153846154 0.05889423076923077 0.046875
0 0.22235576923076922 0.6225961538461539 0.037259615384615384 0.037259615384615384
0 0.22355769230769232 0.6706730769230769 0.037259615384615384 0.03485576923076923
0 0.3449519230769231 0.7079326923076923 0.037259615384615384 0.040865384615384616
0 0.4254807692307692 0.8257211538461539 0.018028846153846152 0.06971153846153846
0 0.47716346153846156 0.7560096153846154 0.018028846153846152 0.06971153846153846
2 0.5108173076923077 0.3954326923076923 0.02403846153846154 0.25240384615384615
0 0.45913461538461536 0.9483173076923077 0.02283653846153846 0.0985576923076923
0 0.5072115384615384 0.9699519230769231 0.015625 0.057692307692307696
2 0.7788461538461539 0.45913461538461536 0.09735576923076923 0.05889423076923077