0 0.3016826923076923 0.42908653846153844 0.040865384615384616 0.06490384615384616
0 0.1622596153846154 0.5697115384615384 0.05048076923076923 0.052884615384615384
0 0.21514423076923078 0.6442307692307693 0.04567307692307692 0.04326923076923077
0 0.4230769230769231 0.6237980769230769 0.028846153846153848 0.07451923076923077
0 0.4723557692307692 0.6514423076923077 0.02403846153846154 0.06490384615384616
0 0.3173076923076923 0.17067307692307693 0.021634615384615384 0.0673076923076923
0 0.46033653846153844 0.1875 0.026442307692307692 0.07211538461538461
0 0.40024038461538464 0.07091346153846154 0.021634615384615384 0.06490384615384616
0 0.6959134615384616 0.4098557692307692 0.04567307692307692 0.03365384615384615
0 0.6971153846153846 0.45913461538461536 0.040865384615384616 0.03125
0 0.6923076923076923 0.5048076923076923 0.040865384615384616 0.03365384615384615
0 0.7536057692307693 0.5072115384615384 0.04326923076923077 0.03365384615384615
0 0.8197115384615384 0.515625 0.040865384615384616 0.03365384615384615
0 0.8293269230769231 0.4639423076923077 0.04567307692307692 0.040865384615384616
0 0.8798076923076923 0.46634615384615385 0.04567307692307692 0.038461538461538464
0 0.7596153846153846 0.46033653846153844 0.04326923076923077 0.03365384615384615
3 0.9543269230769231 0.28846153846153844 0.0625 0.05048076923076923
2 0.1141826923076923 0.7692307692307693 0.12259615384615384 0.10096153846153846
0 0.036057692307692304 0.8112980769230769 0.02403846153846154 0.040865384615384616
0 0.051682692307692304 0.7427884615384616 0.04807692307692308 0.05048076923076923
0 0.11057692307692307 0.7115384615384616 0.040865384615384616 0.038461538461538464
0 0.16947115384615385 0.6790865384615384 0.04567307692307692 0.04807692307692308
0 0.20432692307692307 0.7199519230769231 0.04567307692307692 0.04807692307692308
0 0.41225961538461536 0.7728365384615384 0.026442307692307692 0.07932692307692307
0 0.5024038461538461 0.8521634615384616 0.026442307692307692 0.07692307692307693
0 0.46153846153846156 0.9338942307692307 0.026442307692307692 0.07932692307692307
0 0.484375 0.9627403846153846 0.026442307692307692 0.07451923076923077