2 0.5853365384615384 0.6141826923076923 0.10096153846153846 0.23076923076923078
2 0.8100961538461539 0.6850961538461539 0.10576923076923077 0.08413461538461539
2 0.5288461538461539 0.9026442307692307 0.03125 0.19471153846153846
3 0.12139423076923077 0.515625 0.04807692307692308 0.08653846153846154
3 0.025240384615384616 0.3473557692307692 0.05048076923076923 0.04326923076923077
0 0.20072115384615385 0.6310096153846154 0.038461538461538464 0.03125
0 0.2608173076923077 0.5264423076923077 0.038461538461538464 0.038461538461538464
0 0.28365384615384615 0.4735576923076923 0.038461538461538464 0.028846153846153848
0 0.22115384615384615 0.4831730769230769 0.04326923076923077 0.03365384615384615
0 0.16947115384615385 0.4987980769230769 0.038461538461538464 0.03125
0 0.0829326923076923 0.5180288461538461 0.038461538461538464 0.03365384615384615
0 0.038461538461538464 0.47596153846153844 0.038461538461538464 0.03365384615384615
0 0.8293269230769231 0.6394230769230769 0.038461538461538464 0.038461538461538464
0 0.7752403846153846 0.6117788461538461 0.038461538461538464 0.03365384615384615
0 0.9146634615384616 0.7295673076923077 0.038461538461538464 0.03365384615384615
0 0.9723557692307693 0.7620192307692307 0.038461538461538464 0.04326923076923077
0 0.6237980769230769 0.09975961538461539 0.014423076923076924 0.0673076923076923
0 0.5961538461538461 0.09134615384615384 0.016826923076923076 0.07211538461538461
0 0.5733173076923077 0.0673076923076923 0.016826923076923076 0.0673076923076923