0 0.14499221728842093 0.4120205028954841 0.031026730455162622 0.017788967535011226
0 0.2231172172884209 0.40838177254019126 0.03227036606107632 0.013955492142117087
0 0.36571930546971015 0.38762400868645236 0.02999038893989354 0.014627580231458381
0 0.1373070051701477 0.49080047435943686 0.03662302621279716 0.019606178659881835
0 0.26670746274649304 0.5004579565767566 0.0351880719704317 0.021095904052775793
0 0.22767691365487863 0.48345454714729713 0.038121753333979845 0.018897703266987698
0 0.3712993678972441 0.47519678329355824 0.03024548045516262 0.01775258023145838
0 0.36814241698885847 0.4941651071148758 0.0356504575763454 0.01722604135632899
0 0.464794276381975 0.4677053068672068 0.03330670757634539 0.017116879445670106
0 0.4996472506282198 0.5680306385464072 0.022672096516238936 0.029852319892376224
0 0.5594687897178946 0.5323071542621729 0.01851075500096986 0.026545383374611476
0 0.5009224503286573 0.6605092369748307 0.019084710910325244 0.033576633374611475
0 0.574169276381975 0.4626110843697967 0.03233413893989354 0.014736742142117265
0 0.6658465933514369 0.4520673825505511 0.030181707576345217 0.01697133023145838
0 0.7470646424430514 0.4671058775881525 0.030181707576345397 0.01697133023145838
0 0.5998392139544411 0.37358281762057377 0.033561799091614476 0.02024187944567011
0 0.6908788021357303 0.3552266158013282 0.031218049091614474 0.020132717535011224
0 0.7350433903170194 0.33905365219525835 0.03005416181871077 0.015408830231458382
0 0.7329387563780957 0.35169920140947003 0.02999038893989354 0.014627580231458381
0 0.946745906986919 0.415457678664391 0.027901730455162622 0.0176434183207995
0 0.876433406986919 0.4187325359841546 0.030962957576345217 0.017007717535011225
0 0.8922815475938023 0.43995256452020187 0.031552888939893366 0.014700354838564245