0 0.06129807692307692 0.35216346153846156 0.036057692307692304 0.028846153846153848
0 0.1141826923076923 0.328125 0.036057692307692304 0.026442307692307692
0 0.29086538461538464 0.3137019230769231 0.03125 0.026442307692307692
0 0.3870192307692308 0.33774038461538464 0.026442307692307692 0.028846153846153848
0 0.4639423076923077 0.38341346153846156 0.026442307692307692 0.040865384615384616
0 0.4495192307692308 0.5637019230769231 0.019230769230769232 0.055288461538461536
0 0.4026442307692308 0.5324519230769231 0.03365384615384615 0.03365384615384615
0 0.38221153846153844 0.4891826923076923 0.036057692307692304 0.03125
0 0.33533653846153844 0.49158653846153844 0.036057692307692304 0.026442307692307692
0 0.28125 0.49759615384615385 0.036057692307692304 0.028846153846153848
0 0.234375 0.5036057692307693 0.038461538461538464 0.03125
0 0.18870192307692307 0.5072115384615384 0.036057692307692304 0.028846153846153848
0 0.21033653846153846 0.5480769230769231 0.038461538461538464 0.03125
0 0.26802884615384615 0.5432692307692307 0.038461538461538464 0.03125
0 0.31490384615384615 0.5300480769230769 0.036057692307692304 0.028846153846153848
0 0.3629807692307692 0.5264423076923077 0.03365384615384615 0.028846153846153848
2 0.7019230769230769 0.3473557692307692 0.11057692307692307 0.05048076923076923
0 0.8774038461538461 0.2608173076923077 0.03365384615384615 0.026442307692307692
0 0.890625 0.47475961538461536 0.03125 0.03125
0 0.5348557692307693 0.8149038461538461 0.019230769230769232 0.0673076923076923
0 0.5300480769230769 0.71875 0.019230769230769232 0.0625
3 0.14423076923076922 0.5504807692307693 0.04807692307692308 0.036057692307692304