2 0.6442307692307693 0.6971153846153846 0.17548076923076922 0.10096153846153846
2 0.43509615384615385 0.39663461538461536 0.036057692307692304 0.19471153846153846
0 0.48677884615384615 0.028846153846153848 0.02403846153846154 0.057692307692307696
0 0.9795673076923077 0.46153846153846156 0.038461538461538464 0.036057692307692304
0 0.9579326923076923 0.5456730769230769 0.04567307692307692 0.036057692307692304
0 0.5096153846153846 0.65625 0.038461538461538464 0.07932692307692307
0 0.44350961538461536 0.6117788461538461 0.02403846153846154 0.07932692307692307
0 0.3701923076923077 0.6971153846153846 0.040865384615384616 0.07692307692307693
0 0.4362980769230769 0.8617788461538461 0.026442307692307692 0.08173076923076923
0 0.09735576923076923 0.4891826923076923 0.04567307692307692 0.036057692307692304
0 0.1935096153846154 0.6322115384615384 0.04567307692307692 0.03365384615384615
0 0.1875 0.49158653846153844 0.04326923076923077 0.036057692307692304
0 0.25841346153846156 0.49278846153846156 0.04326923076923077 0.036057692307692304
0 0.3701923076923077 0.4170673076923077 0.038461538461538464 0.04326923076923077
3 0.24879807692307693 0.453125 0.04326923076923077 0.036057692307692304