2 0.057692307692307696 0.7139423076923077 0.11538461538461539 0.10096153846153846
2 0.3918269230769231 0.47115384615384615 0.16826923076923078 0.15865384615384615
0 0.08653846153846154 0.640625 0.052884615384615384 0.05048076923076923
0 0.15745192307692307 0.6141826923076923 0.04326923076923077 0.04567307692307692
0 0.14783653846153846 0.6730769230769231 0.04807692307692308 0.04807692307692308
0 0.21634615384615385 0.6466346153846154 0.04567307692307692 0.04326923076923077
0 0.234375 0.5913461538461539 0.04567307692307692 0.04567307692307692
0 0.30649038461538464 0.5540865384615384 0.04567307692307692 0.04326923076923077
0 0.27163461538461536 0.6274038461538461 0.038461538461538464 0.04326923076923077
0 0.5060096153846154 0.6550480769230769 0.028846153846153848 0.0625
0 0.5745192307692307 0.22716346153846154 0.021634615384615384 0.07211538461538461
0 0.8040865384615384 0.5108173076923077 0.04567307692307692 0.040865384615384616
0 0.8557692307692307 0.5144230769230769 0.04567307692307692 0.038461538461538464
0 0.45913461538461536 0.040865384615384616 0.02403846153846154 0.07451923076923077