0 0.578125 0.8413461538461539 0.013221153846153846 0.05048076923076923
0 0.5673076923076923 0.6923076923076923 0.01201923076923077 0.038461538461538464
0 0.5889423076923077 0.6322115384615384 0.010817307692307692 0.03125
3 0.5072115384615384 0.7199519230769231 0.013221153846153846 0.057692307692307696
3 0.5192307692307693 0.5841346153846154 0.015625 0.051682692307692304
3 0.578125 0.390625 0.009615384615384616 0.037259615384615384
0 0.5889423076923077 0.5180288461538461 0.008413461538461538 0.02403846153846154
0 0.5889423076923077 0.4362980769230769 0.008413461538461538 0.02403846153846154
0 0.5913461538461539 0.27403846153846156 0.007211538461538462 0.019230769230769232
0 0.6105769230769231 0.30649038461538464 0.007211538461538462 0.016826923076923076
0 0.5925480769230769 0.35697115384615385 0.008413461538461538 0.021634615384615384