0 0.0640625 0.5976204346753632 0.04921875 0.027135212006681543
0 0.1953125 0.6085226666931807 0.0484375 0.02556362133990877
0 0.28125 0.5813976400381801 0.04453125 0.024736918006045272
0 0.284375 0.554871502705271 0.04453125 0.02708066800604527
0 0.425 0.6346328227243611 0.0421875 0.03174089600572714
0 0.74375 0.5180293147676317 0.04765625 0.021648280673136
0 0.728125 0.48972250143217727 0.0453125 0.023964758672817867
0 0.809375 0.4891054307765404 0.0421875 0.02627214600572696
0 0.8734375 0.4914133654519036 0.0484375 0.026344871339908947
0 0.80625 0.5125065681094495 0.04296875 0.01846873667249973
0 0.865625 0.5131974587841764 0.04375 0.0208215773392725
0 0.91875 0.5138156241247215 0.04140625 0.022356805338954188
0 0.91875 0.5403781241247215 0.04375 0.0184778273392725
0 0.975 0.5425951521323575 0.04453125 0.024736918006045272
0 0.96875 0.5175224267981757 0.04453125 0.02004941800604527
0 0.953125 0.4907781134627213 0.0453125 0.025527258672817865