2 0.14423076923076922 0.6634615384615384 0.18269230769230768 0.0673076923076923
0 0.2127403846153846 0.5997596153846154 0.04326923076923077 0.040865384615384616
0 0.2692307692307692 0.6021634615384616 0.04326923076923077 0.038461538461538464
0 0.2704326923076923 0.65625 0.04567307692307692 0.036057692307692304
0 0.46033653846153844 0.296875 0.02403846153846154 0.07692307692307693
0 0.5324519230769231 0.4338942307692308 0.028846153846153848 0.08413461538461539
0 0.5949519230769231 0.359375 0.036057692307692304 0.057692307692307696
0 0.5420673076923077 0.7319711538461539 0.028846153846153848 0.08173076923076923
0 0.49038461538461536 0.18389423076923078 0.02403846153846154 0.06971153846153846
0 0.49038461538461536 0.027644230769230768 0.02403846153846154 0.055288461538461536
0 0.6574519230769231 0.7704326923076923 0.028846153846153848 0.07211538461538461
3 0.9338942307692307 0.5901442307692307 0.055288461538461536 0.040865384615384616
0 0.7608173076923077 0.4375 0.04567307692307692 0.038461538461538464
0 0.7608173076923077 0.47716346153846156 0.04326923076923077 0.036057692307692304
0 0.7764423076923077 0.5216346153846154 0.04807692307692308 0.038461538461538464
0 0.8269230769230769 0.4675480769230769 0.04326923076923077 0.038461538461538464
0 0.8209134615384616 0.4266826923076923 0.04567307692307692 0.036057692307692304
0 0.8966346153846154 0.45552884615384615 0.04567307692307692 0.038461538461538464
0 0.9555288461538461 0.45913461538461536 0.04567307692307692 0.038461538461538464