0 0.4484375 0.525 0.0078125 0.0140625
0 0.4578125 0.53125 0.0078125 0.0171875
0 0.46875 0.5234375 0.0078125 0.015625
0 0.478125 0.528125 0.00625 0.0171875
0 0.4875 0.525 0.00625 0.0171875
0 0.5109375 0.5453125 0.01875 0.009375
0 0.5375 0.546875 0.0171875 0.0078125
0 0.5609375 0.546875 0.0171875 0.00625
0 0.5890625 0.5484375 0.015625 0.0078125
0 0.71875 0.6015625 0.0171875 0.0140625
0 0.5359375 0.6875 0.0171875 0.0078125
0 0.6484375 0.7546875 0.0203125 0.021875
0 0.59375 0.66875 0.0234375 0.0109375