0 0.15341275371301508 0.40364954319345203 0.039590778855940555 0.03950623530067894
0 0.09413201215053557 0.49911252939864215 0.04766617368379742 0.025112864653892685
0 0.10309034989948355 0.5315155936229934 0.0414980192372937 0.027129066033373662
0 0.19495046768549842 0.5173092514703381 0.04211557813030113 0.02248250961093845
0 0.20532248329459507 0.4557166542293 0.04130704627913566 0.021660316033373483
0 0.20641375734121215 0.4869666542293 0.048529269237293705 0.027497558231457477
0 0.3012550313878292 0.5133034249215149 0.04219742368379738 0.02482625961093845
0 0.27013400616008576 0.5634605551792398 0.04529514183263199 0.024208783921197963
0 0.4430605854715132 0.4949141938047076 0.04629464664195524 0.03049972749876275
0 0.359975266959859 0.4914417130265843 0.04534970553496285 0.025771283921197964
0 0.49854669363888127 0.47009125622003645 0.03812748257680489 0.01993404172311397
0 0.5167709039831676 0.4988779975136092 0.04217014183263181 0.024045009610938452
0 0.5208780506251229 0.5268392232033496 0.04217014183263199 0.024045009610938452
0 0.5881548306621898 0.4810486883776406 0.03823660998146643 0.023059041723114147
0 0.5937153498994835 0.5058030269122513 0.04155258293962447 0.028691566033373483
0 0.7131746780297846 0.5198921031223902 0.0439781784931208 0.03115814676606803
0 0.9833662352033231 0.5539174638195539 0.03326752959335373 0.029718477498762753
0 0.41268360470880694 0.5215519369073025 0.057931551088459085 0.028770131162236014
0 0.3872272477225653 0.46496774423424886 0.06420883293962457 0.029878929782755036
0 0.6681151491738442 0.4846849434660232 0.04715774219545175 0.03288442107632754
0 0.741989158792491 0.4933362471749249 0.06666171034428636 0.033126760515449584
0 0.10626002303512679 0.7567612550883827 0.022430560707105984 0.0393867265942518
0 0.12947926822580338 0.7492829477614364 0.029734629218760224 0.04756771879233561
0 0.03600202050323806 0.26892041836279423 0.02585566106992567 0.04814425090451113