2 0.5360576923076923 0.21514423076923078 0.08413461538461539 0.2091346153846154
0 0.5973557692307693 0.24158653846153846 0.040865384615384616 0.07451923076923077
0 0.6730769230769231 0.39302884615384615 0.04807692307692308 0.055288461538461536
0 0.6430288461538461 0.4891826923076923 0.038461538461538464 0.03365384615384615
0 0.45072115384615385 0.47475961538461536 0.04567307692307692 0.038461538461538464
0 0.4074519230769231 0.5877403846153846 0.04567307692307692 0.06490384615384616
0 0.038461538461538464 0.45913461538461536 0.05048076923076923 0.038461538461538464
0 0.2956730769230769 0.27163461538461536 0.05048076923076923 0.036057692307692304
2 0.9290865384615384 0.3581730769230769 0.12259615384615384 0.057692307692307696
0 0.8329326923076923 0.453125 0.04326923076923077 0.03365384615384615
0 0.9543269230769231 0.5144230769230769 0.04567307692307692 0.038461538461538464
0 0.49759615384615385 0.9591346153846154 0.028846153846153848 0.08173076923076923