0 0.6346153846153846 0.09495192307692307 0.01201923076923077 0.028846153846153848
0 0.6153846153846154 0.09134615384615384 0.009615384615384616 0.026442307692307692
0 0.5997596153846154 0.1310096153846154 0.01201923076923077 0.026442307692307692
0 0.5973557692307693 0.23557692307692307 0.009615384615384616 0.019230769230769232
0 0.6081730769230769 0.25961538461538464 0.009615384615384616 0.021634615384615384
0 0.5204326923076923 0.23557692307692307 0.009615384615384616 0.02403846153846154
0 0.515625 0.18028846153846154 0.009615384615384616 0.02403846153846154
0 0.5084134615384616 0.06610576923076923 0.009615384615384616 0.03365384615384615
0 0.5060096153846154 0.030048076923076924 0.01201923076923077 0.03125
0 0.5492788461538461 0.1971153846153846 0.016826923076923076 0.014423076923076924
0 0.5492788461538461 0.18389423076923078 0.019230769230769232 0.01201923076923077
0 0.5492788461538461 0.1658653846153846 0.016826923076923076 0.016826923076923076
0 0.5480769230769231 0.15384615384615385 0.019230769230769232 0.014423076923076924
0 0.5492788461538461 0.140625 0.019230769230769232 0.014423076923076924
0 0.546875 0.12980769230769232 0.019230769230769232 0.014423076923076924
0 0.5456730769230769 0.11899038461538461 0.02403846153846154 0.016826923076923076
0 0.546875 0.1045673076923077 0.021634615384615384 0.016826923076923076
0 0.546875 0.09254807692307693 0.021634615384615384 0.014423076923076924
0 0.546875 0.08052884615384616 0.02403846153846154 0.021634615384615384
0 0.5456730769230769 0.054086538461538464 0.02403846153846154 0.016826923076923076
0 0.5444711538461539 0.040865384615384616 0.021634615384615384 0.019230769230769232
3 0.515625 0.1502403846153846 0.009615384615384616 0.03125
0 0.5444711538461539 0.013221153846153846 0.021634615384615384 0.019230769230769232
0 0.5432692307692307 0.026442307692307692 0.021634615384615384 0.016826923076923076
0 0.6550480769230769 0.23677884615384615 0.014423076923076924 0.019230769230769232
0 0.6514423076923077 0.25 0.016826923076923076 0.019230769230769232
0 0.6538461538461539 0.25961538461538464 0.016826923076923076 0.016826923076923076
0 0.6526442307692307 0.2692307692307692 0.016826923076923076 0.016826923076923076
0 0.6490384615384616 0.2848557692307692 0.016826923076923076 0.016826923076923076
3 0.5240384615384616 0.25961538461538464 0.009615384615384616 0.02403846153846154
0 0.5240384615384616 0.2800480769230769 0.009615384615384616 0.019230769230769232
0 0.5252403846153846 0.29927884615384615 0.007211538461538462 0.014423076923076924
0 0.5264423076923077 0.3161057692307692 0.007211538461538462 0.019230769230769232
0 0.5288461538461539 0.33413461538461536 0.007211538461538462 0.019230769230769232
0 0.53125 0.3641826923076923 0.007211538461538462 0.016826923076923076
0 0.53125 0.3786057692307692 0.007211538461538462 0.016826923076923076
0 0.5324519230769231 0.3954326923076923 0.007211538461538462 0.014423076923076924
0 0.6033653846153846 0.3870192307692308 0.007211538461538462 0.014423076923076924
0 0.5961538461538461 0.31009615384615385 0.007211538461538462 0.016826923076923076
0 0.6237980769230769 0.3629807692307692 0.007211538461538462 0.016826923076923076
3 0.5913461538461539 0.4182692307692308 0.007211538461538462 0.016826923076923076
0 0.609375 0.45552884615384615 0.004807692307692308 0.014423076923076924
0 0.5913461538461539 0.48197115384615385 0.007211538461538462 0.01201923076923077
0 0.5973557692307693 0.515625 0.004807692307692308 0.009615384615384616
0 0.5973557692307693 0.49278846153846156 0.004807692307692308 0.01201923076923077
0 0.5336538461538461 0.40865384615384615 0.007211538461538462 0.014423076923076924
0 0.5348557692307693 0.421875 0.007211538461538462 0.014423076923076924
0 0.5516826923076923 0.4579326923076923 0.007211538461538462 0.014423076923076924
0 0.53125 0.4651442307692308 0.01201923076923077 0.01201923076923077
0 0.5336538461538461 0.47115384615384615 0.01201923076923077 0.009615384615384616
0 0.5516826923076923 0.47836538461538464 0.007211538461538462 0.01201923076923077
0 0.5516826923076923 0.4879807692307692 0.004807692307692308 0.009615384615384616
0 0.5528846153846154 0.49759615384615385 0.007211538461538462 0.01201923076923077
0 0.5528846153846154 0.5180288461538461 0.004807692307692308 0.01201923076923077
0 0.5949519230769231 0.5961538461538461 0.004807692307692308 0.009615384615384616
0 0.5949519230769231 0.5721153846153846 0.007211538461538462 0.009615384615384616
0 0.4074519230769231 0.3473557692307692 0.014423076923076924 0.014423076923076924
0 0.3918269230769231 0.35096153846153844 0.009615384615384616 0.016826923076923076
0 0.38461538461538464 0.3545673076923077 0.009615384615384616 0.016826923076923076
0 0.3918269230769231 0.3641826923076923 0.007211538461538462 0.016826923076923076
0 0.40024038461538464 0.3629807692307692 0.007211538461538462 0.016826923076923076
0 0.4110576923076923 0.3557692307692308 0.014423076923076924 0.014423076923076924
0 0.4110576923076923 0.36177884615384615 0.014423076923076924 0.01201923076923077
0 0.39783653846153844 0.38100961538461536 0.009615384615384616 0.014423076923076924
0 0.41225961538461536 0.3737980769230769 0.014423076923076924 0.014423076923076924