0 0.4230769230769231 0.7247596153846154 0.016826923076923076 0.021634615384615384
0 0.43028846153846156 0.734375 0.016826923076923076 0.021634615384615384
0 0.43509615384615385 0.7463942307692307 0.016826923076923076 0.019230769230769232
0 0.43990384615384615 0.7584134615384616 0.019230769230769232 0.021634615384615384
0 0.44591346153846156 0.7728365384615384 0.019230769230769232 0.021634615384615384
0 0.4519230769230769 0.7836538461538461 0.019230769230769232 0.021634615384615384
0 0.4579326923076923 0.796875 0.016826923076923076 0.021634615384615384
0 0.4675480769230769 0.8040865384615384 0.016826923076923076 0.02403846153846154
0 0.59375 0.8004807692307693 0.016826923076923076 0.02403846153846154
0 0.6790865384615384 0.9675480769230769 0.016826923076923076 0.026442307692307692
0 0.6598557692307693 0.9350961538461539 0.016826923076923076 0.026442307692307692
0 0.3762019230769231 0.5072115384615384 0.016826923076923076 0.02403846153846154
0 0.49278846153846156 0.31850961538461536 0.019230769230769232 0.021634615384615384
0 0.4807692307692308 0.22235576923076922 0.019230769230769232 0.02403846153846154
0 0.5012019230769231 0.20552884615384615 0.019230769230769232 0.021634615384615384
0 0.5204326923076923 0.18990384615384615 0.016826923076923076 0.019230769230769232
0 0.5384615384615384 0.1778846153846154 0.019230769230769232 0.021634615384615384
0 0.5709134615384616 0.15625 0.021634615384615384 0.021634615384615384
2 0.7475961538461539 0.12860576923076922 0.05048076923076923 0.052884615384615384
0 0.7524038461538461 0.10336538461538461 0.019230769230769232 0.016826923076923076
0 0.8233173076923077 0.09975961538461539 0.019230769230769232 0.019230769230769232
0 0.7367788461538461 0.06129807692307692 0.016826923076923076 0.019230769230769232
0 0.7584134615384616 0.026442307692307692 0.016826923076923076 0.019230769230769232
0 0.7860576923076923 0.026442307692307692 0.021634615384615384 0.021634615384615384
0 0.2704326923076923 0.2512019230769231 0.016826923076923076 0.02403846153846154
0 0.3112980769230769 0.17668269230769232 0.009615384615384616 0.02403846153846154
0 0.28725961538461536 0.12259615384615384 0.014423076923076924 0.02403846153846154
0 0.2800480769230769 0.10096153846153846 0.01201923076923077 0.028846153846153848
0 0.27283653846153844 0.08173076923076923 0.01201923076923077 0.02403846153846154
0 0.20552884615384615 0.09735576923076923 0.016826923076923076 0.026442307692307692
3 0.26322115384615385 0.07091346153846154 0.021634615384615384 0.038461538461538464
0 0.2536057692307692 0.037259615384615384 0.016826923076923076 0.021634615384615384
0 0.24879807692307693 0.021634615384615384 0.014423076923076924 0.021634615384615384
0 0.2403846153846154 0.014423076923076924 0.02403846153846154 0.028846153846153848
0 0.20793269230769232 0.01201923076923077 0.016826923076923076 0.02403846153846154
0 0.1622596153846154 0.12379807692307693 0.014423076923076924 0.026442307692307692
0 0.15504807692307693 0.11057692307692307 0.014423076923076924 0.026442307692307692
0 0.11778846153846154 0.014423076923076924 0.014423076923076924 0.028846153846153848
0 0.12379807692307693 0.03245192307692308 0.014423076923076924 0.026442307692307692
0 0.13221153846153846 0.04567307692307692 0.014423076923076924 0.03125
0 0.890625 0.9555288461538461 0.01201923076923077 0.026442307692307692
0 0.8882211538461539 0.9855769230769231 0.01201923076923077 0.028846153846153848
0 0.9134615384615384 0.9747596153846154 0.014423076923076924 0.026442307692307692
0 0.9194711538461539 0.9939903846153846 0.021634615384615384 0.01201923076923077
0 0.921875 0.9399038461538461 0.019230769230769232 0.021634615384615384
3 0.6334134615384616 0.015625 0.028846153846153848 0.021634615384615384
0 0.4891826923076923 0.5817307692307693 0.016826923076923076 0.028846153846153848
0 0.5216346153846154 0.6490384615384616 0.019230769230769232 0.03365384615384615
0 0.5336538461538461 0.6766826923076923 0.019230769230769232 0.028846153846153848
0 0.5528846153846154 0.7127403846153846 0.019230769230769232 0.028846153846153848