0 0.38100961538461536 0.9050480769230769 0.01201923076923077 0.028846153846153848
0 0.40024038461538464 0.9086538461538461 0.009615384615384616 0.026442307692307692
0 0.41466346153846156 0.8701923076923077 0.01201923076923077 0.026442307692307692
0 0.4110576923076923 0.765625 0.009615384615384616 0.019230769230769232
0 0.40024038461538464 0.7415865384615384 0.009615384615384616 0.019230769230769232
0 0.48677884615384615 0.7620192307692307 0.01201923076923077 0.02403846153846154
0 0.49399038461538464 0.8161057692307693 0.01201923076923077 0.02403846153846154
0 0.5084134615384616 0.9266826923076923 0.01201923076923077 0.03365384615384615
0 0.5120192307692307 0.9627403846153846 0.01201923076923077 0.028846153846153848
0 0.46033653846153844 0.8004807692307693 0.016826923076923076 0.014423076923076924
0 0.46153846153846156 0.8137019230769231 0.019230769230769232 0.014423076923076924
0 0.46274038461538464 0.8305288461538461 0.016826923076923076 0.016826923076923076
0 0.4639423076923077 0.84375 0.019230769230769232 0.016826923076923076
0 0.4639423076923077 0.8557692307692307 0.019230769230769232 0.014423076923076924
0 0.46634615384615385 0.8665865384615384 0.019230769230769232 0.014423076923076924
0 0.4675480769230769 0.8774038461538461 0.021634615384615384 0.016826923076923076
0 0.46875 0.8918269230769231 0.021634615384615384 0.016826923076923076
0 0.4675480769230769 0.9026442307692307 0.021634615384615384 0.016826923076923076
0 0.4699519230769231 0.9158653846153846 0.02403846153846154 0.021634615384615384
0 0.4723557692307692 0.9411057692307693 0.02403846153846154 0.016826923076923076
0 0.4735576923076923 0.953125 0.021634615384615384 0.019230769230769232
3 0.4963942307692308 0.8461538461538461 0.01201923076923077 0.03125
0 0.47596153846153844 0.9795673076923077 0.021634615384615384 0.019230769230769232
0 0.47475961538461536 0.9675480769230769 0.021634615384615384 0.016826923076923076
0 0.3545673076923077 0.7680288461538461 0.016826923076923076 0.019230769230769232
0 0.35697115384615385 0.7548076923076923 0.019230769230769232 0.019230769230769232
0 0.3557692307692308 0.7451923076923077 0.016826923076923076 0.016826923076923076
0 0.3557692307692308 0.7355769230769231 0.016826923076923076 0.016826923076923076
0 0.3581730769230769 0.7199519230769231 0.016826923076923076 0.016826923076923076
3 0.484375 0.7379807692307693 0.009615384615384616 0.02403846153846154
0 0.48197115384615385 0.71875 0.009615384615384616 0.019230769230769232
0 0.4795673076923077 0.7007211538461539 0.007211538461538462 0.014423076923076924
0 0.47716346153846156 0.6826923076923077 0.009615384615384616 0.019230769230769232
0 0.47475961538461536 0.6658653846153846 0.009615384615384616 0.019230769230769232
0 0.47115384615384615 0.6358173076923077 0.007211538461538462 0.016826923076923076
0 0.46875 0.6225961538461539 0.007211538461538462 0.016826923076923076
0 0.46634615384615385 0.6045673076923077 0.007211538461538462 0.014423076923076924
0 0.39783653846153844 0.6165865384615384 0.007211538461538462 0.014423076923076924
0 0.4098557692307692 0.6935096153846154 0.007211538461538462 0.016826923076923076
0 0.3786057692307692 0.640625 0.007211538461538462 0.016826923076923076
3 0.40865384615384615 0.5853365384615384 0.007211538461538462 0.016826923076923076
0 0.38822115384615385 0.5492788461538461 0.004807692307692308 0.014423076923076924
0 0.4050480769230769 0.5240384615384616 0.007211538461538462 0.01201923076923077
0 0.39663461538461536 0.49038461538461536 0.004807692307692308 0.009615384615384616
0 0.39903846153846156 0.5132211538461539 0.004807692307692308 0.01201923076923077
0 0.4651442307692308 0.5925480769230769 0.007211538461538462 0.01201923076923077
0 0.4639423076923077 0.578125 0.007211538461538462 0.014423076923076924
0 0.44350961538461536 0.5432692307692307 0.007211538461538462 0.014423076923076924
0 0.4639423076923077 0.5360576923076923 0.01201923076923077 0.01201923076923077
0 0.4639423076923077 0.53125 0.01201923076923077 0.009615384615384616
0 0.44471153846153844 0.5240384615384616 0.007211538461538462 0.01201923076923077
0 0.44350961538461536 0.5144230769230769 0.004807692307692308 0.009615384615384616
0 0.4423076923076923 0.5048076923076923 0.007211538461538462 0.01201923076923077
0 0.4411057692307692 0.484375 0.004807692307692308 0.01201923076923077
0 0.3954326923076923 0.4110576923076923 0.004807692307692308 0.009615384615384616
0 0.39663461538461536 0.43509615384615385 0.007211538461538462 0.009615384615384616
0 0.5925480769230769 0.6454326923076923 0.01201923076923077 0.014423076923076924
0 0.6069711538461539 0.6418269230769231 0.009615384615384616 0.016826923076923076
0 0.6141826923076923 0.6382211538461539 0.009615384615384616 0.016826923076923076
0 0.6069711538461539 0.6286057692307693 0.007211538461538462 0.016826923076923076
0 0.5997596153846154 0.6286057692307693 0.007211538461538462 0.016826923076923076
0 0.5889423076923077 0.6370192307692307 0.014423076923076924 0.01201923076923077
0 0.5877403846153846 0.6310096153846154 0.014423076923076924 0.01201923076923077
0 0.5997596153846154 0.6105769230769231 0.009615384615384616 0.014423076923076924
0 0.5865384615384616 0.6189903846153846 0.014423076923076924 0.014423076923076924