0 0.02929849004135366 0.601729365976684 0.048884821032569956 0.024704924689972253
0 0.16000245847132258 0.621049896270378 0.04888482103256999 0.024704924689972253
0 0.24757805318141585 0.5994368506293444 0.04415181840173403 0.023568477179483162
0 0.25225014262983725 0.5731111489696704 0.04594183155591365 0.02759312634964619
0 0.38832487954624484 0.6618920742843425 0.046624371018452584 0.03931187634964619
0 0.7140822846949773 0.5657330049975994 0.04893032366340577 0.025486174689972253
0 0.7000953794050705 0.5364240132959692 0.046814086817585476 0.029214825934727705
0 0.7814363846667423 0.5410182701444464 0.04364358418674961 0.028196777594401645
0 0.8454078794050706 0.5474351361211304 0.04989358418674961 0.028670374275053766
0 0.7769463057416646 0.5642189718041204 0.04406081314006229 0.02200597717948316
0 0.8363213057416645 0.5687181402703152 0.045941831555913734 0.02759312634964619
0 0.8894463057416646 0.5727437120558581 0.04254381577089816 0.02266882800932013
0 0.8878992162932432 0.5993062120558581 0.044933068401734035 0.023627676764564676
0 0.9440582110315713 0.605131082181727 0.0449785710325699 0.024408926764564676
0 0.9392642952183209 0.5796574855010749 0.047640839448421346 0.030055275519809223
0 0.9251863846667423 0.5519109937994446 0.044933068401734035 0.023627676764564676