0 0.16947115384615385 0.625 0.04326923076923077 0.06129807692307692
2 0.12980769230769232 0.6899038461538461 0.1201923076923077 0.08653846153846154
0 0.02403846153846154 0.7391826923076923 0.04567307692307692 0.05048076923076923
0 0.2091346153846154 0.6490384615384616 0.040865384615384616 0.04567307692307692
0 0.25961538461538464 0.625 0.04927884615384615 0.04447115384615385
0 0.22596153846153846 0.5901442307692307 0.042067307692307696 0.04927884615384615
0 0.28966346153846156 0.5600961538461539 0.046875 0.046875
0 0.5048076923076923 0.7055288461538461 0.027644230769230768 0.07091346153846154
0 0.5853365384615384 0.6658653846153846 0.027644230769230768 0.0733173076923077
0 0.5528846153846154 0.8100961538461539 0.019230769230769232 0.078125
0 0.5276442307692307 0.859375 0.019230769230769232 0.0733173076923077
0 0.8641826923076923 0.45072115384615385 0.04326923076923077 0.038461538461538464
0 0.7872596153846154 0.4411057692307692 0.046875 0.038461538461538464
0 0.7908653846153846 0.4891826923076923 0.040865384615384616 0.037259615384615384
0 0.32211538461538464 0.6586538461538461 0.040865384615384616 0.039663461538461536