0 0.2609375 0.5046875 0.0515625 0.01875
0 0.4625 0.446875 0.0328125 0.0328125
0 0.06875 0.490625 0.034375 0.0125
0 0.1703125 0.4890625 0.0296875 0.0125
0 0.215625 0.49375 0.0328125 0.0140625
0 0.134375 0.4171875 0.0296875 0.0125
0 0.309375 0.4046875 0.028125 0.0125
0 0.4890625 0.3765625 0.025 0.0125
0 0.75 0.3671875 0.028125 0.0125
0 0.703125 0.3828125 0.03125 0.0140625
0 0.6625 0.3828125 0.028125 0.0125
0 0.609375 0.3828125 0.0265625 0.0125
0 0.56875 0.3828125 0.028125 0.0109375
0 0.56875 0.396875 0.03125 0.0125
0 0.65625 0.4859375 0.0296875 0.0125
0 0.74375 0.4609375 0.028125 0.0125
0 0.9 0.453125 0.0296875 0.0140625
0 0.853125 0.459375 0.028125 0.0125
0 0.3140625 0.4875 0.028125 0.0125
0 0.3671875 0.4859375 0.03125 0.0125
0 0.4 0.5140625 0.0296875 0.01875
0 0.4484375 0.5703125 0.0203125 0.0296875
0 0.50625 0.53125 0.0140625 0.028125
0 0.459375 0.6640625 0.015625 0.034375
0 0.121875 0.4890625 0.0390625 0.015625