0 0.2558261703621936 0.5341399583610181 0.04431830133278351 0.022334877390180984
0 0.258178280549608 0.5605021992617194 0.04525867570596294 0.02785369216500566
0 0.26526335484364505 0.5850015515134729 0.043605247492717505 0.024628562615356307
0 0.7375140910535916 0.4346501866186765 0.048360943652651575 0.02727270126430419
0 0.7984970551602142 0.429182634182353 0.043537051332783606 0.022284812615356486
0 0.8609970551602142 0.42517745219638015 0.047466033386094966 0.023316386489479514
0 0.9391220551602142 0.42017097471391407 0.046062657759274116 0.028685006939830338
0 0.9540196294542514 0.4441696792174209 0.045948997492717324 0.024778756939830338
0 0.9032922037482883 0.47237382480619916 0.04440922954602868 0.025459877390181164
0 0.7947355576674967 0.45125789328165167 0.044295569279472244 0.021553627390180984
0 0.738303701241006 0.4611125570690272 0.0451677474927175 0.024728692165005662
0 0.850940093560874 0.4492157294942761 0.04525867570596276 0.027853692165005484
0 0.9040650935608741 0.4458113248061991 0.041929087226160885 0.020622183065707133