0 0.3858546510210409 0.6685468173671449 0.01843069128671173 0.016706258928453722
0 0.3915126551702257 0.6764684115229462 0.01764944128671182 0.016692622158978664
0 0.3954897601492476 0.6859252321397973 0.014287642946385671 0.01351307508107773
0 0.40114776429843246 0.6938468262955986 0.01909354211654879 0.015157395697928778
0 0.4066873692774543 0.7033309204514 0.020833640871793336 0.017528419236879245
0 0.41234537342663924 0.7112525146072013 0.01987479211654879 0.01517103246740419
0 0.41788497840566113 0.7207366087630026 0.01663139294638576 0.013553985389503254
0 0.426786381725009 0.7271502499967047 0.01530569128671182 0.01665171185055314
0 0.5506974784056611 0.7230548595737816 0.01788623962703788 0.019817622158978664
0 0.6306432423031082 0.8449219512939511 0.017045790041956367 0.019022735389503255
0 0.6136692298555536 0.8211571688265469 0.018726689212119396 0.020612508928453722
0 0.34312546720750625 0.509779743503883 0.015246491701630217 0.01587046185055314
0 0.46171229169234146 0.36947411769145644 0.020052390871793335 0.01751478246740401
0 0.45141525434967755 0.298888882301953 0.02167409045687485 0.01832330600635439
0 0.47267494771098173 0.2867434383083074 0.02167409045687485 0.018323306006354477
0 0.4923721410722859 0.2745707207757115 0.016572193361304242 0.012772735389503432
0 0.5101516369231011 0.26705822970416526 0.020052390871793335 0.0175147824674041
0 0.5427040277948944 0.2504162004831721 0.024077040041956366 0.01914546631478
0 0.7194567045594591 0.2096935633066598 0.019815592531467273 0.0143897824674041
0 0.790124402069948 0.20623337255942512 0.01921194128671182 0.016719895697928956
0 0.7061996879627195 0.17817082791715638 0.01663139294638576 0.013553985389503387
0 0.7284065746853278 0.1535253839235108 0.018253092531467275 0.014362508928453721
0 0.7550874738554908 0.1524265340856666 0.02077444128671182 0.016747169236879245
0 0.24471496845690616 0.3218785486994585 0.01608694128671173 0.0166653486200282
0 0.28792143941261195 0.26787288717321694 0.009777741701630305 0.01577500446422686
0 0.26431891866668755 0.22834673701106117 0.014583640871793247 0.017419325081077908
0 0.25769041036831786 0.2125853693163095 0.014938838382282249 0.02210682508107791
0 0.250943502899785 0.1983865016215578 0.013080340456874761 0.01817330154212753
0 0.18437130953848085 0.2097410129856435 0.01710498962703779 0.019803985389503433
0 0.2422788979207632 0.18884786038785575 0.023343334233097403 0.030055692775829625
0 0.23311738547320854 0.16521944561520335 0.017708640871793246 0.017473872158978575
0 0.2292586796643497 0.15420012499835237 0.014465241701630216 0.015856825081077906
0 0.22047567551516484 0.14622398376465032 0.02779403589277134 0.02701251339268058
0 0.1891072763450018 0.14724101298564352 0.015424090456874762 0.018214211850553053
0 0.1422071203263615 0.22934440097293468 0.014702040041956277 0.01898182508107791
0 0.13510501534733965 0.219833033278183 0.017045790041956277 0.019022735389503432
0 0.10293297800467575 0.14886596834337482 0.013979989627037791 0.019749438311602717
0 0.10655488547320853 0.16301028896022585 0.014583640871793247 0.017419325081077908
0 0.11365699045223039 0.17252165665497754 0.014157588382282338 0.02209318831160272
0 0.8380772340047384 0.8328970584353957 0.01139944128671182 0.01658352800317715
0 0.8363012464522932 0.8563345584353957 0.012476689212119396 0.020503414772652207
0 0.8603307423031084 0.848931161519651 0.017104989627037527 0.019803985389503252
0 0.866959250601478 0.8646925292144025 0.020596842531467274 0.014403419236879244
0 0.8701560281958797 0.8225050292144026 0.01897514294638576 0.013594895697929132
0 0.8739429564103368 0.8757663969091543 0.016998245850815153 0.00809887215897831
0 0.8360877588998477 0.8797993319743462 0.019507939212119397 0.020626145697929133
0 0.8779200613893586 0.8852232175260053 0.019460395020978183 0.009702282467404188
0 0.60544267136598 0.14512077434643395 0.030445439212119396 0.020817060470581294
0 0.4532807945921265 0.5633332118472578 0.017045790041956367 0.019022735389503432
0 0.48242292031707273 0.6123434561652149 0.023887785892771518 0.02694432954530477
0 0.4949462311049535 0.6329014180157679 0.018667489627037882 0.01983125892845372
0 0.511801844382345 0.6582287004831721 0.021129638797200912 0.021434669236879245