2 0.4098557692307692 0.27283653846153844 0.17548076923076922 0.11057692307692307
2 0.5697115384615384 0.5889423076923077 0.04807692307692308 0.18990384615384615
0 0.4675480769230769 0.9447115384615384 0.028846153846153848 0.08173076923076923
0 0.054086538461538464 0.4519230769230769 0.05048076923076923 0.036057692307692304
0 0.09134615384615384 0.37740384615384615 0.04807692307692308 0.038461538461538464
0 0.5336538461538461 0.33052884615384615 0.040865384615384616 0.07932692307692307
0 0.5889423076923077 0.38221153846153844 0.028846153846153848 0.07932692307692307
0 0.6706730769230769 0.3112980769230769 0.04567307692307692 0.07451923076923077
0 0.6298076923076923 0.14543269230769232 0.03125 0.07932692307692307
0 0.9038461538461539 0.546875 0.04807692307692308 0.036057692307692304
0 0.8317307692307693 0.3954326923076923 0.04567307692307692 0.036057692307692304
0 0.8185096153846154 0.53125 0.04326923076923077 0.038461538461538464
0 0.75 0.5204326923076923 0.04326923076923077 0.036057692307692304
0 0.6346153846153846 0.578125 0.038461538461538464 0.04326923076923077
3 0.7560096153846154 0.5600961538461539 0.04326923076923077 0.038461538461538464