2 0.5709134615384616 0.5168269230769231 0.05048076923076923 0.20432692307692307
2 0.35697115384615385 0.2620192307692308 0.18990384615384615 0.08653846153846154
0 0.5673076923076923 0.19230769230769232 0.040865384615384616 0.09375
0 0.6009615384615384 0.2800480769230769 0.03365384615384615 0.0889423076923077
0 0.6610576923076923 0.19951923076923078 0.038461538461538464 0.0889423076923077
0 0.5276442307692307 0.03245192307692308 0.03125 0.06490384615384616
0 0.4567307692307692 0.9675480769230769 0.028846153846153848 0.06009615384615385
0 0.6358173076923077 0.578125 0.04326923076923077 0.052884615384615384
0 0.765625 0.5168269230769231 0.04807692307692308 0.040865384615384616
0 0.78125 0.36778846153846156 0.05048076923076923 0.040865384615384616
0 0.8473557692307693 0.5300480769230769 0.04567307692307692 0.038461538461538464
0 0.9555288461538461 0.5492788461538461 0.05048076923076923 0.040865384615384616
0 0.12379807692307693 0.4495192307692308 0.052884615384615384 0.040865384615384616
3 0.7944711538461539 0.5637019230769231 0.05048076923076923 0.040865384615384616