2 0.3449519230769231 0.5841346153846154 0.11778846153846154 0.0625
3 0.45072115384615385 0.7199519230769231 0.036057692307692304 0.11538461538461539
0 0.5877403846153846 0.6706730769230769 0.03365384615384615 0.07932692307692307
0 0.42788461538461536 0.48677884615384615 0.04326923076923077 0.03365384615384615
3 0.25961538461538464 0.35216346153846156 0.07692307692307693 0.04567307692307692
0 0.18990384615384615 0.41346153846153844 0.05048076923076923 0.03365384615384615
0 0.46634615384615385 0.4026442307692308 0.040865384615384616 0.036057692307692304
0 0.5721153846153846 0.39903846153846156 0.040865384615384616 0.036057692307692304
0 0.15625 0.5084134615384616 0.04807692307692308 0.038461538461538464
0 0.11538461538461539 0.3125 0.04567307692307692 0.036057692307692304
0 0.020432692307692308 0.375 0.036057692307692304 0.03125
3 0.6466346153846154 0.22956730769230768 0.036057692307692304 0.10576923076923077
0 0.7487980769230769 0.3798076923076923 0.040865384615384616 0.03365384615384615
0 0.6574519230769231 0.3581730769230769 0.04326923076923077 0.036057692307692304
0 0.7620192307692307 0.44591346153846156 0.04567307692307692 0.03365384615384615
3 0.8245192307692307 0.4483173076923077 0.052884615384615384 0.036057692307692304
0 0.8485576923076923 0.49759615384615385 0.04567307692307692 0.03125
0 0.6394230769230769 0.49038461538461536 0.04326923076923077 0.036057692307692304
0 0.8545673076923077 0.39783653846153844 0.040865384615384616 0.03365384615384615
3 0.9903846153846154 0.40384615384615385 0.019230769230769232 0.038461538461538464
2 0.9411057692307693 0.34134615384615385 0.11778846153846154 0.04807692307692308
0 0.5132211538461539 0.9495192307692307 0.021634615384615384 0.07451923076923077