2 0.90625 0.3401442307692308 0.16826923076923078 0.06971153846153846
0 0.8473557692307693 0.4074519230769231 0.04807692307692308 0.040865384615384616
0 0.7860576923076923 0.4074519230769231 0.04807692307692308 0.040865384615384616
0 0.7848557692307693 0.3473557692307692 0.05048076923076923 0.04567307692307692
0 0.5432692307692307 0.6009615384615384 0.026442307692307692 0.08413461538461539
0 0.5144230769230769 0.32211538461538464 0.036057692307692304 0.09134615384615384
0 0.5252403846153846 0.7331730769230769 0.028846153846153848 0.08653846153846154
0 0.40865384615384615 0.6213942307692307 0.04567307692307692 0.057692307692307696
0 0.4987980769230769 0.0889423076923077 0.038461538461538464 0.08653846153846154
3 0.21394230769230768 0.40625 0.06009615384615385 0.05048076923076923
0 0.26802884615384615 0.5865384615384616 0.04807692307692308 0.04567307692307692
0 0.265625 0.5456730769230769 0.04807692307692308 0.040865384615384616
0 0.1971153846153846 0.5552884615384616 0.04807692307692308 0.038461538461538464
0 0.20192307692307693 0.6009615384615384 0.04807692307692308 0.036057692307692304
0 0.12259615384615384 0.5709134615384616 0.052884615384615384 0.040865384615384616
0 0.25 0.49759615384615385 0.04807692307692308 0.040865384615384616
0 0.06009615384615385 0.5673076923076923 0.05048076923076923 0.04326923076923077
0 0.3545673076923077 0.04326923076923077 0.028846153846153848 0.06490384615384616