2 0.5060096153846154 0.7295673076923077 0.09375 0.18990384615384615
2 0.8377403846153846 0.6514423076923077 0.12259615384615384 0.06009615384615385
0 0.5600961538461539 0.5228365384615384 0.04326923076923077 0.038461538461538464
0 0.6814903846153846 0.5793269230769231 0.04807692307692308 0.040865384615384616
0 0.40024038461538464 0.36778846153846156 0.038461538461538464 0.07692307692307693
0 0.17908653846153846 0.5372596153846154 0.04807692307692308 0.038461538461538464
0 0.7560096153846154 0.5084134615384616 0.040865384615384616 0.03365384615384615
0 0.8341346153846154 0.5540865384615384 0.04326923076923077 0.03125
0 0.5889423076923077 0.6802884615384616 0.04326923076923077 0.06490384615384616
0 0.46875 0.040865384615384616 0.028846153846153848 0.07932692307692307
0 0.25721153846153844 0.7295673076923077 0.04807692307692308 0.036057692307692304