0 0.12980769230769232 0.20432692307692307 0.019230769230769232 0.03365384615384615
0 0.12620192307692307 0.22115384615384615 0.016826923076923076 0.028846153846153848
0 0.0733173076923077 0.2548076923076923 0.016826923076923076 0.03365384615384615
0 0.039663461538461536 0.27524038461538464 0.019230769230769232 0.028846153846153848
0 0.030048076923076924 0.2800480769230769 0.016826923076923076 0.028846153846153848
0 0.02403846153846154 0.28725961538461536 0.016826923076923076 0.03125
0 0.051682692307692304 0.20072115384615385 0.016826923076923076 0.016826923076923076
0 0.04447115384615385 0.18870192307692307 0.021634615384615384 0.019230769230769232
0 0.037259615384615384 0.17307692307692307 0.021634615384615384 0.021634615384615384
0 0.003605769230769231 0.19471153846153846 0.007211538461538462 0.019230769230769232
0 0.002403846153846154 0.234375 0.004807692307692308 0.021634615384615384
0 0.002403846153846154 0.30288461538461536 0.004807692307692308 0.028846153846153848
0 0.028846153846153848 0.1045673076923077 0.021634615384615384 0.019230769230769232
3 0.03365384615384615 0.11899038461538461 0.026442307692307692 0.02403846153846154
0 0.025240384615384616 0.14543269230769232 0.019230769230769232 0.019230769230769232
0 0.05048076923076923 0.14543269230769232 0.021634615384615384 0.019230769230769232
0 0.04807692307692308 0.037259615384615384 0.019230769230769232 0.016826923076923076