0 0.2109375 0.54375 0.0390625 0.0203125
0 0.265625 0.546875 0.040625 0.01875
0 0.2640625 0.575 0.0421875 0.0171875
0 0.4734375 0.3875 0.0171875 0.040625
0 0.534375 0.4640625 0.021875 0.0453125
0 0.6 0.4265625 0.03125 0.0296875
0 0.521875 0.628125 0.021875 0.04375
0 0.509375 0.3265625 0.0171875 0.0375
0 0.51875 0.2375 0.0203125 0.0359375
0 0.63125 0.653125 0.0234375 0.0375
0 0.9125 0.565625 0.0515625 0.0203125
0 0.7546875 0.475 0.040625 0.01875
0 0.753125 0.496875 0.040625 0.01875
0 0.7640625 0.521875 0.0421875 0.01875
0 0.8171875 0.49375 0.0390625 0.01875
0 0.8140625 0.471875 0.0421875 0.0171875
0 0.8859375 0.490625 0.0421875 0.01875
0 0.9421875 0.49375 0.0421875 0.01875