0 0.8918269230769231 0.3293269230769231 0.04326923076923077 0.0673076923076923
0 0.9699519230769231 0.5 0.05048076923076923 0.03365384615384615
0 0.9639423076923077 0.5637019230769231 0.04807692307692308 0.05048076923076923
0 0.8653846153846154 0.5492788461538461 0.04567307692307692 0.036057692307692304
0 0.8449519230769231 0.4362980769230769 0.04567307692307692 0.038461538461538464
0 0.8485576923076923 0.49399038461538464 0.05048076923076923 0.038461538461538464
0 0.7512019230769231 0.5588942307692307 0.04567307692307692 0.040865384615384616
0 0.7908653846153846 0.6502403846153846 0.05048076923076923 0.04326923076923077
0 0.5985576923076923 0.546875 0.04807692307692308 0.040865384615384616
0 0.6862980769230769 0.5252403846153846 0.04807692307692308 0.04326923076923077
0 0.5360576923076923 0.5060096153846154 0.04326923076923077 0.036057692307692304
0 0.5216346153846154 0.5637019230769231 0.04567307692307692 0.040865384615384616
0 0.5216346153846154 0.6177884615384616 0.04567307692307692 0.038461538461538464
0 0.44471153846153844 0.5420673076923077 0.04326923076923077 0.040865384615384616
0 0.4411057692307692 0.5901442307692307 0.04326923076923077 0.04326923076923077
0 0.3173076923076923 0.6346153846153846 0.04567307692307692 0.04326923076923077
0 0.03245192307692308 0.7415865384615384 0.04326923076923077 0.04807692307692308
0 0.6346153846153846 0.5913461538461539 0.0673076923076923 0.052884615384615384
3 0.6538461538461539 0.4807692307692308 0.06971153846153846 0.04567307692307692
3 0.3605769230769231 0.5625 0.05048076923076923 0.05048076923076923
3 0.2824519230769231 0.5889423076923077 0.07211538461538461 0.052884615384615384
0 0.9891826923076923 0.9615384615384616 0.021634615384615384 0.02403846153846154
0 0.9627403846153846 0.9555288461538461 0.026442307692307692 0.04326923076923077