0 0.27791800526455723 0.5015625 0.0493914668225127 0.0296875
0 0.36853391490547766 0.5 0.0509630571815924 0.03125
0 0.4359304931643089 0.5359375 0.028288626463433175 0.028125
0 0.448903191836449 0.6171875 0.02051703307929138 0.03515625
0 0.49729524004105097 0.609375 0.01893180718159222 0.03125
0 0.4959872700952802 0.653125 0.01973578307929138 0.03515625
0 0.5026372458947834 0.721875 0.01818691861791084 0.0375
0 0.4481679145126942 0.759375 0.015861349336070064 0.040625
0 0.22325777634179614 0.50625 0.034461358411256346 0.01484375
0 0.16388277634179613 0.50625 0.03213124394987581 0.0171875
0 0.06391913777811462 0.5125 0.03839487948849522 0.01953125
0 0.7746293788011241 0.4734375 0.03215396984757479 0.02109375
0 0.9104759752103281 0.4578125 0.03368010841125653 0.01484375
0 0.5804248608471433 0.3953125 0.03448408430895533 0.01875