0 0.2956730769230769 0.8004807692307693 0.037259615384615384 0.028846153846153848
0 0.4362980769230769 0.8016826923076923 0.037259615384615384 0.037259615384615384
0 0.1502403846153846 0.9387019230769231 0.03485576923076923 0.026442307692307692
0 0.3016826923076923 0.9423076923076923 0.039663461538461536 0.036057692307692304
0 0.359375 0.9447115384615384 0.04447115384615385 0.037259615384615384
0 0.3173076923076923 0.8990384615384616 0.036057692307692304 0.036057692307692304
0 0.3641826923076923 0.9026442307692307 0.03245192307692308 0.03125
0 0.8016826923076923 0.7992788461538461 0.039663461538461536 0.03125
0 0.6045673076923077 0.5168269230769231 0.015625 0.04807692307692308
0 0.6298076923076923 0.27884615384615385 0.018028846153846152 0.05048076923076923
0 0.5829326923076923 0.45552884615384615 0.016826923076923076 0.05889423076923077
0 0.5564903846153846 0.4579326923076923 0.014423076923076924 0.04807692307692308
0 0.5348557692307693 0.4723557692307692 0.015625 0.056490384615384616
0 0.5384615384615384 0.4074519230769231 0.016826923076923076 0.052884615384615384
0 0.5637019230769231 0.3870192307692308 0.018028846153846152 0.056490384615384616
0 0.5865384615384616 0.3737980769230769 0.014423076923076924 0.051682692307692304
0 0.5877403846153846 0.30528846153846156 0.016826923076923076 0.057692307692307696
0 0.5432692307692307 0.33653846153846156 0.016826923076923076 0.057692307692307696
0 0.5504807692307693 0.27163461538461536 0.016826923076923076 0.054086538461538464
0 0.5733173076923077 0.24639423076923078 0.016826923076923076 0.04567307692307692
0 0.5552884615384616 0.21153846153846154 0.015625 0.051682692307692304
0 0.5793269230769231 0.1875 0.014423076923076924 0.04326923076923077
0 0.5697115384615384 0.3016826923076923 0.014423076923076924 0.04927884615384615
0 0.5600961538461539 0.1466346153846154 0.015625 0.046875
0 0.5841346153846154 0.13701923076923078 0.018028846153846152 0.04567307692307692
0 0.5853365384615384 0.08533653846153846 0.016826923076923076 0.04807692307692308
0 0.5901442307692307 0.027644230769230768 0.014423076923076924 0.054086538461538464
3 0.5673076923076923 0.078125 0.021634615384615384 0.078125
3 0.5288461538461539 0.16105769230769232 0.028846153846153848 0.07572115384615384
2 0.7872596153846154 0.8413461538461539 0.09134615384615384 0.039663461538461536