0 0.4359375 0.6609375 0.015625 0.0140625
0 0.4421875 0.66875 0.015625 0.015625
0 0.446875 0.678125 0.0140625 0.0140625
0 0.453125 0.6859375 0.0171875 0.0140625
0 0.459375 0.6953125 0.0171875 0.0140625
0 0.465625 0.703125 0.0171875 0.0140625
0 0.471875 0.7125 0.015625 0.0140625
0 0.48125 0.71875 0.0140625 0.015625
0 0.6046875 0.7125 0.0140625 0.0171875
0 0.69375 0.8328125 0.015625 0.01875
0 0.675 0.809375 0.015625 0.01875
0 0.38125 0.503125 0.0140625 0.015625
0 0.4890625 0.3609375 0.0171875 0.0140625
0 0.4734375 0.290625 0.01875 0.015625
0 0.49375 0.278125 0.01875 0.015625
0 0.5125 0.265625 0.015625 0.0125
0 0.5296875 0.2578125 0.0171875 0.0140625
0 0.5609375 0.240625 0.0203125 0.015625
0 0.734375 0.196875 0.0171875 0.0125
0 0.8046875 0.1921875 0.0171875 0.0140625
0 0.71875 0.165625 0.015625 0.0125
0 0.7390625 0.140625 0.015625 0.0125
0 0.765625 0.1390625 0.01875 0.0140625
0 0.26875 0.3171875 0.0140625 0.015625
0 0.3078125 0.2625 0.0078125 0.015625
0 0.28125 0.2234375 0.0125 0.0171875
0 0.2734375 0.2078125 0.0109375 0.0203125
0 0.265625 0.19375 0.0109375 0.0171875
0 0.2 0.20625 0.0140625 0.01875
0 0.25625 0.184375 0.01875 0.028125
0 0.2453125 0.1609375 0.0140625 0.015625
0 0.240625 0.15 0.0140625 0.015625
0 0.23125 0.1421875 0.0234375 0.025
0 0.2 0.14375 0.0140625 0.0171875
0 0.159375 0.2265625 0.0125 0.01875
0 0.1515625 0.2171875 0.0140625 0.01875
0 0.1140625 0.146875 0.0125 0.0203125
0 0.11875 0.1609375 0.0125 0.0171875
0 0.1265625 0.1703125 0.0125 0.021875
0 0.9 0.8171875 0.009375 0.0171875
0 0.9 0.840625 0.009375 0.0203125
0 0.9234375 0.8328125 0.0140625 0.01875
0 0.93125 0.8484375 0.01875 0.0125
0 0.93125 0.80625 0.0171875 0.0140625
0 0.9390625 0.859375 0.0171875 0.0078125
0 0.9015625 0.8640625 0.015625 0.01875
0 0.94375 0.86875 0.01875 0.009375
0 0.615625 0.134375 0.028125 0.0171875
0 0.4953125 0.5546875 0.015625 0.01875
0 0.528125 0.603125 0.0171875 0.0234375
0 0.5421875 0.6234375 0.0171875 0.01875
0 0.5609375 0.6484375 0.0171875 0.01875