0 0.5264423076923077 0.5384615384615384 0.04807692307692308 0.04326923076923077
3 0.5432692307692307 0.6947115384615384 0.040865384615384616 0.040865384615384616
3 0.20192307692307693 0.4543269230769231 0.040865384615384616 0.03365384615384615
0 0.026442307692307692 0.47115384615384615 0.040865384615384616 0.03125
0 0.11658653846153846 0.47836538461538464 0.040865384615384616 0.03125
0 0.26802884615384615 0.4639423076923077 0.038461538461538464 0.03365384615384615
0 0.34615384615384615 0.4735576923076923 0.036057692307692304 0.028846153846153848
0 0.41225961538461536 0.4519230769230769 0.036057692307692304 0.04807692307692308
0 0.46274038461538464 0.34375 0.026442307692307692 0.06009615384615385
0 0.5084134615384616 0.3004807692307692 0.021634615384615384 0.057692307692307696
0 0.5336538461538461 0.0985576923076923 0.019230769230769232 0.06490384615384616
0 0.515625 0.22115384615384615 0.019230769230769232 0.0625
0 0.5024038461538461 0.13942307692307693 0.021634615384615384 0.0625
0 0.6141826923076923 0.5709134615384616 0.03365384615384615 0.03125
0 0.8978365384615384 0.6177884615384616 0.036057692307692304 0.03125
0 0.8557692307692307 0.6069711538461539 0.03125 0.026442307692307692
2 0.6887019230769231 0.6574519230769231 0.10576923076923077 0.05048076923076923