0 0.8629807692307693 0.171875 0.021634615384615384 0.036057692307692304
0 0.8713942307692307 0.18870192307692307 0.019230769230769232 0.03125
0 0.9314903846153846 0.21514423076923078 0.019230769230769232 0.036057692307692304
0 0.96875 0.23317307692307693 0.021634615384615384 0.03365384615384615
0 0.9747596153846154 0.234375 0.009615384615384616 0.028846153846153848
0 0.9447115384615384 0.15625 0.016826923076923076 0.016826923076923076
0 0.9495192307692307 0.140625 0.02403846153846154 0.019230769230769232
0 0.9543269230769231 0.12379807692307693 0.021634615384615384 0.021634615384615384
0 0.9519230769230769 0.05048076923076923 0.021634615384615384 0.021634615384615384
3 0.9495192307692307 0.0673076923076923 0.028846153846153848 0.026442307692307692
0 0.9591346153846154 0.09134615384615384 0.014423076923076924 0.019230769230769232
0 0.9375 0.09735576923076923 0.021634615384615384 0.021634615384615384