0 0.4300716845283502 0.4900888518787442 0.03314721091032524 0.03512128381817892
0 0.50006519119631 0.4608050161957541 0.02189084651623894 0.030386239627037882
0 0.5216534066485631 0.5237553020885256 0.028523483789142646 0.035547336307690004
0 0.4938793508889889 0.5751043145360801 0.026371052425594323 0.037713487552445454
0 0.5043388766427441 0.6780876045780365 0.026434825304411547 0.03849473755244546
0 0.5419986311846721 0.7752711805127642 0.02884234818322895 0.039453586307690004
0 0.26862425937371986 0.5611798340326047 0.03649548045516262 0.01907023132866801
0 0.48523715877459506 0.3920783269836349 0.019802188031508017 0.03333364087179334
0 0.5065697669597635 0.30408141951510215 0.024872325304411545 0.03837633838228234
0 0.5243955114997517 0.45164350374819956 0.02337359818322895 0.03903918921211939
0 0.5505753742268482 0.4583437896409709 0.023182279546777096 0.036695439212119395
0 0.3216217136160853 0.5667679058181476 0.040975686364518 0.026397479254075585
0 0.6923804948298523 0.5508417108064583 0.02933668469752817 0.01697493506293455
0 0.6987260896791012 0.5308844083169474 0.03415173045516262 0.01889263257342364
0 0.7393510896791012 0.533962786741186 0.03447059484924893 0.02279888257342364
0 0.7832286354367357 0.5357154635057506 0.034215503333979845 0.01967388257342364
0 0.8222911354367358 0.5386754427598263 0.03837684484924893 0.023094880498831218
0 0.6938473999806034 0.5713910091467843 0.034534367728066326 0.02358013257342364
0 0.7344723999806033 0.574469387571023 0.03552291181871077 0.01666728174358667
0 0.6936562102821054 0.6122528074871103 0.037595594849248924 0.023035680913749523
0 0.8160730863451213 0.5570702452493371 0.036559253333980024 0.019851481328668007
0 0.7721955405874869 0.5553175684847724 0.03552291181871077 0.016667281743586494
0 0.7346955405874869 0.5524759884008599 0.0340879575763454 0.01811138257342364
0 0.8585156778603903 0.5571420228437388 0.03831307197043188 0.02231363049883104
0 0.9086432236180251 0.5593682962889556 0.04092788893989337 0.016300428839157277
0 0.8740450830111414 0.5787569137155321 0.03362557197043188 0.021958432988341946
0 0.9179226287687762 0.5805095904800968 0.036431707576345215 0.01828898132866801