0 0.27283653846153844 0.5913461538461539 0.04326923076923077 0.03125
0 0.27524038461538464 0.6394230769230769 0.042067307692307696 0.03485576923076923
0 0.2824519230769231 0.6838942307692307 0.04326923076923077 0.03125
0 0.7512019230769231 0.46875 0.046875 0.037259615384615384
0 0.8112980769230769 0.4651442307692308 0.042067307692307696 0.03485576923076923
0 0.875 0.46634615384615385 0.04807692307692308 0.036057692307692304
0 0.953125 0.4651442307692308 0.04447115384615385 0.03365384615384615
0 0.96875 0.5096153846153846 0.04567307692307692 0.03485576923076923
0 0.9182692307692307 0.5552884615384616 0.04326923076923077 0.028846153846153848
2 0.8245192307692307 0.5552884615384616 0.11177884615384616 0.042067307692307696
0 0.8100961538461539 0.5060096153846154 0.042067307692307696 0.030048076923076924
0 0.7536057692307693 0.5168269230769231 0.04447115384615385 0.03485576923076923
0 0.8653846153846154 0.5096153846153846 0.042067307692307696 0.03365384615384615
0 0.9182692307692307 0.5072115384615384 0.040865384615384616 0.030048076923076924