0 0.5016416585174399 0.4710020469969258 0.03541728174358667 0.035520837748947896
0 0.5662243767738534 0.43897328619715276 0.021721634648016065 0.029588296279135663
0 0.5974044444102115 0.5008383691367773 0.027545582158505156 0.03446676923729371
0 0.5779925161957542 0.5531449136018145 0.02297648132866801 0.03586557813030104
0 0.6044384622563508 0.6553621780297847 0.02297648132866801 0.03586557813030104
0 0.6568549124661323 0.7506945253973795 0.029404080083912553 0.03842758293962447
0 0.35322931453608025 0.5484127404661712 0.03538139294638576 0.014481651451278665
0 0.5408207124568435 0.3710764580668516 0.02201763257342364 0.03349454627913566
0 0.548134459757551 0.2825050313878293 0.0230356809137497 0.03664682813030114
0 0.5888330825827123 0.4288542417321155 0.023935330083912555 0.03823660998146643
0 0.6157507800932013 0.43446932467174004 0.027782380498831215 0.0375917692372937
0 0.40647271370624327 0.5518304063454202 0.04083848755244528 0.024801592558271322
0 0.7703450369416786 0.5209028763931715 0.031049090456874852 0.01900546034428636
0 0.7734933477295594 0.5007540675001639 0.03417409045687485 0.0191145877489479
0 0.8141183477295593 0.5021727237607662 0.03333364087179334 0.018306055897782513
0 0.8577499485593962 0.5021380074260302 0.03405569128671182 0.017552087748947898
0 0.8968124485593962 0.5035020999843015 0.03718069128671182 0.01766121515360979
0 0.775009226153798 0.5413245037978331 0.034351689212119396 0.021458337748947898
0 0.8156342261537979 0.5427431600584354 0.03657704004195637 0.019977683302444225
0 0.7812126045780365 0.5820586312024949 0.038435537967363945 0.023938497004775173
0 0.8935457386013524 0.522088408877309 0.035381392946385405 0.014481651451278842
0 0.8499141377715155 0.5221231252120451 0.03549979211654843 0.016044151451278844
0 0.8124141377715155 0.5208135963561045 0.033096842531467274 0.015181055897782514
0 0.9354964402610264 0.5204366288402421 0.036340241701630305 0.016852683302444226
0 0.982461684912565 0.5206201673148294 0.03507663017486991 0.015453874409436708
0 0.9542231294731458 0.5413493295658816 0.03351123962703788 0.020649805897782515
0 0.9897979050372726 0.5413146132311455 0.02040418992545483 0.019196433302444228
0 0.0611135921304819 0.5802877007256394 0.03477774170163024 0.01679811960011346