2 0.38822115384615385 0.7019230769230769 0.13221153846153846 0.06370192307692307
3 0.5024038461538461 0.17908653846153846 0.020432692307692308 0.08052884615384616
0 0.22355769230769232 0.6033653846153846 0.04447115384615385 0.037259615384615384
0 0.2932692307692308 0.6033653846153846 0.046875 0.039663461538461536
0 0.2800480769230769 0.6526442307692307 0.04447115384615385 0.040865384615384616
0 0.2127403846153846 0.6478365384615384 0.042067307692307696 0.03485576923076923
0 0.7019230769230769 0.6490384615384616 0.04447115384615385 0.052884615384615384
0 0.4723557692307692 0.3545673076923077 0.021634615384615384 0.08173076923076923
0 0.4987980769230769 0.4423076923076923 0.020432692307692308 0.06850961538461539
0 0.5360576923076923 0.5060096153846154 0.020432692307692308 0.07211538461538461
0 0.5228365384615384 0.7175480769230769 0.019230769230769232 0.06610576923076923
0 0.6298076923076923 0.4375 0.046875 0.05048076923076923
0 0.6237980769230769 0.8665865384615384 0.025240384615384616 0.0733173076923077
0 0.5432692307692307 0.9651442307692307 0.02283653846153846 0.06971153846153846
0 0.8545673076923077 0.5841346153846154 0.040865384615384616 0.03485576923076923
0 0.7668269230769231 0.5432692307692307 0.039663461538461536 0.030048076923076924
0 0.7572115384615384 0.4963942307692308 0.04326923076923077 0.03485576923076923
0 0.8076923076923077 0.49158653846153844 0.038461538461538464 0.03125
0 0.8834134615384616 0.4855769230769231 0.04326923076923077 0.03485576923076923
0 0.9459134615384616 0.4807692307692308 0.04567307692307692 0.03485576923076923
0 0.9266826923076923 0.5276442307692307 0.04447115384615385 0.03365384615384615