2 0.5829326923076923 0.49038461538461536 0.03365384615384615 0.18990384615384615
2 0.35336538461538464 0.6971153846153846 0.17067307692307693 0.0673076923076923
0 0.5372596153846154 0.7872596153846154 0.03125 0.08413461538461539
0 0.5793269230769231 0.7115384615384616 0.026442307692307692 0.08173076923076923
0 0.625 0.7944711538461539 0.028846153846153848 0.08173076923076923
0 0.4807692307692308 0.9411057692307693 0.02403846153846154 0.07932692307692307
0 0.5360576923076923 0.051682692307692304 0.02403846153846154 0.07692307692307693
0 0.6490384615384616 0.44350961538461536 0.038461538461538464 0.04567307692307692
0 0.7608173076923077 0.5168269230769231 0.04326923076923077 0.03365384615384615
0 0.7560096153846154 0.6538461538461539 0.04326923076923077 0.036057692307692304
0 0.8377403846153846 0.5144230769230769 0.040865384615384616 0.03365384615384615
0 0.9387019230769231 0.5108173076923077 0.04567307692307692 0.03365384615384615
0 0.16466346153846154 0.4951923076923077 0.04567307692307692 0.03365384615384615
3 0.7932692307692307 0.47716346153846156 0.04326923076923077 0.036057692307692304