0 0.2640773027329216 0.594494978493266 0.04443204627913566 0.021568938998963994
0 0.2696923856725462 0.5681508023145836 0.04855655108845909 0.02800087551672874
0 0.20423107677953872 0.5604067688161376 0.04858383293962456 0.028782125516728742
0 0.14334814048186958 0.5560060591390091 0.04308780108845909 0.02774616439185813
0 0.052777704184200455 0.5502226319268695 0.05564236479078997 0.029890861248705037
0 0.20743048784946444 0.5136045434232435 0.05232639183263199 0.02427656203449331
0 0.3161160070867581 0.4936259913135476 0.043950896641955416 0.03012630169541115
0 0.5552330707890889 0.5031980062007438 0.02151290145127884 0.035321069892376045
0 0.5149354530030741 0.49193086641599154 0.021758438111767652 0.04235231989237605
0 0.4178620455613455 0.44828356616832254 0.036574906260602266 0.042262428659881834
0 0.4577082847615723 0.3828426567388631 0.028008438111767654 0.042643418320799674
0 0.48334818022240145 0.2760490012383451 0.024828874409436708 0.040935369106587946
0 0.14132928349562796 0.6138185591390092 0.04936508293962456 0.028818512820281583
0 0.6631695671608918 0.5943025033052598 0.042224705534962936 0.025366027088305286
0 0.7374800863981855 0.572722909839235 0.04303323738612832 0.02618366439185813
0 0.7133531056354793 0.5465585161255413 0.04068948738612832 0.026074502481199423
0 0.732921561170442 0.5239943114108115 0.03882688702330857 0.01740797787409356
0 0.7828669974681113 0.527885598838199 0.0454042692372937 0.027074076302517014
0 0.7759076693378102 0.5479070004097755 0.04448660998146643 0.023131438998964172
0 0.8321576693378102 0.5505268862655864 0.04610367368379755 0.024766713606069857
0 0.8884622330401409 0.5515842721213973 0.04437748257680489 0.020006438998963993