0 0.20306607725973067 0.5373142427818054 0.04246931066995439 0.02520067496187508
0 0.25927971459263977 0.5391300094993053 0.0439863573360908 0.021330792553055568
0 0.25579108792173083 0.5704527446816664 0.044022720003181706 0.024455792553055567
0 0.4978160506047301 0.4445396356398607 0.022384077339272324 0.04425914627652787
0 0.5008126865850038 0.589743032866319 0.028661349339590636 0.04674836664125
0 0.5267046666136388 0.3782600189986106 0.027089758672817866 0.04593074905006951
0 0.622852413271821 0.43850522834541616 0.03861760467059074 0.029797255983923597
0 0.4947252239020045 0.7101646356398608 0.029415327339272324 0.044422800436840326
0 0.7808456319223672 0.5535457340449993 0.05351589867122701 0.034830248100139016
0 0.7491421932686393 0.4589969534597911 0.04328692333704538 0.028343858757465413
0 0.7473251545990032 0.4809083210509716 0.041669879336408935 0.02361999116628475
0 0.8098433359325485 0.4778911174037493 0.042460220003181705 0.02441942496187508
0 0.8085717372692756 0.45292748499492985 0.04164260733609097 0.021276241166284748
0 0.8786478799331849 0.4716034433918049 0.043977266669318026 0.020549542553055744
0 0.756409253262276 0.5056901155038883 0.044813060669954295 0.025255226348645722
0 0.9348615172660939 0.4734192101093047 0.04562158267027243 0.027617160144236052
0 0.6224684158975502 0.739994993163055 0.02231135200509069 0.03800914627652787