0 0.019230769230769232 0.5048076923076923 0.03485576923076923 0.02403846153846154
0 0.13701923076923078 0.4963942307692308 0.036057692307692304 0.026442307692307692
0 0.33774038461538464 0.5216346153846154 0.03245192307692308 0.026442307692307692
0 0.35096153846153844 0.48677884615384615 0.03125 0.026442307692307692
0 0.4375 0.48197115384615385 0.03125 0.025240384615384616
0 0.5564903846153846 0.47596153846153844 0.03125 0.026442307692307692
0 0.5276442307692307 0.5384615384615384 0.02403846153846154 0.04447115384615385
0 0.4254807692307692 0.5925480769230769 0.02403846153846154 0.05048076923076923
0 0.4543269230769231 0.7355769230769231 0.016826923076923076 0.06370192307692307
0 0.4831730769230769 0.7295673076923077 0.016826923076923076 0.06009615384615385
0 0.48677884615384615 0.8209134615384616 0.015625 0.05889423076923077
0 0.49278846153846156 0.9579326923076923 0.015625 0.0625
0 0.9038461538461539 0.4206730769230769 0.028846153846153848 0.026442307692307692
0 0.84375 0.4266826923076923 0.030048076923076924 0.021634615384615384
0 0.7475961538461539 0.43149038461538464 0.03125 0.021634615384615384
0 0.6826923076923077 0.4362980769230769 0.03485576923076923 0.030048076923076924
2 0.5600961538461539 0.4026442307692308 0.0985576923076923 0.04326923076923077