0 0.45625 0.390625 0.0328125 0.059375
0 0.584375 0.41875 0.0296875 0.0421875
0 0.43125 0.5140625 0.040625 0.0171875
0 0.26875 0.584375 0.071875 0.0234375
0 0.20625 0.5515625 0.046875 0.0171875
0 0.465625 0.559375 0.0359375 0.01875
0 0.565625 0.5625 0.0375 0.0171875
0 0.175 0.5 0.0453125 0.0203125
0 0.1328125 0.603125 0.0421875 0.01875
0 0.040625 0.5703125 0.040625 0.015625
0 0.6328125 0.653125 0.0328125 0.05625
0 0.73125 0.575 0.0359375 0.0171875
0 0.6453125 0.584375 0.040625 0.0171875
0 0.7453125 0.5390625 0.040625 0.0171875
0 0.803125 0.5390625 0.05 0.01875
0 0.828125 0.5125 0.0421875 0.015625
0 0.6296875 0.515625 0.040625 0.0171875
0 0.83125 0.565625 0.0390625 0.0171875
0 0.975 0.5625 0.0453125 0.01875
0 0.5203125 0.2703125 0.01875 0.0390625