0 0.21155096110852387 0.48852221181534744 0.049240529333095126 0.02376546153100705
0 0.23330599278740755 0.5578904608654168 0.044951867080279054 0.018205792553055745
0 0.23613606184515806 0.5845620636389586 0.043662518689433404 0.02207567496187508
0 0.3207838494761265 0.47071907560680587 0.04906021287323466 0.032341027735416715
0 0.4655064875916274 0.5272989967689587 0.031129667700697715 0.043623366641250175
0 0.47177790294653665 0.39285126158659767 0.026933840597175518 0.05054551386770836
0 0.3598577851099529 0.6281328385245837 0.04655257190774211 0.02994272634864572
0 0.47104665738601204 0.6495013050895837 0.03530906930985189 0.04762053561920147
0 0.7178009611085239 0.5003053113578478 0.0503495612640803 0.028471145326597204
0 0.7189592695226127 0.528503046540209 0.04840464901126431 0.022966027735416717
0 0.7757555727409213 0.521999779822709 0.04266274740210996 0.01893249116628475
0 0.7788477217521856 0.5001611474138896 0.04627942029858776 0.0260364763486459
0 0.8429102217521856 0.5016522186522924 0.05034956126408048 0.02847114532659738
0 0.830224551453598 0.5263976455140285 0.04617015965492612 0.0244739763486459
0 0.8834588120972597 0.5260716436141675 0.04271737772394104 0.01971374116628475
0 0.88160138115501 0.5526341436141674 0.047006039976756855 0.025273410144236053
0 0.9210352217521856 0.5034705982113202 0.04956831126408048 0.02845296153100705
0 0.9333495514535979 0.5287979065319452 0.04695140965492613 0.024492160144236053