0 0.5228365384615384 0.5372596153846154 0.028846153846153848 0.07932692307692307
0 0.734375 0.47716346153846156 0.04567307692307692 0.040865384615384616
0 0.7524038461538461 0.5204326923076923 0.04326923076923077 0.036057692307692304
0 0.5588942307692307 0.7932692307692307 0.02403846153846154 0.06971153846153846
0 0.43149038461538464 0.6622596153846154 0.038461538461538464 0.07211538461538461
0 0.36899038461538464 0.5649038461538461 0.04807692307692308 0.06009615384615385
0 0.23918269230769232 0.5168269230769231 0.04567307692307692 0.040865384615384616
0 0.20192307692307693 0.3870192307692308 0.05048076923076923 0.040865384615384616
0 0.27163461538461536 0.3798076923076923 0.04807692307692308 0.036057692307692304
0 0.06129807692307692 0.3870192307692308 0.057692307692307696 0.04326923076923077
0 0.13822115384615385 0.38822115384615385 0.04567307692307692 0.038461538461538464
0 0.12980769230769232 0.47836538461538464 0.057692307692307696 0.04326923076923077
2 0.13701923076923078 0.3293269230769231 0.12740384615384615 0.057692307692307696
2 0.2692307692307692 0.33413461538461536 0.04567307692307692 0.036057692307692304
2 0.22956730769230768 0.2800480769230769 0.05048076923076923 0.040865384615384616
0 0.45913461538461536 0.8581730769230769 0.02403846153846154 0.07932692307692307
0 0.7608173076923077 0.4326923076923077 0.04807692307692308 0.036057692307692304
0 0.7992788461538461 0.48197115384615385 0.04807692307692308 0.03365384615384615
0 0.859375 0.48197115384615385 0.05048076923076923 0.040865384615384616
0 0.7475961538461539 0.3762019230769231 0.040865384615384616 0.036057692307692304
0 0.9194711538461539 0.4879807692307692 0.04567307692307692 0.036057692307692304
0 0.9831730769230769 0.48677884615384615 0.03365384615384615 0.036057692307692304