3 0.4050480769230769 0.19951923076923078 0.036057692307692304 0.04807692307692308
3 0.4254807692307692 0.013221153846153846 0.021634615384615384 0.019230769230769232
0 0.29927884615384615 0.026442307692307692 0.016826923076923076 0.03365384615384615
0 0.3016826923076923 0.11057692307692307 0.014423076923076924 0.040865384615384616
0 0.3233173076923077 0.15144230769230768 0.014423076923076924 0.036057692307692304
0 0.3269230769230769 0.2403846153846154 0.01201923076923077 0.026442307692307692
0 0.3137019230769231 0.2620192307692308 0.01201923076923077 0.026442307692307692
0 0.31009615384615385 0.21634615384615385 0.01201923076923077 0.028846153846153848
0 0.36177884615384615 0.3858173076923077 0.009615384615384616 0.02403846153846154
0 0.34615384615384615 0.3629807692307692 0.01201923076923077 0.02403846153846154
0 0.36177884615384615 0.3605769230769231 0.01201923076923077 0.02403846153846154
0 0.359375 0.6947115384615384 0.007211538461538462 0.01201923076923077
0 0.35216346153846156 0.7355769230769231 0.004807692307692308 0.01201923076923077
0 0.36899038461538464 0.7608173076923077 0.004807692307692308 0.01201923076923077