0 0.10122735315479132 0.42429669802510184 0.029197190729444468 0.01435239666851249
0 0.1793523531547913 0.42930317550756786 0.03237674211621529 0.01689640576781102
0 0.32342966147541635 0.42445259407530533 0.030069359707395903 0.01830871144333699
0 0.08534647359576347 0.5015205320782579 0.03466594072944444 0.014702850092285048
0 0.21310779768395793 0.5253561551495023 0.033194359707395905 0.018508970542635693
0 0.1760442087781246 0.5042030459579185 0.03797277868534725 0.022715609191583754
0 0.3198305763693051 0.5118524645256561 0.02932447729857639 0.01982114666851249
0 0.31470666527513846 0.5303020758767081 0.03475685970739582 0.018609100092285048
0 0.4136533115516663 0.5147352375046154 0.0324131097073959 0.018458905767811017
0 0.4378519181249301 0.6179999398486539 0.020185866641249994 0.02937661937061655
0 0.5011156375397217 0.5891926218346266 0.017805749050069507 0.027663925046142523
0 0.42945623024527724 0.7097869216500565 0.017169969414791632 0.033863860271317846
0 0.5230283115516663 0.5217443059800677 0.03155912452503475 0.015283840992986342
0 0.6153612819163885 0.5214019494093778 0.02926992591180557 0.01747739666851249
0 0.6946123708222218 0.5452585564414931 0.029288109707395905 0.01825864666851231
0 0.5578773966577775 0.43634702652270363 0.03155912452503475 0.015283840992986342
0 0.6503922049784026 0.4281921699520135 0.029306293502986237 0.019039896668512312
0 0.6960320132990274 0.4170334268918438 0.028434124525034576 0.015083581893687813
0 0.692616072569583 0.4293331677925451 0.030069359707395903 0.01830871144333699
0 0.8987192957840968 0.5160878978959049 0.0260721907294446 0.014152137569213786
0 0.8284067957840968 0.5115820681616855 0.029215374525034577 0.015133646668512312
0 0.8419601495075689 0.5343582341085293 0.03165004350298588 0.019190090992986342