0 0.5244097560752679 0.24256223214638784 0.02736359736759475 0.04576251339268058
0 0.07527288474587386 0.49899087905883743 0.04925595553496285 0.024282979707460583
0 0.10492566841113782 0.5422499553577314 0.04618551923729371 0.025790932629559827
0 0.5379762705880561 0.5862849586074375 0.03824653366526398 0.044390928165332966
0 0.5964782513507624 0.5602485641273246 0.027281751814098597 0.04341876339268058
0 0.6714435350160264 0.6027167077966585 0.03811012440943688 0.040484678165332966
0 0.6183036660488851 0.6927610551988709 0.026527783665263982 0.04418637662320535
0 0.9204762573412122 0.4811108944867035 0.04529514183263217 0.022652295860084593
0 0.8373215061600859 0.5622984391289721 0.04295139183263217 0.02261138555165907
0 0.836210384745874 0.48570866559002185 0.040716769237293705 0.025695475243233724
0 0.7675695121505356 0.49003370130383683 0.04130704627913566 0.02024036201270878
0 0.6568304195922642 0.45288034903036056 0.03513889183263199 0.02247501785690744
0 0.7761806203179036 0.4679950600701348 0.03896329627913566 0.020199451704283434