0 0.5889423076923077 0.4855769230769231 0.014423076923076924 0.038461538461538464
0 0.5733173076923077 0.5252403846153846 0.01201923076923077 0.036057692307692304
0 0.6105769230769231 0.5709134615384616 0.01201923076923077 0.03365384615384615
0 0.6213942307692307 0.4254807692307692 0.014423076923076924 0.040865384615384616
0 0.5637019230769231 0.22355769230769232 0.014423076923076924 0.04807692307692308
0 0.578125 0.140625 0.014423076923076924 0.052884615384615384
0 0.5408653846153846 0.16105769230769232 0.014423076923076924 0.04807692307692308
0 0.5612980769230769 0.171875 0.016826923076923076 0.04567307692307692
0 0.5600961538461539 0.12259615384615384 0.014423076923076924 0.04326923076923077
0 0.5360576923076923 0.09495192307692307 0.016826923076923076 0.052884615384615384
0 0.5552884615384616 0.0625 0.014423076923076924 0.05048076923076923
0 0.53125 0.03245192307692308 0.016826923076923076 0.057692307692307696
3 0.5108173076923077 0.14903846153846154 0.03125 0.08173076923076923
3 0.5144230769230769 0.49038461538461536 0.016826923076923076 0.057692307692307696
3 0.5288461538461539 0.6237980769230769 0.016826923076923076 0.04807692307692308