0 0.5108173076923077 0.3076923076923077 0.021634615384615384 0.07692307692307693
0 0.47836538461538464 0.25961538461538464 0.021634615384615384 0.07211538461538461
0 0.4338942307692308 0.31009615384615385 0.02403846153846154 0.08413461538461539
0 0.3918269230769231 0.24759615384615385 0.02403846153846154 0.07932692307692307
0 0.4855769230769231 0.40384615384615385 0.02403846153846154 0.07451923076923077
0 0.7091346153846154 0.5564903846153846 0.04807692307692308 0.04807692307692308
0 0.8425480769230769 0.6177884615384616 0.05048076923076923 0.06490384615384616
0 0.7800480769230769 0.5865384615384616 0.04567307692307692 0.04567307692307692
0 0.8004807692307693 0.6454326923076923 0.040865384615384616 0.04807692307692308
0 0.7451923076923077 0.6201923076923077 0.05048076923076923 0.052884615384615384
0 0.5925480769230769 0.6790865384615384 0.05048076923076923 0.057692307692307696
0 0.44471153846153844 0.6694711538461539 0.02403846153846154 0.07211538461538461
2 0.5216346153846154 0.5372596153846154 0.038461538461538464 0.19471153846153846
2 0.4170673076923077 0.8978365384615384 0.040865384615384616 0.20432692307692307
0 0.4483173076923077 0.9230769230769231 0.02403846153846154 0.08173076923076923
0 0.47596153846153844 0.9399038461538461 0.02403846153846154 0.07932692307692307
0 0.5036057692307693 0.96875 0.02403846153846154 0.0625