0 0.503125 0.31875 0.0203125 0.04375
0 0.2234375 0.5578125 0.04375 0.0203125
0 0.29375 0.5578125 0.046875 0.021875
0 0.28125 0.5859375 0.04375 0.021875
0 0.2125 0.5828125 0.040625 0.01875
0 0.7015625 0.584375 0.04375 0.028125
0 0.471875 0.41875 0.021875 0.0453125
0 0.4984375 0.4671875 0.01875 0.0375
0 0.5359375 0.503125 0.0203125 0.040625
0 0.521875 0.621875 0.01875 0.0359375
0 0.6296875 0.465625 0.0453125 0.028125
0 0.6234375 0.70625 0.0234375 0.040625
0 0.5421875 0.7609375 0.021875 0.0390625
0 0.8546875 0.546875 0.040625 0.01875
0 0.7671875 0.5234375 0.0390625 0.015625
0 0.7578125 0.4984375 0.0421875 0.01875
0 0.8078125 0.4953125 0.0375 0.0171875
0 0.884375 0.4921875 0.04375 0.01875
0 0.9453125 0.4890625 0.0453125 0.01875
0 0.9265625 0.515625 0.04375 0.01875