0 0.5697115384615384 0.2824519230769231 0.016826923076923076 0.021634615384615384
0 0.5637019230769231 0.27163461538461536 0.016826923076923076 0.021634615384615384
0 0.5576923076923077 0.25961538461538464 0.016826923076923076 0.019230769230769232
0 0.5528846153846154 0.24639423076923078 0.019230769230769232 0.021634615384615384
0 0.546875 0.234375 0.019230769230769232 0.021634615384615384
0 0.5408653846153846 0.22235576923076922 0.019230769230769232 0.021634615384615384
0 0.5348557692307693 0.21033653846153846 0.016826923076923076 0.021634615384615384
0 0.5252403846153846 0.20192307692307693 0.016826923076923076 0.02403846153846154
0 0.40024038461538464 0.20552884615384615 0.016826923076923076 0.02403846153846154
0 0.3137019230769231 0.038461538461538464 0.016826923076923076 0.026442307692307692
0 0.3329326923076923 0.07091346153846154 0.016826923076923076 0.026442307692307692
0 0.6165865384615384 0.49759615384615385 0.016826923076923076 0.02403846153846154
0 0.5012019230769231 0.6875 0.019230769230769232 0.021634615384615384
0 0.5132211538461539 0.7848557692307693 0.019230769230769232 0.02403846153846154
0 0.49278846153846156 0.8004807692307693 0.019230769230769232 0.021634615384615384
0 0.4723557692307692 0.8161057692307693 0.016826923076923076 0.019230769230769232
0 0.4543269230769231 0.828125 0.019230769230769232 0.021634615384615384
0 0.4230769230769231 0.8497596153846154 0.021634615384615384 0.021634615384615384
2 0.24639423076923078 0.8774038461538461 0.05048076923076923 0.052884615384615384
0 0.24158653846153846 0.9026442307692307 0.019230769230769232 0.016826923076923076
0 0.17067307692307693 0.9074519230769231 0.019230769230769232 0.019230769230769232
0 0.25721153846153844 0.9447115384615384 0.016826923076923076 0.019230769230769232
0 0.23557692307692307 0.9795673076923077 0.016826923076923076 0.019230769230769232
0 0.2091346153846154 0.9807692307692307 0.019230769230769232 0.019230769230769232
0 0.7235576923076923 0.7548076923076923 0.016826923076923076 0.02403846153846154
0 0.6826923076923077 0.828125 0.009615384615384616 0.02403846153846154
0 0.7055288461538461 0.8834134615384616 0.014423076923076924 0.02403846153846154
0 0.7127403846153846 0.9038461538461539 0.01201923076923077 0.028846153846153848
0 0.7199519230769231 0.9242788461538461 0.01201923076923077 0.02403846153846154
0 0.7872596153846154 0.9098557692307693 0.016826923076923076 0.026442307692307692
3 0.7283653846153846 0.9362980769230769 0.021634615384615384 0.038461538461538464
0 0.7391826923076923 0.9699519230769231 0.016826923076923076 0.021634615384615384
0 0.7439903846153846 0.9831730769230769 0.014423076923076924 0.021634615384615384
0 0.7548076923076923 0.9891826923076923 0.02403846153846154 0.021634615384615384
0 0.7848557692307693 0.9903846153846154 0.016826923076923076 0.019230769230769232
0 0.8317307692307693 0.8834134615384616 0.014423076923076924 0.026442307692307692
0 0.8389423076923077 0.8966346153846154 0.014423076923076924 0.026442307692307692
0 0.8725961538461539 0.9879807692307693 0.014423076923076924 0.02403846153846154
0 0.8677884615384616 0.9735576923076923 0.014423076923076924 0.026442307692307692
0 0.8617788461538461 0.9603365384615384 0.014423076923076924 0.03125
0 0.10336538461538461 0.051682692307692304 0.01201923076923077 0.026442307692307692
0 0.1045673076923077 0.019230769230769232 0.01201923076923077 0.028846153846153848
0 0.07932692307692307 0.03125 0.014423076923076924 0.026442307692307692
0 0.0733173076923077 0.009615384615384616 0.021634615384615384 0.016826923076923076
0 0.07091346153846154 0.06610576923076923 0.019230769230769232 0.021634615384615384
3 0.3605769230769231 0.9879807692307693 0.028846153846153848 0.014423076923076924
0 0.5036057692307693 0.42427884615384615 0.016826923076923076 0.028846153846153848
0 0.4723557692307692 0.35697115384615385 0.019230769230769232 0.03365384615384615
0 0.45913461538461536 0.3293269230769231 0.019230769230769232 0.028846153846153848
0 0.4411057692307692 0.2932692307692308 0.019230769230769232 0.028846153846153848