2 0.359375 0.4206730769230769 0.11298076923076923 0.06490384615384616
3 0.4723557692307692 0.3004807692307692 0.040865384615384616 0.11057692307692307
0 0.5973557692307693 0.36177884615384615 0.036057692307692304 0.07692307692307693
0 0.42908653846153844 0.5192307692307693 0.04326923076923077 0.03365384615384615
3 0.25600961538461536 0.6286057692307693 0.07692307692307693 0.04807692307692308
0 0.1971153846153846 0.5637019230769231 0.05048076923076923 0.036057692307692304
0 0.4567307692307692 0.6021634615384616 0.040865384615384616 0.036057692307692304
0 0.5564903846153846 0.6165865384615384 0.040865384615384616 0.036057692307692304
0 0.17427884615384615 0.47115384615384615 0.04807692307692308 0.040865384615384616
0 0.11658653846153846 0.6514423076923077 0.04567307692307692 0.036057692307692304
0 0.027644230769230768 0.5841346153846154 0.04567307692307692 0.03365384615384615
3 0.609375 0.7836538461538461 0.04326923076923077 0.10336538461538461
0 0.7211538461538461 0.6514423076923077 0.040865384615384616 0.03365384615384615
0 0.6334134615384616 0.6622596153846154 0.04326923076923077 0.036057692307692304
0 0.7391826923076923 0.5913461538461539 0.04567307692307692 0.03365384615384615
3 0.7980769230769231 0.5949519230769231 0.052884615384615384 0.038461538461538464
0 0.8257211538461539 0.5516826923076923 0.04567307692307692 0.03365384615384615
0 0.6286057692307693 0.5360576923076923 0.04326923076923077 0.036057692307692304
0 0.8209134615384616 0.6454326923076923 0.04326923076923077 0.03365384615384615
3 0.9651442307692307 0.6526442307692307 0.04807692307692308 0.038461538461538464
2 0.9002403846153846 0.7067307692307693 0.11778846153846154 0.055288461538461536
0 0.5564903846153846 0.09254807692307693 0.026442307692307692 0.07211538461538461