0 0.6081730769230769 0.4855769230769231 0.016826923076923076 0.040865384615384616
0 0.5901442307692307 0.44471153846153844 0.014423076923076924 0.038461538461538464
0 0.625 0.3918269230769231 0.014423076923076924 0.036057692307692304
0 0.6478365384615384 0.5456730769230769 0.016826923076923076 0.04326923076923077
0 0.6009615384615384 0.765625 0.016826923076923076 0.052884615384615384
0 0.6225961538461539 0.8521634615384616 0.016826923076923076 0.057692307692307696
0 0.5817307692307693 0.8341346153846154 0.019230769230769232 0.05048076923076923
0 0.6021634615384616 0.8209134615384616 0.019230769230769232 0.04807692307692308
0 0.6033653846153846 0.8737980769230769 0.016826923076923076 0.04567307692307692
0 0.5817307692307693 0.9038461538461539 0.019230769230769232 0.055288461538461536
0 0.6033653846153846 0.9375 0.016826923076923076 0.055288461538461536
0 0.5805288461538461 0.9675480769230769 0.019230769230769232 0.057692307692307696
3 0.5504807692307693 0.8485576923076923 0.03365384615384615 0.0889423076923077
3 0.5288461538461539 0.4855769230769231 0.021634615384615384 0.06009615384615385
3 0.5336538461538461 0.3425480769230769 0.021634615384615384 0.052884615384615384