0 0.4901369327763441 0.3421834234880861 0.02840884288963732 0.0465496683207995
0 0.20070838235860222 0.5682192688161376 0.044609504448624285 0.023131438998963992
0 0.2710208823586022 0.5714941261359012 0.04861125494291585 0.02565712551672874
0 0.25737487642710316 0.5990369292790543 0.046394838935304605 0.028672963606069857
0 0.188752210419492 0.5927098465663966 0.04314250494291585 0.02540241439185813
0 0.6777510434232976 0.6170507985905299 0.04824384041817957 0.03577698821317572
0 0.45481224501990314 0.44072793134596894 0.02368950939154004 0.04555009449948209
0 0.479401068137877 0.4904025996667685 0.02027800790866543 0.03837329528527036
0 0.515436727225406 0.5280866902373091 0.025124675399151288 0.042497869106587774
0 0.4965355355146322 0.6461817187733564 0.02655984140676253 0.039445643713693815
0 0.6107147351340714 0.4949531666636605 0.0497745069200823 0.03506851282028158
0 0.5946600177201351 0.7352870682352372 0.025905925399151285 0.04253425641014079
0 0.5111816728533313 0.7861902886657325 0.023498508402957086 0.04086259449948191
0 0.832404051331963 0.586682710086904 0.042265754448624196 0.023022277088305287
0 0.7458590562748789 0.559169832088976 0.04048041996194378 0.017480752481199246
0 0.7375027282139891 0.5337331844463409 0.043987421939110226 0.02700130169541115
0 0.7876300622063779 0.5329369718737282 0.038232170456235434 0.01971534057054054
0 0.8643198961987666 0.5333779276219153 0.04626750494291585 0.025547963606069857
0 0.9253847301911555 0.5330911372990437 0.04873858893530496 0.028782125516728742
0 0.905552391255851 0.5587803420137735 0.04451400395433254 0.020787688998963993