2 0.13341346153846154 0.6334134615384616 0.18028846153846154 0.055288461538461536
0 0.20673076923076922 0.5757211538461539 0.04326923076923077 0.036057692307692304
0 0.2644230769230769 0.5829326923076923 0.04326923076923077 0.03365384615384615
0 0.25961538461538464 0.6394230769230769 0.04567307692307692 0.038461538461538464
0 0.5096153846153846 0.4254807692307692 0.021634615384615384 0.07692307692307693
0 0.5084134615384616 0.6875 0.028846153846153848 0.08413461538461539
0 0.5396634615384616 0.30528846153846156 0.021634615384615384 0.07932692307692307
0 0.6382211538461539 0.4206730769230769 0.038461538461538464 0.05048076923076923
0 0.5 0.90625 0.03125 0.07932692307692307
3 0.7956730769230769 0.6382211538461539 0.052884615384615384 0.04326923076923077
0 0.765625 0.46634615384615385 0.04326923076923077 0.038461538461538464
0 0.7620192307692307 0.5048076923076923 0.04326923076923077 0.036057692307692304
0 0.8269230769230769 0.5036057692307693 0.04326923076923077 0.03365384615384615
0 0.8269230769230769 0.45913461538461536 0.04326923076923077 0.03125
0 0.8978365384615384 0.4963942307692308 0.04567307692307692 0.036057692307692304
0 0.7716346153846154 0.5504807692307693 0.04326923076923077 0.036057692307692304
0 0.9555288461538461 0.5048076923076923 0.04567307692307692 0.036057692307692304
0 0.6298076923076923 0.9663461538461539 0.02403846153846154 0.0673076923076923