3 0.49158653846153844 0.20432692307692307 0.019230769230769232 0.06971153846153846
3 0.4735576923076923 0.04567307692307692 0.016826923076923076 0.0625
3 0.49759615384615385 0.5637019230769231 0.028846153846153848 0.07692307692307693
3 0.46033653846153844 0.4879807692307692 0.019230769230769232 0.07932692307692307
0 0.4362980769230769 0.4230769230769231 0.016826923076923076 0.04567307692307692
0 0.453125 0.4254807692307692 0.014423076923076924 0.04807692307692308
0 0.4423076923076923 0.49278846153846156 0.014423076923076924 0.05048076923076923
0 0.4675480769230769 0.5540865384615384 0.016826923076923076 0.04326923076923077
0 0.44471153846153844 0.5432692307692307 0.014423076923076924 0.04326923076923077
0 0.44711538461538464 0.5949519230769231 0.016826923076923076 0.04807692307692308
0 0.4723557692307692 0.6189903846153846 0.019230769230769232 0.052884615384615384
0 0.453125 0.6526442307692307 0.016826923076923076 0.04807692307692308
0 0.47716346153846156 0.6814903846153846 0.016826923076923076 0.06009615384615385
0 0.4567307692307692 0.7127403846153846 0.016826923076923076 0.057692307692307696
0 0.4362980769230769 0.7139423076923077 0.016826923076923076 0.0625
0 0.48677884615384615 0.75 0.016826923076923076 0.0625
0 0.46274038461538464 0.8076923076923077 0.016826923076923076 0.06490384615384616
0 0.4387019230769231 0.7932692307692307 0.016826923076923076 0.057692307692307696
0 0.49038461538461536 0.8293269230769231 0.016826923076923076 0.0625
0 0.47115384615384615 0.8858173076923077 0.016826923076923076 0.057692307692307696
0 0.44350961538461536 0.8858173076923077 0.019230769230769232 0.0673076923076923
0 0.4951923076923077 0.9038461538461539 0.016826923076923076 0.06971153846153846
0 0.3629807692307692 0.038461538461538464 0.01201923076923077 0.03125