2 0.1466346153846154 0.6682692307692307 0.18990384615384615 0.06009615384615385
0 0.21995192307692307 0.6045673076923077 0.04567307692307692 0.038461538461538464
0 0.2800480769230769 0.6069711538461539 0.04567307692307692 0.036057692307692304
0 0.27884615384615385 0.6670673076923077 0.04807692307692308 0.040865384615384616
0 0.5252403846153846 0.4326923076923077 0.02403846153846154 0.07932692307692307
0 0.5396634615384616 0.7043269230769231 0.03125 0.08653846153846154
0 0.5492788461538461 0.30528846153846156 0.02403846153846154 0.08413461538461539
0 0.6586538461538461 0.41947115384615385 0.040865384615384616 0.052884615384615384
0 0.5432692307692307 0.9314903846153846 0.03365384615384615 0.08413461538461539
3 0.8341346153846154 0.6370192307692307 0.057692307692307696 0.04807692307692308
0 0.7932692307692307 0.46033653846153844 0.04567307692307692 0.04326923076923077
0 0.7920673076923077 0.5012019230769231 0.04567307692307692 0.038461538461538464
0 0.859375 0.4963942307692308 0.04326923076923077 0.036057692307692304
0 0.8557692307692307 0.45072115384615385 0.04567307692307692 0.03365384615384615
0 0.9314903846153846 0.484375 0.05048076923076923 0.038461538461538464
0 0.8052884615384616 0.5480769230769231 0.04567307692307692 0.038461538461538464
0 0.9831730769230769 0.49038461538461536 0.03365384615384615 0.038461538461538464
0 0.6790865384615384 0.9735576923076923 0.026442307692307692 0.040865384615384616