0 0.5288461538461539 0.6899038461538461 0.04567307692307692 0.06490384615384616
0 0.43990384615384615 0.8870192307692307 0.028846153846153848 0.08173076923076923
0 0.171875 0.5516826923076923 0.05048076923076923 0.05048076923076923
0 0.5504807692307693 0.1658653846153846 0.026442307692307692 0.07451923076923077
0 0.5276442307692307 0.12740384615384615 0.028846153846153848 0.0889423076923077
0 0.5348557692307693 0.020432692307692308 0.026442307692307692 0.040865384615384616
0 0.9459134615384616 0.8461538461538461 0.055288461538461536 0.05048076923076923
0 0.9290865384615384 0.9014423076923077 0.05048076923076923 0.05048076923076923
0 0.8629807692307693 0.8677884615384616 0.055288461538461536 0.057692307692307696
0 0.8665865384615384 0.8112980769230769 0.05048076923076923 0.052884615384615384
0 0.8100961538461539 0.7800480769230769 0.04807692307692308 0.04807692307692308
0 0.7944711538461539 0.828125 0.055288461538461536 0.05048076923076923
0 0.7247596153846154 0.7992788461538461 0.07932692307692307 0.07451923076923077
0 0.7223557692307693 0.7403846153846154 0.05048076923076923 0.05048076923076923
2 0.7415865384615384 0.8677884615384616 0.1875 0.1346153846153846
2 0.5480769230769231 0.8461538461538461 0.12259615384615384 0.13701923076923078