0 0.4572787439191671 0.6200730944396288 0.03984440321038196 0.03701127591898139
0 0.526939240119445 0.7322012390202768 0.02676317496187508 0.04444306710652768
0 0.791834275454306 0.5900888173428689 0.04762053561920147 0.036132281102777594
0 0.4634507830537503 0.3492917027337028 0.02590918977951393 0.04124971658814811
0 0.4880143719595836 0.3327289193218509 0.02683591014423605 0.04756806710652768
0 0.4866324034947224 0.27335391932185094 0.023256315254479177 0.02776341503300923
0 0.06505618274875055 0.6512494331762962 0.051435866641250015 0.03256778369467579
0 0.07821079939000056 0.6804680414703703 0.04433188145888891 0.02882762902925915
0 0.13882099106937557 0.6717368819039813 0.049946101823611144 0.035556082657916654
0 0.13969250683694495 0.6421860829407405 0.046039851823611144 0.035214330066018464
0 0.19249019851631996 0.6327714181905553 0.04280574905006942 0.03025342799249984
0 0.20557207997520885 0.6588650264846292 0.04742051386770836 0.027538531102777597
0 0.270942506836945 0.653668970028518 0.06960463839274311 0.04273359561740726
0 0.2749026550133339 0.6228290731387958 0.042006315254479176 0.02940382747412027