2 0.5168269230769231 0.359375 0.10817307692307693 0.055288461538461536
2 0.3581730769230769 0.40384615384615385 0.18028846153846154 0.06971153846153846
0 0.9182692307692307 0.2860576923076923 0.036057692307692304 0.028846153846153848
0 0.8329326923076923 0.296875 0.036057692307692304 0.028846153846153848
0 0.6790865384615384 0.28846153846153844 0.036057692307692304 0.03125
0 0.9507211538461539 0.43149038461538464 0.040865384615384616 0.028846153846153848
0 0.8173076923076923 0.47836538461538464 0.038461538461538464 0.03125
3 0.8533653846153846 0.4387019230769231 0.040865384615384616 0.03365384615384615
0 0.7007211538461539 0.4543269230769231 0.03365384615384615 0.03125
0 0.7091346153846154 0.4879807692307692 0.038461538461538464 0.028846153846153848
0 0.6009615384615384 0.46033653846153844 0.036057692307692304 0.03125
0 0.5961538461538461 0.6550480769230769 0.026442307692307692 0.055288461538461536
0 0.5228365384615384 0.5997596153846154 0.021634615384615384 0.04807692307692308
0 0.625 0.8257211538461539 0.021634615384615384 0.06490384615384616
0 0.484375 0.4735576923076923 0.038461538461538464 0.028846153846153848
0 0.3858173076923077 0.47475961538461536 0.03365384615384615 0.03125
0 0.30649038461538464 0.5180288461538461 0.03365384615384615 0.03125
0 0.43149038461538464 0.31490384615384615 0.038461538461538464 0.03125
0 0.3293269230769231 0.2980769230769231 0.03365384615384615 0.03125
0 0.2776442307692308 0.2764423076923077 0.03365384615384615 0.026442307692307692
0 0.2848557692307692 0.30288461538461536 0.036057692307692304 0.03125
0 0.08173076923076923 0.4651442307692308 0.03125 0.028846153846153848
0 0.15504807692307693 0.45913461538461536 0.036057692307692304 0.028846153846153848
0 0.1466346153846154 0.5012019230769231 0.036057692307692304 0.028846153846153848