2 0.48677884615384615 0.296875 0.08413461538461539 0.1778846153846154
2 0.1658653846153846 0.3473557692307692 0.11538461538461539 0.052884615384615384
0 0.4206730769230769 0.4891826923076923 0.040865384615384616 0.036057692307692304
0 0.31009615384615385 0.4266826923076923 0.04567307692307692 0.038461538461538464
0 0.5625 0.6466346153846154 0.03365384615384615 0.07211538461538461
0 0.7848557692307693 0.5012019230769231 0.04567307692307692 0.036057692307692304
0 0.23557692307692307 0.4891826923076923 0.036057692307692304 0.03125
0 0.16346153846153846 0.4411057692307692 0.040865384615384616 0.028846153846153848
0 0.4050480769230769 0.33653846153846156 0.038461538461538464 0.06009615384615385
0 0.47475961538461536 0.9543269230769231 0.02403846153846154 0.07692307692307693
0 0.7235576923076923 0.3125 0.04567307692307692 0.03125