3 0.5516826923076923 0.19230769230769232 0.02403846153846154 0.07211538461538461
3 0.5817307692307693 0.03485576923076923 0.02403846153846154 0.06009615384615385
3 0.5204326923076923 0.5564903846153846 0.03365384615384615 0.07932692307692307
3 0.5625 0.4831730769230769 0.026442307692307692 0.08173076923076923
0 0.5925480769230769 0.4182692307692308 0.019230769230769232 0.04567307692307692
0 0.5745192307692307 0.41947115384615385 0.019230769230769232 0.04807692307692308
0 0.5805288461538461 0.4891826923076923 0.019230769230769232 0.05048076923076923
0 0.5528846153846154 0.5492788461538461 0.021634615384615384 0.04567307692307692
0 0.5745192307692307 0.5408653846153846 0.019230769230769232 0.04567307692307692
0 0.5685096153846154 0.5925480769230769 0.021634615384615384 0.05048076923076923
0 0.5420673076923077 0.6141826923076923 0.02403846153846154 0.052884615384615384
0 0.5576923076923077 0.6502403846153846 0.019230769230769232 0.04807692307692308
0 0.5324519230769231 0.6790865384615384 0.021634615384615384 0.06009615384615385
0 0.5516826923076923 0.7103365384615384 0.021634615384615384 0.057692307692307696
0 0.5721153846153846 0.7139423076923077 0.021634615384615384 0.06490384615384616
0 0.5192307692307693 0.7475961538461539 0.02403846153846154 0.06490384615384616
0 0.5372596153846154 0.8064903846153846 0.021634615384615384 0.0673076923076923
0 0.5637019230769231 0.7944711538461539 0.021634615384615384 0.06009615384615385
0 0.5084134615384616 0.828125 0.02403846153846154 0.06490384615384616
0 0.5252403846153846 0.8870192307692307 0.021634615384615384 0.057692307692307696
0 0.5528846153846154 0.8870192307692307 0.02403846153846154 0.06971153846153846
0 0.4987980769230769 0.9026442307692307 0.02403846153846154 0.06971153846153846
0 0.6947115384615384 0.03245192307692308 0.014423076923076924 0.03365384615384615