0 0.8641826923076923 0.3245192307692308 0.04567307692307692 0.07211538461538461
0 0.9206730769230769 0.5084134615384616 0.052884615384615384 0.036057692307692304
0 0.9086538461538461 0.5733173076923077 0.04807692307692308 0.052884615384615384
0 0.8076923076923077 0.546875 0.04807692307692308 0.038461538461538464
0 0.8028846153846154 0.42788461538461536 0.04807692307692308 0.038461538461538464
0 0.7980769230769231 0.4879807692307692 0.052884615384615384 0.038461538461538464
0 0.6911057692307693 0.5420673076923077 0.04807692307692308 0.040865384615384616
0 0.7199519230769231 0.640625 0.052884615384615384 0.04567307692307692
0 0.5360576923076923 0.5108173076923077 0.05048076923076923 0.04326923076923077
0 0.6286057692307693 0.5 0.052884615384615384 0.04567307692307692
0 0.47716346153846156 0.46274038461538464 0.04567307692307692 0.038461538461538464
0 0.45552884615384615 0.5192307692307693 0.04807692307692308 0.040865384615384616
0 0.4495192307692308 0.5733173076923077 0.04807692307692308 0.040865384615384616
0 0.3798076923076923 0.48677884615384615 0.04567307692307692 0.04326923076923077
0 0.3701923076923077 0.5360576923076923 0.04567307692307692 0.04807692307692308
0 0.23798076923076922 0.5661057692307693 0.04807692307692308 0.04567307692307692
0 0.5685096153846154 0.5612980769230769 0.0673076923076923 0.055288461538461536
3 0.6021634615384616 0.45072115384615385 0.07211538461538461 0.04807692307692308
3 0.29086538461538464 0.49759615384615385 0.052884615384615384 0.05048076923076923
3 0.20793269230769232 0.5132211538461539 0.07451923076923077 0.055288461538461536
0 0.8822115384615384 0.9867788461538461 0.02403846153846154 0.026442307692307692
0 0.8557692307692307 0.9759615384615384 0.028846153846153848 0.04807692307692308
0 0.9951923076923077 0.06971153846153846 0.009615384615384616 0.07211538461538461