0 0.4483173076923077 0.5336538461538461 0.008413461538461538 0.020432692307692308
0 0.4579326923076923 0.5420673076923077 0.008413461538461538 0.02403846153846154
0 0.4675480769230769 0.53125 0.008413461538461538 0.021634615384615384
0 0.47716346153846156 0.5372596153846154 0.007211538461538462 0.02403846153846154
0 0.48677884615384615 0.5336538461538461 0.007211538461538462 0.02403846153846154
3 0.5108173076923077 0.5600961538461539 0.019230769230769232 0.014423076923076924
0 0.5384615384615384 0.5612980769230769 0.018028846153846152 0.01201923076923077
0 0.5612980769230769 0.5612980769230769 0.018028846153846152 0.010817307692307692
0 0.5889423076923077 0.5649038461538461 0.016826923076923076 0.01201923076923077
0 0.71875 0.6346153846153846 0.018028846153846152 0.020432692307692308
0 0.5360576923076923 0.75 0.018028846153846152 0.01201923076923077
3 0.6478365384615384 0.8389423076923077 0.020432692307692308 0.028846153846153848
3 0.59375 0.7247596153846154 0.02403846153846154 0.015625