0 0.4369865439210946 0.5605820115819364 0.04024373933799978 0.036230752481199245
0 0.5029377132400044 0.6637027034763847 0.02862498667249973 0.04427869292790554
0 0.7736149345958214 0.4855604710541771 0.046439195337363515 0.0318343509096227
0 0.45265009595800193 0.2881248147250896 0.020757942671863462 0.039227319892376225
0 0.4778682719605472 0.2682104210113959 0.022393168006045273 0.045550094499482
0 0.4785591626352742 0.20883542101139593 0.02531817333704538 0.028508143713693722
0 0.04247292791218586 0.6445462125726126 0.05110851400381801 0.030490174730940466
0 0.05464566390836785 0.6720890157157657 0.045639764003818015 0.030235463606069858
0 0.11574679591027685 0.6551883060386373 0.04800169533736347 0.03190712551672874
0 0.1176547412476403 0.6254280314315314 0.04567612667090888 0.033360463606069854
0 0.1709433732495493 0.6088911947899323 0.04168806066995438 0.026147277088305287
0 0.1831524719128222 0.6333089979330854 0.04878294533736347 0.031943512820281586
0 0.2489047412476403 0.6193149644346393 0.07077612400540882 0.04311860731976367
0 0.25395586791854924 0.5878466406133218 0.04490396733768165 0.03410532630251702