0 0.14145326443793946 0.4133648449665802 0.03614203307929138 0.03578354139585791
0 0.07948959562363692 0.5044614034085667 0.047002265027114645 0.022693206168510116
0 0.08749299316430888 0.5374102711033183 0.040774990924813716 0.026490362012708955
0 0.17962595100983117 0.5296444099013884 0.04072499394987581 0.017896612012708958
0 0.19177142700572608 0.4689250982129911 0.04074317466803503 0.021021612012708957
0 0.1919532341873184 0.5001750982129911 0.047002265027114645 0.022693206168510116
0 0.2858850413689108 0.5330615105500115 0.04233294574527395 0.02573638555165907
0 0.2533543425003789 0.5809262662320543 0.04465396984757479 0.021871045860084593
0 0.4280089088553535 0.5246059025944925 0.04547612646343317 0.028915932629560003
0 0.3451509570599554 0.5153479050301245 0.04546249092481371 0.026572182629560005
0 0.4841316438282389 0.5037127499967047 0.03839033430895533 0.019418201704283433
0 0.5014918606507516 0.5337002589251585 0.04231931020665449 0.023392635551659248
0 0.5047804871141846 0.5618798060030592 0.04073408430895533 0.019459112012708956
0 0.573285047419035 0.520892341716874 0.037627265027114734 0.022529564934808198
0 0.5781179931643089 0.5459741623337251 0.039198855386194255 0.024119338473758488
0 0.6969861678323439 0.5683594512939509 0.043127831283893234 0.02809377232113448
0 0.9722679689638121 0.6215970941492108 0.04468124092481389 0.026558545860084593
0 0.39690435460062734 0.5490604318154857 0.059574987899751616 0.03541139448011279
0 0.3731305113146815 0.4908388287312306 0.06423976200205254 0.031586965096963834
0 0.653017999214433 0.5300957922033414 0.044681240924813716 0.026558545860084593
0 0.72652822208707 0.5438776485340074 0.06499828610435347 0.02769435186643925
0 0.08411450487177383 0.7623284504864672 0.020530668617910818 0.037854556006354304
0 0.10751564343545536 0.7564875535707225 0.027607370413308897 0.04578978693163087
0 0.028135132120773863 0.2707761501621558 0.024491460772388528 0.04729773985373029