2 0.9507211538461539 0.7211538461538461 0.0985576923076923 0.10576923076923077
2 0.609375 0.4795673076923077 0.1778846153846154 0.17067307692307693
0 0.9302884615384616 0.6442307692307693 0.055288461538461536 0.052884615384615384
0 0.8581730769230769 0.6189903846153846 0.04807692307692308 0.04807692307692308
0 0.8689903846153846 0.6802884615384616 0.05048076923076923 0.05048076923076923
0 0.7980769230769231 0.6550480769230769 0.04807692307692308 0.04567307692307692
0 0.7752403846153846 0.5985576923076923 0.04807692307692308 0.05048076923076923
0 0.6995192307692307 0.5637019230769231 0.04807692307692308 0.04567307692307692
0 0.7379807692307693 0.6370192307692307 0.040865384615384616 0.04567307692307692
0 0.49759615384615385 0.6742788461538461 0.03365384615384615 0.0673076923076923
0 0.4110576923076923 0.234375 0.02403846153846154 0.07451923076923077
0 0.18509615384615385 0.5348557692307693 0.04807692307692308 0.04326923076923077
0 0.1310096153846154 0.5432692307692307 0.04807692307692308 0.040865384615384616
0 0.5228365384615384 0.038461538461538464 0.026442307692307692 0.07692307692307693