2 0.13822115384615385 0.3557692307692308 0.19471153846153846 0.07211538461538461
0 0.21875 0.41346153846153844 0.04807692307692308 0.040865384615384616
0 0.27884615384615385 0.4026442307692308 0.04807692307692308 0.040865384615384616
0 0.27163461538461536 0.3425480769230769 0.04807692307692308 0.038461538461538464
0 0.5444711538461539 0.4014423076923077 0.026442307692307692 0.08413461538461539
0 0.5817307692307693 0.5997596153846154 0.02403846153846154 0.08653846153846154
0 0.6754807692307693 0.5709134615384616 0.04326923076923077 0.057692307692307696
0 0.5396634615384616 0.8209134615384616 0.026442307692307692 0.08653846153846154
0 0.5829326923076923 0.8894230769230769 0.02403846153846154 0.07932692307692307
3 0.9134615384615384 0.3161057692307692 0.057692307692307696 0.05048076923076923
0 0.8209134615384616 0.5012019230769231 0.04567307692307692 0.038461538461538464
0 0.8161057692307693 0.45913461538461536 0.04807692307692308 0.03365384615384615
0 0.8233173076923077 0.4098557692307692 0.04807692307692308 0.038461538461538464
0 0.8858173076923077 0.4579326923076923 0.04567307692307692 0.038461538461538464
0 0.8882211538461539 0.5012019230769231 0.04807692307692308 0.040865384615384616
0 0.9615384615384616 0.46153846153846156 0.05048076923076923 0.038461538461538464
0 0.6490384615384616 0.07572115384615384 0.028846153846153848 0.07932692307692307
0 0.5492788461538461 0.028846153846153848 0.03125 0.057692307692307696