0 0.43621798936333284 0.5119518013992905 0.008902874525034576 0.013531302586424765
0 0.4454475189986106 0.5179290167595545 0.009793227298576391 0.018241534639736122
0 0.45656685695451343 0.5097982680131956 0.009738675911805572 0.015897784639735946
0 0.4658327541809718 0.5142129833734596 0.00823072729857639 0.018196070533113406
0 0.47528048936333284 0.5108151987337235 0.006668227298576568 0.018150606426490867
0 0.49824521067798566 0.5304457371343834 0.019785823138263936 0.011505801332783606
0 0.5247713430868052 0.5312353473217977 0.018186955547083272 0.009897837226160888
0 0.5482088430868052 0.5305533857224575 0.01656990416031263 0.007508623119538172
0 0.5762974754956245 0.5312975318032492 0.01582502175149294 0.009048391066226813
0 0.7047484773954856 0.5806490109535666 0.019113675911805572 0.016170569279472247
0 0.519935759880555 0.6719058114284204 0.016588087955902785 0.00828987311953817
0 0.6308719534597911 0.7358198957515873 0.022402330072118205 0.0232927474927175
0 0.5781846709747217 0.6514736394833812 0.024491506933854268 0.012423443652651578