0 0.4387019230769231 0.28725961538461536 0.016826923076923076 0.021634615384615384
0 0.44711538461538464 0.2764423076923077 0.016826923076923076 0.021634615384615384
0 0.4519230769230769 0.265625 0.016826923076923076 0.019230769230769232
0 0.45913461538461536 0.2536057692307692 0.019230769230769232 0.021634615384615384
0 0.46634615384615385 0.2403846153846154 0.019230769230769232 0.021634615384615384
0 0.4735576923076923 0.23076923076923078 0.019230769230769232 0.021634615384615384
0 0.4795673076923077 0.21875 0.016826923076923076 0.021634615384615384
0 0.49158653846153844 0.21033653846153846 0.016826923076923076 0.02403846153846154
0 0.6165865384615384 0.22596153846153846 0.016826923076923076 0.026442307692307692
0 0.7175480769230769 0.06490384615384616 0.019230769230769232 0.026442307692307692
0 0.6959134615384616 0.09615384615384616 0.019230769230769232 0.026442307692307692
0 0.37259615384615385 0.5 0.016826923076923076 0.02403846153846154
0 0.4723557692307692 0.7019230769230769 0.019230769230769232 0.021634615384615384
0 0.4519230769230769 0.796875 0.019230769230769232 0.02403846153846154
0 0.47115384615384615 0.8161057692307693 0.019230769230769232 0.021634615384615384
0 0.4891826923076923 0.8329326923076923 0.016826923076923076 0.019230769230769232
0 0.5060096153846154 0.8473557692307693 0.019230769230769232 0.021634615384615384
0 0.5372596153846154 0.8713942307692307 0.021634615384615384 0.021634615384615384
2 0.7127403846153846 0.9158653846153846 0.05048076923076923 0.055288461538461536
0 0.7139423076923077 0.9411057692307693 0.019230769230769232 0.016826923076923076
0 0.7860576923076923 0.9507211538461539 0.019230769230769232 0.021634615384615384
0 0.6947115384615384 0.9819711538461539 0.019230769230769232 0.019230769230769232
0 0.2439903846153846 0.7487980769230769 0.016826923076923076 0.02403846153846154
0 0.2776442307692308 0.828125 0.009615384615384616 0.02403846153846154
0 0.24879807692307693 0.8810096153846154 0.014423076923076924 0.026442307692307692
0 0.2403846153846154 0.9014423076923077 0.014423076923076924 0.028846153846153848
0 0.23076923076923078 0.9206730769230769 0.014423076923076924 0.02403846153846154
0 0.16346153846153846 0.8990384615384616 0.016826923076923076 0.026442307692307692
3 0.22115384615384615 0.9302884615384616 0.021634615384615384 0.038461538461538464
0 0.20793269230769232 0.9651442307692307 0.016826923076923076 0.02403846153846154
0 0.20192307692307693 0.9771634615384616 0.014423076923076924 0.016826923076923076
0 0.19230769230769232 0.9771634615384616 0.02403846153846154 0.014423076923076924
0 0.15865384615384615 0.9783653846153846 0.016826923076923076 0.009615384615384616
0 0.12379807692307693 0.8689903846153846 0.014423076923076924 0.026442307692307692
0 0.11538461538461539 0.8822115384615384 0.016826923076923076 0.026442307692307692
0 0.07091346153846154 0.9699519230769231 0.014423076923076924 0.016826923076923076
0 0.078125 0.9579326923076923 0.016826923076923076 0.026442307692307692
0 0.08653846153846154 0.9447115384615384 0.016826923076923076 0.03125
0 0.9290865384615384 0.09615384615384616 0.01201923076923077 0.026442307692307692
0 0.9302884615384616 0.06370192307692307 0.01201923076923077 0.028846153846153848
0 0.9543269230769231 0.07692307692307693 0.016826923076923076 0.026442307692307692
0 0.9627403846153846 0.057692307692307696 0.021634615384615384 0.019230769230769232
0 0.9591346153846154 0.1141826923076923 0.019230769230769232 0.021634615384615384
0 0.9723557692307693 0.040865384615384616 0.019230769230769232 0.01201923076923077
0 0.9326923076923077 0.03485576923076923 0.019230769230769232 0.026442307692307692
0 0.9783653846153846 0.030048076923076924 0.021634615384615384 0.01201923076923077
0 0.49278846153846156 0.4375 0.019230769230769232 0.028846153846153848
0 0.53125 0.3713942307692308 0.021634615384615384 0.03365384615384615
0 0.5456730769230769 0.3449519230769231 0.019230769230769232 0.028846153846153848
0 0.5673076923076923 0.3112980769230769 0.019230769230769232 0.028846153846153848