0 0.03245192307692308 0.45913461538461536 0.04326923076923077 0.03485576923076923
0 0.27163461538461536 0.5973557692307693 0.042067307692307696 0.03245192307692308
0 0.27403846153846156 0.6442307692307693 0.04326923076923077 0.036057692307692304
0 0.5697115384615384 0.671875 0.020432692307692308 0.07451923076923077
0 0.6478365384615384 0.7175480769230769 0.03245192307692308 0.06009615384615385
0 0.5252403846153846 0.41346153846153844 0.018028846153846152 0.07091346153846154
0 0.5060096153846154 0.20072115384615385 0.019230769230769232 0.07451923076923077
0 0.4831730769230769 0.09014423076923077 0.021634615384615384 0.07572115384615384
0 0.5132211538461539 0.06971153846153846 0.020432692307692308 0.07091346153846154
0 0.6177884615384616 0.8365384615384616 0.021634615384615384 0.08052884615384616
0 0.7331730769230769 0.6466346153846154 0.046875 0.040865384615384616
0 0.75 0.47596153846153844 0.04567307692307692 0.038461538461538464
0 0.7524038461538461 0.5240384615384616 0.046875 0.03485576923076923
0 0.8088942307692307 0.5132211538461539 0.042067307692307696 0.03125
0 0.8112980769230769 0.4723557692307692 0.042067307692307696 0.03245192307692308
0 0.8737980769230769 0.4735576923076923 0.046875 0.03365384615384615
0 0.8641826923076923 0.5168269230769231 0.04326923076923077 0.03485576923076923
0 0.9170673076923077 0.515625 0.040865384615384616 0.030048076923076924
0 0.9675480769230769 0.5180288461538461 0.04567307692307692 0.03485576923076923