2 0.12740384615384615 0.4074519230769231 0.19471153846153846 0.07692307692307693
0 0.2091346153846154 0.46274038461538464 0.04807692307692308 0.040865384615384616
0 0.2692307692307692 0.4495192307692308 0.04807692307692308 0.040865384615384616
0 0.25961538461538464 0.390625 0.04807692307692308 0.038461538461538464
0 0.53125 0.43990384615384615 0.03125 0.08413461538461539
0 0.5745192307692307 0.6346153846153846 0.028846153846153848 0.08653846153846154
0 0.6670673076923077 0.6021634615384616 0.04326923076923077 0.057692307692307696
0 0.5408653846153846 0.8545673076923077 0.028846153846153848 0.08653846153846154
0 0.5865384615384616 0.9194711538461539 0.026442307692307692 0.07932692307692307
3 0.8918269230769231 0.34134615384615385 0.057692307692307696 0.05048076923076923
0 0.8076923076923077 0.5288461538461539 0.04567307692307692 0.038461538461538464
0 0.8004807692307693 0.48677884615384615 0.04807692307692308 0.036057692307692304
0 0.8064903846153846 0.4387019230769231 0.04807692307692308 0.038461538461538464
0 0.8689903846153846 0.4831730769230769 0.04567307692307692 0.040865384615384616
0 0.8725961538461539 0.5276442307692307 0.04807692307692308 0.04326923076923077
0 0.9891826923076923 0.4699519230769231 0.021634615384615384 0.040865384615384616
0 0.9447115384615384 0.4831730769230769 0.05048076923076923 0.038461538461538464
0 0.6225961538461539 0.11298076923076923 0.03125 0.07692307692307693
0 0.5216346153846154 0.054086538461538464 0.036057692307692304 0.09134615384615384
0 0.49399038461538464 0.02283653846153846 0.03125 0.04567307692307692