0 0.04326923076923077 0.5456730769230769 0.052884615384615384 0.04326923076923077
0 0.19230769230769232 0.47115384615384615 0.05048076923076923 0.04807692307692308
0 0.34134615384615385 0.4951923076923077 0.04567307692307692 0.04807692307692308
0 0.44591346153846156 0.5661057692307693 0.05048076923076923 0.06971153846153846
0 0.2824519230769231 0.6213942307692307 0.04807692307692308 0.036057692307692304
0 0.2932692307692308 0.6670673076923077 0.04567307692307692 0.040865384615384616
0 0.5324519230769231 0.8954326923076923 0.036057692307692304 0.07451923076923077
3 0.5588942307692307 0.2439903846153846 0.038461538461538464 0.10817307692307693
0 0.5997596153846154 0.4182692307692308 0.04807692307692308 0.06490384615384616
0 0.7512019230769231 0.45072115384615385 0.04807692307692308 0.038461538461538464
0 0.7572115384615384 0.4987980769230769 0.04807692307692308 0.038461538461538464
0 0.8125 0.48197115384615385 0.04567307692307692 0.036057692307692304
0 0.8317307692307693 0.4387019230769231 0.04567307692307692 0.038461538461538464
0 0.8665865384615384 0.48197115384615385 0.04807692307692308 0.036057692307692304
0 0.9338942307692307 0.47115384615384615 0.04567307692307692 0.036057692307692304
0 0.4423076923076923 0.0625 0.028846153846153848 0.07451923076923077
0 0.47596153846153844 0.08774038461538461 0.028846153846153848 0.07451923076923077