3 0.27524038461538464 0.5024038461538461 0.046875 0.038461538461538464
3 0.36538461538461536 0.5012019230769231 0.04927884615384615 0.040865384615384616
0 0.4326923076923077 0.5625 0.026442307692307692 0.04807692307692308
0 0.44471153846153844 0.7091346153846154 0.014423076923076924 0.05889423076923077
0 0.49399038461538464 0.6947115384615384 0.015625 0.054086538461538464
0 0.49278846153846156 0.7716346153846154 0.016826923076923076 0.0625
0 0.49759615384615385 0.8930288461538461 0.014423076923076924 0.06370192307692307
3 0.44471153846153844 0.9615384615384616 0.014423076923076924 0.07451923076923077
0 0.21995192307692307 0.5096153846153846 0.03485576923076923 0.021634615384615384
0 0.16105769230769232 0.5120192307692307 0.03125 0.026442307692307692
0 0.06009615384615385 0.5216346153846154 0.037259615384615384 0.03125
0 0.7716346153846154 0.4519230769230769 0.030048076923076924 0.027644230769230768
0 0.9074519230769231 0.42427884615384615 0.03365384615384615 0.026442307692307692
3 0.578125 0.3137019230769231 0.03485576923076923 0.03485576923076923