0 0.9591346153846154 0.3401442307692308 0.036057692307692304 0.026442307692307692
0 0.9038461538461539 0.3173076923076923 0.03365384615384615 0.02403846153846154
0 0.7271634615384616 0.3088942307692308 0.03125 0.026442307692307692
0 0.6298076923076923 0.33774038461538464 0.026442307692307692 0.026442307692307692
0 0.5540865384615384 0.3858173076923077 0.026442307692307692 0.040865384615384616
0 0.5757211538461539 0.5661057692307693 0.016826923076923076 0.057692307692307696
0 0.6225961538461539 0.5324519230769231 0.03365384615384615 0.03365384615384615
0 0.6394230769230769 0.4891826923076923 0.036057692307692304 0.03125
0 0.6875 0.4891826923076923 0.036057692307692304 0.02403846153846154
0 0.7403846153846154 0.49399038461538464 0.036057692307692304 0.028846153846153848
0 0.7896634615384616 0.49759615384615385 0.036057692307692304 0.028846153846153848
0 0.8353365384615384 0.5012019230769231 0.036057692307692304 0.028846153846153848
0 0.8149038461538461 0.5408653846153846 0.036057692307692304 0.03125
0 0.7572115384615384 0.5372596153846154 0.038461538461538464 0.028846153846153848
0 0.7091346153846154 0.5264423076923077 0.036057692307692304 0.026442307692307692
0 0.6598557692307693 0.5252403846153846 0.03365384615384615 0.026442307692307692
2 0.31490384615384615 0.3581730769230769 0.11057692307692307 0.04807692307692308
0 0.1346153846153846 0.27524038461538464 0.03365384615384615 0.026442307692307692
0 0.12860576923076922 0.49278846153846156 0.03125 0.028846153846153848
0 0.4987980769230769 0.8209134615384616 0.019230769230769232 0.06971153846153846
0 0.5012019230769231 0.7235576923076923 0.019230769230769232 0.0625
3 0.8810096153846154 0.5420673076923077 0.04567307692307692 0.03365384615384615