0 0.5689242468997223 0.46105923964166573 0.03138097717948316 0.04378710391920819
0 0.7700849278134718 0.4912227981005852 0.04444873962703788 0.020781512932123648
0 0.7856148394311895 0.4688476929277357 0.04396348755244528 0.024665030878812288
0 0.6008110190955392 0.32389420876285335 0.02868202966899407 0.03903140775927429
0 0.48090218341254926 0.3947188372926679 0.0381754288391571 0.04086669239901024
0 0.4238718560279291 0.4480544374509524 0.049598180913749526 0.03730142319868044
0 0.30064784358037444 0.4751290659807669 0.04312303796736385 0.023861048825501108
0 0.26511400789738443 0.5434986327529566 0.04955063672260831 0.026386655251991797
0 0.33277510457803655 0.5477936761681813 0.04702928796736385 0.023974709092057723
0 0.13218310872722144 0.5458005818158844 0.05670028589277143 0.028153743731793846
0 0.20573900789738442 0.5452262688046184 0.04396348755244537 0.024665030878812288
0 0.1973811336223307 0.49692516112448654 0.05670028589277143 0.028153743731793846
0 0.5059003381817897 0.29063909105359154 0.024172128424238614 0.04123876543940615
0 0.7954168145360802 0.515540836501245 0.04702928796736394 0.023974709092057723
0 0.8324665286433088 0.48784173383567797 0.04595204004195637 0.020045727038746363
0 0.8872724278134718 0.4878129901038841 0.04960983630769 0.027167905251991798
0 0.7820413987691778 0.5456829775674719 0.03880239087179334 0.018278638558944314
0 0.9449665286433089 0.48456831815884494 0.046248037967363945 0.023951977038746363
0 0.9953998541037061 0.484130397467447 0.009200291792587833 0.021608227038746364