0 0.16875 0.5703125 0.0421875 0.034375
0 0.025 0.634375 0.0453125 0.028125
0 0.209375 0.584375 0.040625 0.025
0 0.259375 0.5703125 0.0484375 0.025
0 0.225 0.55 0.0421875 0.0265625
0 0.290625 0.534375 0.046875 0.0265625
0 0.5046875 0.615625 0.028125 0.0390625
0 0.584375 0.59375 0.0265625 0.040625
0 0.553125 0.675 0.01875 0.04375
0 0.528125 0.703125 0.01875 0.040625
0 0.8640625 0.471875 0.0421875 0.0203125
0 0.7875 0.4671875 0.046875 0.021875
0 0.790625 0.49375 0.040625 0.0203125
0 0.321875 0.5890625 0.040625 0.021875