0 0.5328125 0.4765625 0.0234375 0.040625
0 0.73125 0.5125 0.0421875 0.0203125
0 0.7484375 0.490625 0.040625 0.0171875
0 0.575 0.340625 0.0203125 0.0359375
0 0.45 0.4078125 0.0328125 0.0375
0 0.3890625 0.459375 0.04375 0.03125
0 0.2640625 0.4828125 0.040625 0.0203125
0 0.2234375 0.55 0.0453125 0.0203125
0 0.290625 0.55625 0.0453125 0.01875
0 0.090625 0.5484375 0.053125 0.021875
0 0.1640625 0.55 0.040625 0.01875
0 0.159375 0.5015625 0.053125 0.021875
0 0.4828125 0.3046875 0.0203125 0.040625
0 0.7546875 0.5375 0.04375 0.0171875
0 0.79375 0.5109375 0.04375 0.015625
0 0.8484375 0.5125 0.0453125 0.0203125
0 0.7390625 0.5671875 0.0375 0.0171875
0 0.90625 0.5109375 0.04375 0.01875
0 0.975 0.5125 0.0453125 0.01875