0 0.525 0.340625 0.015625 0.034375
0 0.5390625 0.2578125 0.015625 0.03125
0 0.525 0.5265625 0.0234375 0.0375
0 0.5578125 0.4875 0.015625 0.040625
0 0.58125 0.453125 0.0140625 0.021875
0 0.5640625 0.4546875 0.0125 0.0234375
0 0.575 0.4890625 0.0125 0.025
0 0.553125 0.521875 0.0140625 0.021875
0 0.575 0.515625 0.0125 0.021875
0 0.571875 0.5421875 0.0140625 0.025
0 0.55 0.5546875 0.0171875 0.025
0 0.5671875 0.571875 0.0140625 0.0234375
0 0.546875 0.5875 0.0140625 0.0296875
0 0.565625 0.603125 0.0140625 0.028125
0 0.584375 0.6046875 0.0140625 0.03125
0 0.5390625 0.6234375 0.015625 0.03125
0 0.5609375 0.653125 0.0140625 0.0328125
0 0.584375 0.6453125 0.0140625 0.0296875
0 0.5359375 0.6640625 0.015625 0.03125
0 0.55625 0.69375 0.015625 0.028125
0 0.58125 0.6921875 0.0171875 0.0328125
0 0.534375 0.703125 0.015625 0.034375
0 0.640625 0.253125 0.009375 0.015625