0 0.042067307692307696 0.3088942307692308 0.036057692307692304 0.026442307692307692
2 0.16826923076923078 0.36899038461538464 0.10817307692307693 0.040865384615384616
0 0.13701923076923078 0.4723557692307692 0.03485576923076923 0.025240384615384616
0 0.17548076923076922 0.5 0.03365384615384615 0.026442307692307692
0 0.27524038461538464 0.4723557692307692 0.03125 0.025240384615384616
0 0.3173076923076923 0.5012019230769231 0.03485576923076923 0.027644230769230768
0 0.359375 0.46875 0.03125 0.025240384615384616
0 0.3954326923076923 0.515625 0.03485576923076923 0.03485576923076923
0 0.44471153846153844 0.6009615384615384 0.020432692307692308 0.04567307692307692
0 0.4423076923076923 0.7536057692307693 0.015625 0.0625
0 0.4891826923076923 0.6658653846153846 0.014423076923076924 0.05048076923076923
0 0.49158653846153844 0.7608173076923077 0.014423076923076924 0.057692307692307696
0 0.4951923076923077 0.8425480769230769 0.013221153846153846 0.06490384615384616
0 0.4987980769230769 0.9399038461538461 0.019230769230769232 0.0829326923076923
0 0.546875 0.5120192307692307 0.027644230769230768 0.046875
0 0.5264423076923077 0.43990384615384615 0.03125 0.026442307692307692
0 0.49278846153846156 0.33413461538461536 0.026442307692307692 0.038461538461538464
0 0.8689903846153846 0.4206730769230769 0.027644230769230768 0.027644230769230768
0 0.8257211538461539 0.4182692307692308 0.03125 0.021634615384615384
0 0.8125 0.4543269230769231 0.03125 0.02403846153846154
0 0.6983173076923077 0.45913461538461536 0.03485576923076923 0.025240384615384616
0 0.7223557692307693 0.42908653846153844 0.027644230769230768 0.021634615384615384
3 0.7824519230769231 0.41466346153846156 0.037259615384615384 0.03125
2 0.8293269230769231 0.3545673076923077 0.09975961538461539 0.038461538461538464
0 0.8137019230769231 0.30649038461538464 0.030048076923076924 0.021634615384615384