0 0.42683735233636266 0.5579940479431504 0.041647942399010415 0.037285316033373664
0 0.49093329308602024 0.6607229002725712 0.028594012932123648 0.04440177521477064
0 0.7645024883880245 0.4810133095902538 0.04693483597251955 0.031321921076327544
0 0.4472481068887092 0.28546395070211245 0.019841138558944493 0.03848264586155707
0 0.47279367616818124 0.2654037562200364 0.023170727038746362 0.045677670171816495
0 0.4745213122198432 0.2060287562200364 0.025795621865896835 0.02865394448207601
0 0.031177859858210012 0.644254611035848 0.05079562186589692 0.029964138964152197
0 0.04285950593900176 0.6717245137948099 0.0444774257059629 0.027292840343632996
0 0.10420618289860588 0.6544684147447496 0.051000210345698974 0.03699538896415202
0 0.10663250092443684 0.6246990275896198 0.04617631802583091 0.03206222749876275
0 0.16016667788404096 0.6078523643152083 0.04293765775927425 0.02799220318850324
0 0.17193925217807804 0.6321972670741702 0.048360943652651575 0.026716308231457476
0 0.23788250092443683 0.6178205065587207 0.07314799498543509 0.047516809135968605
0 0.24347928305689043 0.5863248450933314 0.042133675705962936 0.02717000961093845