0 0.3957532307447237 0.5704728479471843 0.03852669800286348 0.02153919267186346
0 0.25062254408017814 0.5877887119669106 0.04643010467059074 0.029442599339590637
0 0.13327141207826912 0.5750898119828189 0.04722044533736343 0.030232940006363406
0 0.1012759774029059 0.5113909386537279 0.04412271733768165 0.032540327339272326
0 0.10563730808399614 0.6176045759866369 0.042460220003181656 0.02392839600572714
0 0.2714066640674514 0.49378417329727436 0.04033464600572696 0.042651124005408825
0 0.31097714672181564 0.40268645862509284 0.030151124005408824 0.040189195337363516
0 0.2627567280394527 0.28760689863145616 0.024736918006045182 0.044813060669954385
0 0.2379930853755435 0.3082102999681833 0.022284080004772465 0.03541078866963625
0 0.31391923870145294 0.2526319146244565 0.025463624005408823 0.04013465133672715
0 0.528293010741542 0.5454899345958214 0.03857215133672707 0.02544544267186346
0 0.5466793840706331 0.5140217585932761 0.039353401336727066 0.025454533338636055
0 0.5510578014003605 0.48740471459263973 0.04170624200349984 0.026263055338954188
0 0.6168100707351787 0.49757859858373105 0.04015283267027261 0.027026124005408825
0 0.7010043520846325 0.6153649879058225 0.04087044800286357 0.021566464672181596
0 0.7235327854073603 0.5369672679026408 0.03775453866963616 0.02231135200509051
0 0.6456077800763602 0.555063834579913 0.0393352200031817 0.023892033338636053
0 0.5892850547421784 0.549468362587549 0.0416880606699543 0.02470055533895419
0 0.5952077907383604 0.5212706372533673 0.0455943106699543 0.024746008672817864
0 0.6699896147358151 0.501647933243186 0.04248749200349984 0.026272146005727137
0 0.8173918734086328 0.5452513878899141 0.04008919800286357 0.021557374005408823
0 0.8987873240769965 0.5568059585455509 0.044813060669954295 0.024736918006045272
0 0.9720975547421784 0.5450139358689151 0.04484033267027243 0.02708066800604527
0 0.9791038887054301 0.5746105292011879 0.04179222258913988 0.030196577339272324
0 0.8609055160725422 0.5244298105506416 0.04166987933640911 0.02313805533895419
0 0.26208401869827125 0.22979439863145618 0.022220445337363427 0.02994203866963625
0 0.5035839120782691 0.5707808359325485 0.059756808004454244 0.03350339067472703
0 0.7465702960693605 0.5023195478994591 0.064526124005409 0.0405891846753633
0 0.6484236974060875 0.5284649719128222 0.04243294800286357 0.02158464600572696