0 0.8425480769230769 0.30408653846153844 0.04326923076923077 0.06490384615384616
0 0.9242788461538461 0.46153846153846156 0.05048076923076923 0.03365384615384615
0 0.921875 0.5216346153846154 0.04567307692307692 0.05048076923076923
0 0.828125 0.5144230769230769 0.04567307692307692 0.038461538461538464
0 0.8028846153846154 0.40865384615384615 0.04567307692307692 0.038461538461538464
0 0.8088942307692307 0.46274038461538464 0.04807692307692308 0.036057692307692304
0 0.7211538461538461 0.5288461538461539 0.04326923076923077 0.040865384615384616
0 0.7620192307692307 0.6129807692307693 0.05048076923076923 0.04326923076923077
0 0.5757211538461539 0.5240384615384616 0.04807692307692308 0.040865384615384616
0 0.6586538461538461 0.5 0.04807692307692308 0.04326923076923077
0 0.515625 0.49038461538461536 0.04326923076923077 0.036057692307692304
0 0.5048076923076923 0.5456730769230769 0.04567307692307692 0.040865384615384616
0 0.5072115384615384 0.5961538461538461 0.04567307692307692 0.038461538461538464
0 0.43028846153846156 0.5276442307692307 0.04326923076923077 0.040865384615384616
0 0.43028846153846156 0.5733173076923077 0.04326923076923077 0.04326923076923077
0 0.3161057692307692 0.6225961538461539 0.04567307692307692 0.04326923076923077
0 0.04927884615384615 0.7355769230769231 0.04807692307692308 0.04807692307692308
0 0.6129807692307693 0.5649038461538461 0.06490384615384616 0.052884615384615384
3 0.6262019230769231 0.46033653846153844 0.0673076923076923 0.04567307692307692
3 0.35216346153846156 0.5516826923076923 0.05048076923076923 0.04807692307692308
3 0.28125 0.5793269230769231 0.06971153846153846 0.052884615384615384
0 0.9675480769230769 0.9194711538461539 0.026442307692307692 0.0673076923076923
0 0.9423076923076923 0.9122596153846154 0.028846153846153848 0.08173076923076923
0 0.9290865384615384 0.04567307692307692 0.03125 0.08413461538461539