0 0.22040141801576799 0.5470971248093752 0.042637513392680584 0.02676317496187508
0 0.275170738632619 0.5530574905006947 0.04262387662320544 0.02598192496187508
0 0.2725639358726754 0.5826722553183336 0.04417273985373029 0.025237042553055568
0 0.518757097398917 0.5493558347248616 0.024201159090609537 0.04429551386770818
0 0.5372695438281945 0.4467036134102088 0.021089795860084592 0.04500402868534721
0 0.626522958600847 0.4597140661075006 0.04041649431795715 0.033739873575104086
0 0.48218084902377 0.33296711531006984 0.026572182629559828 0.045912565254479176
0 0.5174637840889618 0.2963035699072226 0.020199451704283434 0.03873584488975697
0 0.8599002946389736 0.586971469602223 0.05121762662320535 0.026181946713368022
0 0.7629786558409034 0.4925655465402089 0.040184669236879245 0.020458623575104085
0 0.7618252589251584 0.5159666789490285 0.04173353246740401 0.01971374116628475
0 0.7716093620094135 0.5396223844961117 0.044926716314779826 0.02369272634864572
0 0.8242707118472576 0.5142963825962508 0.04028012662320535 0.025927373575104086
0 0.8238888823019529 0.49242138259625073 0.04261023985373029 0.02520067496187508
0 0.9508332118472577 0.5172421574818757 0.04339148985373029 0.025218858757465233
0 0.8945013912304068 0.5112454241993758 0.04491307954530477 0.02291147634864572
0 0.6372458189887027 0.7161095364722228 0.020226725243233545 0.04029834488975688
0 0.5503731103845604 0.7500104513661116 0.03364434293798553 0.048419969414791805
0 0.5289344870077659 0.7745013050895838 0.02958808847375849 0.03973530043684033