2 0.8353365384615384 0.3918269230769231 0.12980769230769232 0.06009615384615385
0 0.6995192307692307 0.38822115384615385 0.04807692307692308 0.036057692307692304
0 0.6935096153846154 0.4387019230769231 0.05048076923076923 0.038461538461538464
0 0.765625 0.44711538461538464 0.05048076923076923 0.04326923076923077
0 0.8317307692307693 0.453125 0.04567307692307692 0.036057692307692304
3 0.9302884615384616 0.4567307692307692 0.06009615384615385 0.040865384615384616
3 0.7620192307692307 0.5396634615384616 0.057692307692307696 0.040865384615384616
0 0.6430288461538461 0.5877403846153846 0.04567307692307692 0.04807692307692308
0 0.38341346153846156 0.5841346153846154 0.021634615384615384 0.06490384615384616
0 0.4254807692307692 0.6045673076923077 0.021634615384615384 0.08173076923076923
0 0.5324519230769231 0.6838942307692307 0.040865384615384616 0.08173076923076923
0 0.4891826923076923 0.8125 0.026442307692307692 0.07692307692307693
0 0.46274038461538464 0.9903846153846154 0.02403846153846154 0.019230769230769232
0 0.8329326923076923 0.34134615384615385 0.052884615384615384 0.038461538461538464
0 0.2644230769230769 0.41586538461538464 0.04326923076923077 0.040865384615384616
0 0.18389423076923078 0.46153846153846156 0.04567307692307692 0.03365384615384615
0 0.21033653846153846 0.5132211538461539 0.04326923076923077 0.036057692307692304
0 0.18870192307692307 0.5576923076923077 0.04326923076923077 0.03365384615384615
0 0.13341346153846154 0.5552884615384616 0.04567307692307692 0.03365384615384615
0 0.14182692307692307 0.515625 0.04807692307692308 0.036057692307692304
0 0.08052884615384616 0.5120192307692307 0.05048076923076923 0.036057692307692304
0 0.021634615384615384 0.5132211538461539 0.04326923076923077 0.036057692307692304