0 0.5345331585773677 0.6735885449980703 0.036510212006681544 0.05026442445232178
0 0.5740865545830948 0.6325376476636373 0.025518168006045273 0.04525867570596276
0 0.6204524772438222 0.6776515708623178 0.030223849339590637 0.04695756802583091
0 0.48353318523236827 0.7580711935861446 0.028661349339590636 0.04691210391920819
0 0.5142603052991834 0.26661111929210746 0.02628123667249973 0.0437189077592743
0 0.6352069626034574 0.48426528371529926 0.037046014003817976 0.029193406505632957
0 0.7472706105983667 0.5250386993921323 0.04244203866963616 0.02310253087881229
0 0.7463615439210946 0.6031636993921323 0.04084317600254543 0.019932066772189748
0 0.8222887919319122 0.525658476510021 0.039307948002863566 0.022230352665567034
0 0.9223433359325487 0.5238806793338726 0.043186926002545076 0.020000262932123647
0 0.1597524292648213 0.5095066953020042 0.0455488573360908 0.02163095909205772
0 0.7787751492680031 0.5040729815245859 0.04085226666931803 0.02071331677218975