0 0.2330299476794538 0.5299017896743003 0.04138900395433272 0.021116136803468067
0 0.28790844866803705 0.5314041055157857 0.04138900395433272 0.021116136803468067
0 0.2859931215957305 0.5612736160391293 0.04470500494291585 0.0259856473268119
0 0.5312764466908707 0.5078322846949772 0.02837700939154022 0.046078339448421345
0 0.5473869249420409 0.40352421629324314 0.02134575939154022 0.045668815770898166
0 0.6368950939154016 0.40927441637794776 0.0419938404181794 0.035959886803468066
0 0.48967790121604465 0.294118395190086 0.02684634288963732 0.046768584186749604
0 0.5240873933073793 0.2545252741716335 0.01952859140676253 0.03932781050922625
0 0.873111119618564 0.5176806376505141 0.051831755437207506 0.02873892100433508
0 0.7740422668430951 0.43104445861249696 0.04239308844101295 0.026630389434303937
0 0.7734347717860108 0.4545729638741687 0.04229758794672147 0.024286639434303935
0 0.7837647767289269 0.4774644323041377 0.04551808844101313 0.02681239995764777
0 0.8358074377936221 0.44780775340729473 0.03907708745242999 0.02176087891096028
0 0.8349160998469006 0.42593275340729486 0.04311067144481875 0.025113392065139805
0 0.9623699377936221 0.440436327211875 0.04395558844101295 0.026721394695975852
0 0.9059289368050389 0.4390250166320616 0.04539075444862419 0.02368739995764777
0 0.6535864812912818 0.6651603953312604 0.024311591901054187 0.04194457629424182
0 0.5675508222037527 0.706194189984884 0.031597509885831696 0.04860409997176518
0 0.5466944941428631 0.7324682636482898 0.02887175790866543 0.039092592079257214