0 0.40625 0.46033653846153844 0.016826923076923076 0.040865384615384616
0 0.4182692307692308 0.5036057692307693 0.014423076923076924 0.038461538461538464
0 0.3762019230769231 0.5516826923076923 0.014423076923076924 0.036057692307692304
0 0.3737980769230769 0.3954326923076923 0.019230769230769232 0.04326923076923077
0 0.453125 0.1814903846153846 0.019230769230769232 0.052884615384615384
0 0.4423076923076923 0.09134615384615384 0.019230769230769232 0.057692307692307696
0 0.48197115384615385 0.11538461538461539 0.019230769230769232 0.05048076923076923
0 0.45913461538461536 0.125 0.021634615384615384 0.05048076923076923
0 0.4651442307692308 0.07211538461538461 0.019230769230769232 0.04567307692307692
0 0.49158653846153844 0.04567307692307692 0.021634615384615384 0.057692307692307696
0 0.47475961538461536 0.018028846153846152 0.016826923076923076 0.036057692307692304
3 0.515625 0.1045673076923077 0.038461538461538464 0.09134615384615384
3 0.484375 0.47115384615384615 0.02403846153846154 0.0625
3 0.46033653846153844 0.6129807692307693 0.021634615384615384 0.052884615384615384