0 0.27084625608083285 0.5895244674053279 0.04587619766329869 0.02553720909205772
0 0.2761520051309023 0.5630983597251961 0.04820176386770836 0.024824155251991796
0 0.210636107904444 0.5565013672470434 0.04823813145888885 0.026386655251991797
0 0.14973497549562453 0.5531657670887589 0.04189721248093754 0.02229854882550093
0 0.059146343086805095 0.5489663489046434 0.05443358007211807 0.024224761678482663
0 0.21328963563986073 0.5096718313536661 0.052089830072118024 0.02415656551854841
0 0.32168401709874955 0.48780885471063107 0.04280574905006951 0.027790030878812287
0 0.5607828846899301 0.4932023630239013 0.021112587005972294 0.03496603338609479
0 0.5203760902370135 0.48264529625171154 0.02441942496187508 0.04286946159934022
0 0.42284778001652745 0.44071855753448264 0.03690124116628475 0.04245192445232178
0 0.46191158643729135 0.374622196093427 0.02358362357510426 0.04050297954602886
0 0.4862959502287498 0.2674461935861445 0.021984755983923597 0.03889501543940614
0 0.14838937462194393 0.6109782670887588 0.04903756525447918 0.027190637305303154
0 0.6697201671749996 0.5823678145941116 0.04113414627652787 0.02305706677218957
0 0.7437395486338885 0.5595046276053777 0.04273301386770836 0.024665030878812288
0 0.7193214300927774 0.5337772018994148 0.03953527868534721 0.021449102665567033
0 0.7386169439604857 0.5108852711788869 0.03955346248093754 0.022230352665567034
0 0.7885805763693051 0.5139026225908128 0.04340516109416655 0.020000262932123647
0 0.7818577976839579 0.534033266164322 0.04431369766329851 0.025491744985435005
0 0.8381077976839579 0.5356699740027385 0.04671199905006951 0.02790369114536908
0 0.8943941652751384 0.535744181841155 0.04416822729857657 0.019241744985435006