0 0.2453125 0.4828125 0.046875 0.0203125
0 0.271875 0.5515625 0.04375 0.0171875
0 0.2765625 0.578125 0.0421875 0.01875
0 0.353125 0.4625 0.0453125 0.025
0 0.5015625 0.515625 0.0203125 0.040625
0 0.4984375 0.38125 0.021875 0.0484375
0 0.403125 0.61875 0.0421875 0.025
0 0.515625 0.6375 0.0234375 0.04375
0 0.7515625 0.4828125 0.046875 0.0203125
0 0.7546875 0.5109375 0.046875 0.0203125
0 0.8109375 0.503125 0.0421875 0.0171875
0 0.8125 0.48125 0.0421875 0.01875
0 0.8765625 0.48125 0.046875 0.01875
0 0.865625 0.50625 0.0421875 0.01875
0 0.91875 0.5046875 0.040625 0.0171875
0 0.91875 0.53125 0.04375 0.0171875
0 0.9546875 0.48125 0.0453125 0.0203125
0 0.96875 0.50625 0.0453125 0.0203125