0 0.7800480769230769 0.5 0.055288461538461536 0.04326923076923077
0 0.7391826923076923 0.3701923076923077 0.05048076923076923 0.038461538461538464
0 0.7319711538461539 0.32091346153846156 0.04807692307692308 0.040865384615384616
0 0.6682692307692307 0.5480769230769231 0.052884615384615384 0.052884615384615384
0 0.5012019230769231 0.46033653846153844 0.028846153846153848 0.07932692307692307
3 0.5276442307692307 0.7175480769230769 0.03125 0.09375
0 0.5901442307692307 0.25721153846153844 0.05048076923076923 0.052884615384615384
0 0.46634615384615385 0.23197115384615385 0.03125 0.08413461538461539
0 0.23798076923076922 0.5456730769230769 0.052884615384615384 0.04326923076923077
0 0.23197115384615385 0.49399038461538464 0.052884615384615384 0.04326923076923077
0 0.17307692307692307 0.5120192307692307 0.05048076923076923 0.036057692307692304
0 0.17427884615384615 0.5552884615384616 0.05048076923076923 0.040865384615384616
0 0.10576923076923077 0.5612980769230769 0.052884615384615384 0.040865384615384616
0 0.11298076923076923 0.5132211538461539 0.04807692307692308 0.040865384615384616
0 0.056490384615384616 0.5204326923076923 0.04807692307692308 0.036057692307692304
0 0.051682692307692304 0.46875 0.05048076923076923 0.038461538461538464
2 0.15264423076923078 0.45913461538461536 0.125 0.057692307692307696
0 0.025240384615384616 0.5685096153846154 0.04567307692307692 0.04326923076923077
0 0.014423076923076924 0.5192307692307693 0.028846153846153848 0.04326923076923077