0 0.014423076923076924 0.3389423076923077 0.016826923076923076 0.04567307692307692
0 0.055288461538461536 0.9110576923076923 0.014423076923076924 0.09615384615384616
0 0.4098557692307692 0.2776442307692308 0.02403846153846154 0.052884615384615384
0 0.671875 0.3125 0.02403846153846154 0.04326923076923077
0 0.7620192307692307 0.2608173076923077 0.02403846153846154 0.04326923076923077
0 0.1971153846153846 0.5348557692307693 0.026442307692307692 0.052884615384615384
0 0.7403846153846154 0.25961538461538464 0.014423076923076924 0.036057692307692304
0 0.2091346153846154 0.4795673076923077 0.021634615384615384 0.04567307692307692
0 0.20673076923076922 0.41586538461538464 0.021634615384615384 0.040865384615384616
0 0.2439903846153846 0.4639423076923077 0.019230769230769232 0.040865384615384616
0 0.2403846153846154 0.4110576923076923 0.026442307692307692 0.05048076923076923
0 0.12860576923076922 0.019230769230769232 0.01201923076923077 0.038461538461538464
0 0.2764423076923077 0.4026442307692308 0.02403846153846154 0.04567307692307692
0 0.3088942307692308 0.4026442307692308 0.021634615384615384 0.040865384615384616
0 0.2764423076923077 0.4675480769230769 0.028846153846153848 0.05048076923076923
0 0.30288461538461536 0.5324519230769231 0.026442307692307692 0.05048076923076923
0 0.3629807692307692 0.5216346153846154 0.02403846153846154 0.04807692307692308
0 0.4026442307692308 0.5216346153846154 0.026442307692307692 0.055288461538461536
0 0.42788461538461536 0.5168269230769231 0.016826923076923076 0.040865384615384616
0 0.46033653846153844 0.5168269230769231 0.02403846153846154 0.040865384615384616
0 0.5048076923076923 0.5132211538461539 0.02403846153846154 0.04567307692307692
0 0.6923076923076923 0.9122596153846154 0.014423076923076924 0.07692307692307693
0 0.7776442307692307 0.8257211538461539 0.02403846153846154 0.08413461538461539
0 0.7223557692307693 0.2091346153846154 0.019230769230769232 0.040865384615384616
0 0.7439903846153846 0.21033653846153846 0.021634615384615384 0.038461538461538464
0 0.7704326923076923 0.20793269230769232 0.019230769230769232 0.04326923076923077
0 0.8028846153846154 0.21153846153846154 0.02403846153846154 0.040865384615384616
0 0.8305288461538461 0.20793269230769232 0.02403846153846154 0.038461538461538464
0 0.8545673076923077 0.20432692307692307 0.019230769230769232 0.040865384615384616
0 0.9915865384615384 0.1971153846153846 0.016826923076923076 0.04326923076923077
0 0.9927884615384616 0.5480769230769231 0.01201923076923077 0.038461538461538464
0 0.9723557692307693 0.5480769230769231 0.021634615384615384 0.038461538461538464
0 0.9459134615384616 0.5516826923076923 0.019230769230769232 0.040865384615384616
0 0.9194711538461539 0.5528846153846154 0.026442307692307692 0.05048076923076923
0 0.8894230769230769 0.5540865384615384 0.019230769230769232 0.038461538461538464
0 0.859375 0.5564903846153846 0.02403846153846154 0.040865384615384616
0 0.7908653846153846 0.5588942307692307 0.021634615384615384 0.038461538461538464
0 0.6418269230769231 0.5564903846153846 0.021634615384615384 0.038461538461538464
0 0.6213942307692307 0.5552884615384616 0.019230769230769232 0.038461538461538464
0 0.5961538461538461 0.5600961538461539 0.02403846153846154 0.04807692307692308
0 0.5697115384615384 0.5564903846153846 0.021634615384615384 0.040865384615384616
0 0.546875 0.5600961538461539 0.014423076923076924 0.038461538461538464
0 0.5228365384615384 0.5612980769230769 0.019230769230769232 0.040865384615384616
0 0.49759615384615385 0.5649038461538461 0.021634615384615384 0.040865384615384616
0 0.46875 0.5661057692307693 0.021634615384615384 0.038461538461538464
0 0.4423076923076923 0.5685096153846154 0.021634615384615384 0.040865384615384616
0 0.41947115384615385 0.5721153846153846 0.019230769230769232 0.040865384615384616
0 0.3942307692307692 0.5697115384615384 0.019230769230769232 0.040865384615384616
0 0.36899038461538464 0.5733173076923077 0.021634615384615384 0.04326923076923077
0 0.34375 0.5769230769230769 0.019230769230769232 0.04326923076923077
0 0.32091346153846156 0.5793269230769231 0.021634615384615384 0.038461538461538464
0 0.5408653846153846 0.30528846153846156 0.019230769230769232 0.040865384615384616
2 0.2512019230769231 0.5444711538461539 0.06490384615384616 0.08413461538461539