0 0.9783653846153846 0.31490384615384615 0.01201923076923077 0.04326923076923077
0 0.9699519230769231 0.8713942307692307 0.019230769230769232 0.09134615384615384
0 0.5685096153846154 0.28365384615384615 0.02403846153846154 0.040865384615384616
0 0.25841346153846156 0.33413461538461536 0.028846153846153848 0.04326923076923077
0 0.17427884615384615 0.28365384615384615 0.028846153846153848 0.04567307692307692
0 0.8125 0.5276442307692307 0.028846153846153848 0.052884615384615384
0 0.1971153846153846 0.2824519230769231 0.014423076923076924 0.036057692307692304
0 0.7980769230769231 0.4699519230769231 0.02403846153846154 0.04567307692307692
0 0.7944711538461539 0.40384615384615385 0.026442307692307692 0.040865384615384616
0 0.7608173076923077 0.45913461538461536 0.021634615384615384 0.040865384615384616
0 0.7632211538461539 0.40384615384615385 0.028846153846153848 0.04567307692307692
0 0.8521634615384616 0.009615384615384616 0.016826923076923076 0.019230769230769232
0 0.7247596153846154 0.39903846153846156 0.026442307692307692 0.040865384615384616
0 0.6923076923076923 0.39903846153846156 0.02403846153846154 0.040865384615384616
0 0.7283653846153846 0.4639423076923077 0.03125 0.04807692307692308
0 0.7055288461538461 0.5288461538461539 0.028846153846153848 0.05048076923076923
0 0.6454326923076923 0.5216346153846154 0.026442307692307692 0.04807692307692308
0 0.6045673076923077 0.5228365384615384 0.028846153846153848 0.052884615384615384
0 0.578125 0.5192307692307693 0.019230769230769232 0.04567307692307692
0 0.546875 0.5228365384615384 0.026442307692307692 0.040865384615384616
0 0.5012019230769231 0.5228365384615384 0.026442307692307692 0.04807692307692308
0 0.33533653846153844 0.9350961538461539 0.016826923076923076 0.07932692307692307
0 0.24519230769230768 0.8533653846153846 0.028846153846153848 0.08653846153846154
0 0.26802884615384615 0.22716346153846154 0.02403846153846154 0.04326923076923077
0 0.24519230769230768 0.22956730769230768 0.02403846153846154 0.038461538461538464
0 0.21875 0.23076923076923078 0.021634615384615384 0.04567307692307692
0 0.18629807692307693 0.234375 0.028846153846153848 0.040865384615384616
0 0.15745192307692307 0.23197115384615385 0.026442307692307692 0.040865384615384616
0 0.1346153846153846 0.23076923076923078 0.02403846153846154 0.038461538461538464
0 0.002403846153846154 0.23197115384615385 0.004807692307692308 0.04567307692307692
0 0.01201923076923077 0.5853365384615384 0.016826923076923076 0.038461538461538464
0 0.03485576923076923 0.5853365384615384 0.02403846153846154 0.038461538461538464
0 0.06129807692307692 0.5853365384615384 0.021634615384615384 0.040865384615384616
0 0.08774038461538461 0.5853365384615384 0.028846153846153848 0.04807692307692308
0 0.11899038461538461 0.5853365384615384 0.021634615384615384 0.038461538461538464
0 0.14903846153846154 0.5853365384615384 0.026442307692307692 0.04326923076923077
0 0.21875 0.5841346153846154 0.02403846153846154 0.038461538461538464
0 0.36778846153846156 0.5733173076923077 0.021634615384615384 0.036057692307692304
0 0.3870192307692308 0.5685096153846154 0.021634615384615384 0.040865384615384616
0 0.41225961538461536 0.5745192307692307 0.026442307692307692 0.04807692307692308
0 0.43990384615384615 0.5721153846153846 0.026442307692307692 0.038461538461538464
0 0.46153846153846156 0.5733173076923077 0.019230769230769232 0.038461538461538464
0 0.4855769230769231 0.5745192307692307 0.021634615384615384 0.036057692307692304
0 0.5108173076923077 0.5721153846153846 0.026442307692307692 0.040865384615384616
0 0.5420673076923077 0.5733173076923077 0.026442307692307692 0.038461538461538464
0 0.5673076923076923 0.5757211538461539 0.02403846153846154 0.040865384615384616
0 0.5913461538461539 0.5733173076923077 0.02403846153846154 0.040865384615384616
0 0.6165865384615384 0.5733173076923077 0.021634615384615384 0.040865384615384616
0 0.640625 0.5733173076923077 0.02403846153846154 0.038461538461538464
0 0.6658653846153846 0.5769230769230769 0.021634615384615384 0.038461538461538464
0 0.6899038461538461 0.5769230769230769 0.02403846153846154 0.038461538461538464
0 0.39903846153846156 0.3173076923076923 0.02403846153846154 0.04326923076923077
2 0.7584134615384616 0.5396634615384616 0.0673076923076923 0.08653846153846154