0 0.9795673076923077 0.12379807692307693 0.014423076923076924 0.0985576923076923
0 0.6009615384615384 0.7692307692307693 0.02403846153846154 0.05048076923076923
0 0.30288461538461536 0.734375 0.026442307692307692 0.04567307692307692
0 0.21153846153846154 0.7908653846153846 0.026442307692307692 0.04807692307692308
0 0.8329326923076923 0.5024038461538461 0.026442307692307692 0.052884615384615384
0 0.234375 0.7908653846153846 0.014423076923076924 0.036057692307692304
0 0.8209134615384616 0.5600961538461539 0.02403846153846154 0.05048076923076923
0 0.8221153846153846 0.6286057692307693 0.02403846153846154 0.04326923076923077
0 0.7836538461538461 0.5757211538461539 0.019230769230769232 0.040865384615384616
0 0.7896634615384616 0.6310096153846154 0.028846153846153848 0.05048076923076923
0 0.7487980769230769 0.6394230769230769 0.02403846153846154 0.040865384615384616
0 0.7163461538461539 0.6418269230769231 0.021634615384615384 0.040865384615384616
0 0.75 0.5733173076923077 0.028846153846153848 0.04807692307692308
0 0.7211538461538461 0.5060096153846154 0.026442307692307692 0.052884615384615384
0 0.6586538461538461 0.5180288461538461 0.026442307692307692 0.04807692307692308
0 0.6165865384615384 0.5168269230769231 0.028846153846153848 0.055288461538461536
0 0.5901442307692307 0.5228365384615384 0.019230769230769232 0.04326923076923077
0 0.5564903846153846 0.5204326923076923 0.02403846153846154 0.04326923076923077
0 0.5096153846153846 0.5228365384615384 0.026442307692307692 0.04807692307692308
0 0.3137019230769231 0.1045673076923077 0.014423076923076924 0.08413461538461539
0 0.2247596153846154 0.19591346153846154 0.02403846153846154 0.08653846153846154
0 0.2824519230769231 0.8425480769230769 0.021634615384615384 0.04326923076923077
0 0.25961538461538464 0.8425480769230769 0.021634615384615384 0.038461538461538464
0 0.23197115384615385 0.84375 0.019230769230769232 0.040865384615384616
0 0.19831730769230768 0.8413461538461539 0.026442307692307692 0.04567307692307692
0 0.16947115384615385 0.84375 0.02403846153846154 0.040865384615384616
0 0.14302884615384615 0.8473557692307693 0.021634615384615384 0.040865384615384616
0 0.004807692307692308 0.8509615384615384 0.009615384615384616 0.04807692307692308
0 0.020432692307692308 0.4855769230769231 0.021634615384615384 0.038461538461538464
0 0.04807692307692308 0.4807692307692308 0.021634615384615384 0.040865384615384616
0 0.07451923076923077 0.4795673076923077 0.026442307692307692 0.052884615384615384
0 0.10697115384615384 0.4807692307692308 0.019230769230769232 0.038461538461538464
0 0.13942307692307693 0.47836538461538464 0.02403846153846154 0.04326923076923077
0 0.2127403846153846 0.47475961538461536 0.021634615384615384 0.038461538461538464
0 0.36778846153846156 0.47716346153846156 0.02403846153846154 0.036057692307692304
0 0.38822115384615385 0.47836538461538464 0.019230769230769232 0.036057692307692304
0 0.41466346153846156 0.47596153846153844 0.026442307692307692 0.05048076923076923
0 0.4423076923076923 0.47716346153846156 0.02403846153846154 0.04326923076923077
0 0.46634615384615385 0.47475961538461536 0.014423076923076924 0.038461538461538464
0 0.49038461538461536 0.4723557692307692 0.019230769230769232 0.038461538461538464
0 0.5168269230769231 0.4723557692307692 0.02403846153846154 0.038461538461538464
0 0.5480769230769231 0.46875 0.021634615384615384 0.038461538461538464
0 0.5757211538461539 0.46634615384615385 0.02403846153846154 0.040865384615384616
0 0.6009615384615384 0.4651442307692308 0.021634615384615384 0.040865384615384616
0 0.6274038461538461 0.4639423076923077 0.019230769230769232 0.04326923076923077
0 0.6526442307692307 0.46153846153846156 0.021634615384615384 0.04326923076923077
0 0.6778846153846154 0.4579326923076923 0.019230769230769232 0.038461538461538464
0 0.703125 0.45552884615384615 0.021634615384615384 0.038461538461538464
0 0.44350961538461536 0.7415865384615384 0.021634615384615384 0.04807692307692308
2 0.7764423076923077 0.49399038461538464 0.0673076923076923 0.09615384615384616