0 0.020432692307692308 0.6286057692307693 0.021634615384615384 0.04326923076923077
0 0.07091346153846154 0.10216346153846154 0.01201923076923077 0.0889423076923077
0 0.4483173076923077 0.6850961538461539 0.019230769230769232 0.038461538461538464
0 0.8185096153846154 0.6586538461538461 0.026442307692307692 0.040865384615384616
0 0.8774038461538461 0.7115384615384616 0.02403846153846154 0.04326923076923077
0 0.19831730769230768 0.4338942307692308 0.021634615384615384 0.04807692307692308
0 0.8569711538461539 0.7127403846153846 0.01201923076923077 0.03365384615384615
0 0.2091346153846154 0.48677884615384615 0.021634615384615384 0.04326923076923077
0 0.20673076923076922 0.5504807692307693 0.021634615384615384 0.038461538461538464
0 0.24519230769230768 0.4987980769230769 0.019230769230769232 0.036057692307692304
0 0.23798076923076922 0.5528846153846154 0.02403846153846154 0.04567307692307692
0 0.12620192307692307 0.9579326923076923 0.01201923076923077 0.08413461538461539
0 0.27524038461538464 0.5588942307692307 0.02403846153846154 0.038461538461538464
0 0.30649038461538464 0.5612980769230769 0.019230769230769232 0.036057692307692304
0 0.27524038461538464 0.49759615384615385 0.026442307692307692 0.04326923076923077
0 0.30288461538461536 0.43509615384615385 0.02403846153846154 0.04326923076923077
0 0.359375 0.45072115384615385 0.021634615384615384 0.038461538461538464
0 0.39903846153846156 0.453125 0.02403846153846154 0.04807692307692308
0 0.42427884615384615 0.4567307692307692 0.016826923076923076 0.040865384615384616
0 0.4543269230769231 0.45552884615384615 0.021634615384615384 0.040865384615384616
0 0.49759615384615385 0.45552884615384615 0.02403846153846154 0.040865384615384616
0 0.6850961538461539 0.06490384615384616 0.01201923076923077 0.07451923076923077
0 0.7668269230769231 0.15504807692307693 0.021634615384615384 0.08173076923076923
0 0.703125 0.7584134615384616 0.019230769230769232 0.038461538461538464
0 0.7247596153846154 0.7584134615384616 0.019230769230769232 0.038461538461538464
0 0.75 0.7608173076923077 0.019230769230769232 0.040865384615384616
0 0.7800480769230769 0.7596153846153846 0.026442307692307692 0.038461538461538464
0 0.8076923076923077 0.7596153846153846 0.021634615384615384 0.038461538461538464
0 0.8305288461538461 0.7644230769230769 0.019230769230769232 0.038461538461538464
0 0.9639423076923077 0.7680288461538461 0.019230769230769232 0.040865384615384616
0 0.9867788461538461 0.7680288461538461 0.016826923076923076 0.036057692307692304
0 0.9927884615384616 0.42908653846153844 0.01201923076923077 0.036057692307692304
0 0.9771634615384616 0.4266826923076923 0.021634615384615384 0.036057692307692304
0 0.9495192307692307 0.4254807692307692 0.021634615384615384 0.036057692307692304
0 0.9242788461538461 0.4230769230769231 0.019230769230769232 0.038461538461538464
0 0.8990384615384616 0.4206730769230769 0.02403846153846154 0.040865384615384616
0 0.8701923076923077 0.421875 0.016826923076923076 0.036057692307692304
0 0.8413461538461539 0.41947115384615385 0.021634615384615384 0.038461538461538464
0 0.7740384615384616 0.4170673076923077 0.019230769230769232 0.036057692307692304
0 0.6298076923076923 0.4182692307692308 0.019230769230769232 0.03365384615384615
0 0.6105769230769231 0.41947115384615385 0.019230769230769232 0.036057692307692304
0 0.5877403846153846 0.41346153846153844 0.02403846153846154 0.04326923076923077
0 0.5600961538461539 0.41586538461538464 0.021634615384615384 0.036057692307692304
0 0.5384615384615384 0.41225961538461536 0.014423076923076924 0.036057692307692304
0 0.515625 0.4098557692307692 0.016826923076923076 0.03365384615384615
0 0.49158653846153844 0.4110576923076923 0.021634615384615384 0.036057692307692304
0 0.46274038461538464 0.40865384615384615 0.021634615384615384 0.036057692307692304
0 0.4375 0.40625 0.021634615384615384 0.036057692307692304
0 0.41466346153846156 0.4050480769230769 0.019230769230769232 0.036057692307692304
0 0.390625 0.40384615384615385 0.019230769230769232 0.038461538461538464
0 0.36658653846153844 0.4026442307692308 0.019230769230769232 0.038461538461538464
0 0.3425480769230769 0.39783653846153844 0.016826923076923076 0.036057692307692304
0 0.32091346153846156 0.3954326923076923 0.019230769230769232 0.036057692307692304
0 0.6682692307692307 0.6610576923076923 0.019230769230769232 0.038461538461538464
2 0.2536057692307692 0.42427884615384615 0.06009615384615385 0.07451923076923077