0 0.026494153405451228 0.5305406718696989 0.018859088001272672 0.010029764427970277
0 0.37086231874599634 0.5716616573569105 0.011946016669318027 0.01994047776748147
0 0.39856914807445115 0.5347420107149552 0.022810791335136305 0.014072423683797375
0 0.49557141740926924 0.5422965611704422 0.02282897266868176 0.015634923683797552
0 0.20727143873326964 0.4835862823993196 0.02282897266868176 0.015634923683797375
0 0.4752589174092693 0.5430058893007432 0.011836928668045487 0.010565477767481467
0 0.2168100707351787 0.49732140018533444 0.01733295066836362 0.013100200725639333
0 0.21384870273708767 0.5114930275899962 0.021230110001590852 0.012455359981466607
0 0.24965893340226955 0.4993005624363865 0.01654261000159085 0.012291668874473949
0 0.24355438407063312 0.5120188172457099 0.02282897266868176 0.015634923683797375
0 0.11962708274981435 0.6085714134321785 0.009584085335772619 0.01829613221398514
0 0.277965746737724 0.5139434157944311 0.02044886000159085 0.012428078130301046
0 0.30767142807126946 0.5144692054501447 0.016515338001272716 0.009947918874474127
0 0.2809089334022696 0.4982092883897694 0.022810791335136214 0.014072423683797552
0 0.30887030140036054 0.48316464174781404 0.020485222668681757 0.015553078130301046
0 0.3651748454009969 0.4858878484639032 0.02044886000159085 0.012428078130301046
0 0.4026930267345423 0.4861408196079626 0.02282897266868176 0.015634923683797375
0 0.4261487080680878 0.4868848640729998 0.01653351933481808 0.01151041887447395
0 0.4558362080680878 0.4858481537287135 0.01964942866804531 0.010838296279135662
0 0.4996043894016332 0.48588287006344955 0.022011360001590853 0.01248264183263199
0 0.6954975973901792 0.39463284356976175 0.007994313335454351 0.015897818511654283
0 0.7722782733927245 0.41070922215554984 0.016615335335772485 0.01854166887447395
0 0.6895032307447236 0.551155662081416 0.01651533800127254 0.009947918874474127
0 0.7113782307447237 0.5503917702487839 0.017323860001590852 0.01231895072563951
0 0.7363782307447237 0.5495187510114904 0.01576136000159085 0.012264387023308565
0 0.7660657307447236 0.5484820406672041 0.022810791335136214 0.014072423683797552
0 0.7926464120782691 0.5491169577275795 0.02122101933481808 0.011674109981466608
0 0.8161020934118145 0.5498610021926167 0.016542610001590675 0.012291668874473949
0 0.9915763430338849 0.47025780382923 0.016847313932230178 0.01153770072563951
0 0.9699168894016331 0.469459195661862 0.02121192866804549 0.01089285998146643
0 0.9433543894016332 0.4703867786014865 0.01808692866804549 0.010783732576804895
0 0.9183543894016332 0.47125979783878014 0.016533519334818437 0.011510418874474126
0 0.8948987080680878 0.470515753373743 0.022029541335136217 0.014045141832631992
0 0.8651930267345425 0.46998996371802926 0.018895450668363623 0.013154764427970278
0 0.8370680267345424 0.4709721103599847 0.020448860001590675 0.012428078130301046
0 0.7698441640674514 0.4701933495602114 0.017323860001590852 0.01231895072563951
0 0.629200982733906 0.47354158276998853 0.01731476933481808 0.011537700725639333
0 0.610450982733906 0.4741963471979588 0.015734088001272538 0.009920637023308565
0 0.5885578014003606 0.4733977390305908 0.02123920066836362 0.013236609981466608
0 0.562013482733906 0.4758878219702153 0.019640338001272538 0.010057046279135663
0 0.5416828014003606 0.4750346501005165 0.012609088001272539 0.009811509618646852
0 0.5197896200668151 0.4742360419331485 0.015743178668045487 0.010701887023308387
0 0.4947714387332697 0.4735465611704422 0.02282897266868176 0.015634923683797552
0 0.4682089387332697 0.47447414411006666 0.01808692866804549 0.010783732576804895
0 0.44319075739972413 0.47378466334736036 0.018868178668045486 0.010811014427970278
0 0.41975325739972413 0.4746031188823232 0.016524428668045488 0.010729168874473949
0 0.39629757606617877 0.47385907441728603 0.01574317866804531 0.010701887023308565
0 0.37284189473263335 0.4731150299522489 0.016515338001272716 0.009947918874473948
0 0.3509668947326333 0.4738789217848808 0.01653351933481808 0.011510418874474126
0 0.3275112133990879 0.4731348773198437 0.01653351933481808 0.011510418874474126
0 0.30639982940799654 0.5395237691524757 0.018077838001272717 0.010002482576804894