0 0.040625 0.5265625 0.0171875 0.009375
0 0.009375 0.521875 0.0171875 0.0078125
0 0.0859375 0.403125 0.0078125 0.0203125
0 0.475 0.5375 0.0171875 0.009375
0 0.940625 0.5390625 0.021875 0.009375
0 0.965625 0.5515625 0.021875 0.009375
0 0.19375 0.48125 0.0203125 0.0078125
0 0.9453125 0.5515625 0.0109375 0.00625
0 0.1984375 0.4921875 0.0171875 0.009375
0 0.1921875 0.5078125 0.01875 0.0078125
0 0.2359375 0.4953125 0.015625 0.0078125
0 0.228125 0.5078125 0.021875 0.009375
0 0.1109375 0.60625 0.009375 0.021875
0 0.2671875 0.5109375 0.0203125 0.0078125
0 0.3 0.5109375 0.0171875 0.0078125
0 0.2703125 0.4953125 0.0234375 0.009375
0 0.3015625 0.48125 0.021875 0.009375
0 0.3578125 0.4828125 0.0203125 0.0078125
0 0.3953125 0.4828125 0.021875 0.009375
0 0.4203125 0.484375 0.0140625 0.009375
0 0.45 0.484375 0.0203125 0.0078125
0 0.4921875 0.484375 0.021875 0.009375
0 0.6890625 0.390625 0.009375 0.0171875
0 0.765625 0.4140625 0.0171875 0.0171875
0 0.68125 0.5578125 0.0171875 0.009375
0 0.703125 0.559375 0.0171875 0.0078125
0 0.728125 0.559375 0.015625 0.009375
0 0.7578125 0.559375 0.021875 0.0078125
0 0.7859375 0.559375 0.01875 0.0078125
0 0.8078125 0.5609375 0.015625 0.0078125
0 0.83125 0.5609375 0.01875 0.0078125
0 0.9390625 0.5625 0.015625 0.0078125
0 0.959375 0.5625 0.015625 0.0078125
0 0.984375 0.4828125 0.01875 0.0078125
0 0.9625 0.4828125 0.01875 0.0078125
0 0.9359375 0.48125 0.01875 0.0078125
0 0.9109375 0.48125 0.015625 0.0078125
0 0.8859375 0.48125 0.021875 0.0078125
0 0.8578125 0.48125 0.015625 0.0078125
0 0.8296875 0.4796875 0.01875 0.0078125
0 0.7640625 0.4765625 0.0171875 0.0078125
0 0.6234375 0.475 0.01875 0.0078125
0 0.603125 0.4765625 0.015625 0.0078125
0 0.58125 0.475 0.0203125 0.009375
0 0.5546875 0.475 0.0171875 0.0078125
0 0.534375 0.4734375 0.0109375 0.0078125
0 0.5125 0.4734375 0.015625 0.0078125
0 0.4875 0.4734375 0.0203125 0.0078125
0 0.459375 0.4734375 0.01875 0.00625
0 0.4359375 0.471875 0.0171875 0.0078125
0 0.4125 0.471875 0.015625 0.00625
0 0.3890625 0.471875 0.015625 0.0078125
0 0.365625 0.471875 0.0171875 0.0078125
0 0.34375 0.4703125 0.015625 0.0078125
0 0.3203125 0.4703125 0.0171875 0.0078125
0 0.7578125 0.5359375 0.0171875 0.0078125