0 0.34615384615384615 0.8942307692307693 0.01201923076923077 0.0889423076923077
0 0.29447115384615385 0.7055288461538461 0.026442307692307692 0.057692307692307696
0 0.4026442307692308 0.75 0.02403846153846154 0.055288461538461536
0 0.1622596153846154 0.44591346153846156 0.02403846153846154 0.05048076923076923
0 0.3798076923076923 0.7536057692307693 0.014423076923076924 0.04567307692307692
0 0.17307692307692307 0.5108173076923077 0.021634615384615384 0.04567307692307692
0 0.16947115384615385 0.5709134615384616 0.021634615384615384 0.057692307692307696
0 0.2091346153846154 0.5264423076923077 0.016826923076923076 0.04807692307692308
0 0.20192307692307693 0.5769230769230769 0.026442307692307692 0.06490384615384616
0 0.07211538461538461 0.9711538461538461 0.009615384615384616 0.057692307692307696
0 0.2403846153846154 0.5913461538461539 0.02403846153846154 0.05048076923076923
0 0.27283653846153844 0.5985576923076923 0.019230769230769232 0.04807692307692308
0 0.24158653846153846 0.5276442307692307 0.026442307692307692 0.05048076923076923
0 0.27163461538461536 0.46274038461538464 0.02403846153846154 0.06009615384615385
0 0.33413461538461536 0.4831730769230769 0.021634615384615384 0.05048076923076923
0 0.375 0.4855769230769231 0.02403846153846154 0.055288461538461536
0 0.4014423076923077 0.49278846153846156 0.016826923076923076 0.04326923076923077
0 0.4326923076923077 0.4963942307692308 0.02403846153846154 0.04567307692307692
0 0.4795673076923077 0.5024038461538461 0.02403846153846154 0.052884615384615384
0 0.6875 0.125 0.01201923076923077 0.07692307692307693
0 0.7716346153846154 0.20552884615384615 0.021634615384615384 0.08653846153846154
0 0.6911057692307693 0.8125 0.019230769230769232 0.04807692307692308
0 0.7139423076923077 0.8137019230769231 0.019230769230769232 0.04567307692307692
0 0.7415865384615384 0.8161057692307693 0.016826923076923076 0.05048076923076923
0 0.7740384615384616 0.8173076923076923 0.02403846153846154 0.04807692307692308
0 0.8028846153846154 0.8233173076923077 0.021634615384615384 0.04807692307692308
0 0.8269230769230769 0.8269230769230769 0.019230769230769232 0.04807692307692308
0 0.9891826923076923 0.5 0.021634615384615384 0.04807692307692308
0 0.9603365384615384 0.4951923076923077 0.021634615384615384 0.05048076923076923
0 0.9338942307692307 0.49278846153846156 0.019230769230769232 0.04807692307692308
0 0.90625 0.48677884615384615 0.02403846153846154 0.057692307692307696
0 0.8762019230769231 0.4855769230769231 0.019230769230769232 0.04807692307692308
0 0.8449519230769231 0.484375 0.021634615384615384 0.04326923076923077
0 0.7740384615384616 0.4735576923076923 0.019230769230769232 0.05048076923076923
0 0.6213942307692307 0.46875 0.021634615384615384 0.04326923076923077
0 0.5997596153846154 0.4675480769230769 0.016826923076923076 0.04567307692307692
0 0.5745192307692307 0.45913461538461536 0.02403846153846154 0.057692307692307696
0 0.546875 0.4639423076923077 0.021634615384615384 0.04326923076923077
0 0.5228365384615384 0.4579326923076923 0.014423076923076924 0.04807692307692308
0 0.5 0.453125 0.019230769230769232 0.040865384615384616
0 0.4735576923076923 0.44711538461538464 0.021634615384615384 0.05048076923076923
0 0.44350961538461536 0.44350961538461536 0.021634615384615384 0.04567307692307692
0 0.4170673076923077 0.4411057692307692 0.019230769230769232 0.04567307692307692
0 0.3918269230769231 0.43509615384615385 0.019230769230769232 0.05048076923076923
0 0.36658653846153844 0.43149038461538464 0.019230769230769232 0.05048076923076923
0 0.34134615384615385 0.42908653846153844 0.019230769230769232 0.04326923076923077
0 0.3161057692307692 0.42427884615384615 0.016826923076923076 0.05048076923076923
0 0.2920673076923077 0.41947115384615385 0.019230769230769232 0.04567307692307692
0 0.20432692307692307 0.7007211538461539 0.019230769230769232 0.05048076923076923
2 0.21875 0.4362980769230769 0.06490384615384616 0.10576923076923077