0 0.01875 0.5311082900419564 0.01953125 0.013198739627037881
0 0.0875 0.40663035352912935 0.00703125 0.02006404626573364
0 0.3984375 0.5770667883915712 0.01640625 0.01061819128671182
0 0.6703125 0.5929807439999373 0.021875 0.011032588382282427
0 0.75 0.6130816016782514 0.02265625 0.014216787967363942
0 0.2015625 0.50121099295103 0.021875 0.013376338382282426
0 0.7296875 0.6115424124661322 0.01015625 0.0078008446060596984
0 0.209375 0.5143029888018452 0.01875 0.011577040041956366
0 0.20625 0.5296911904615191 0.01875 0.011577040041956366
0 0.24375 0.5200327705454317 0.01640625 0.01218069128671182
0 0.2359375 0.5319407746946165 0.021875 0.011032588382282427
0 0.1109375 0.6177813410815747 0.01171875 0.023544243776222728
0 0.271875 0.5377889556083663 0.0203125 0.013257939212119397
0 0.3015625 0.5400385398414637 0.0171875 0.012239890871793335
0 0.2734375 0.5222823547785292 0.02265625 0.014216787967363942
0 0.303125 0.5104694390116267 0.01953125 0.013979989627037882
0 0.3578125 0.5177384099673326 0.02109375 0.010973388797200912
0 0.396875 0.5206983892214081 0.02265625 0.015779287967363942
0 0.4203125 0.5240368767738535 0.015625 0.012121491701630304
0 0.45 0.5262864610069509 0.01953125 0.01241748962703788
0 0.49375 0.5311641377715155 0.0203125 0.013257939212119397
0 0.6890625 0.4569015340418936 0.01171875 0.01807549377622273
0 0.7671875 0.48313399255004474 0.0171875 0.020052390871793335
0 0.6828125 0.6173654373612415 0.0171875 0.013021140871793336
0 0.7046875 0.6205855257435238 0.0171875 0.011458640871793335
0 0.7296875 0.6224799124661322 0.015625 0.009777741701630305
0 0.759375 0.6247294966992296 0.02265625 0.014998037967363941
0 0.7859375 0.6283047825920012 0.02109375 0.010973388797200912
0 0.8078125 0.6299623709742834 0.01640625 0.01061819128671182
0 0.9390625 0.6430329012679774 0.0171875 0.012239890871793335
0 0.984375 0.5667789772027051 0.01796875 0.010736590456874851
0 0.9625 0.5651213888204227 0.01875 0.010014540041956366
0 0.9375 0.5616645020978144 0.01796875 0.010736590456874851
0 0.9125 0.558207615375206 0.015625 0.010558991701630304
0 0.8875 0.5563132286525976 0.021875 0.013376338382282426
0 0.8578125 0.5540636444195002 0.015625 0.010558991701630304
0 0.83125 0.5504883585267287 0.0203125 0.013257939212119218
0 0.7640625 0.5438346942097187 0.0171875 0.012239890871793335
0 0.6234375 0.5331787688950465 0.01875 0.010795790041956365
0 0.6046875 0.5317579788530903 0.015625 0.010558991701630304
0 0.58125 0.5284194913006448 0.0203125 0.014039189212119395
0 0.55625 0.5265251045780366 0.01875 0.010795790041956365
0 0.534375 0.5233050161957542 0.01171875 0.00948174377622273
0 0.5125 0.5216474278134718 0.01640625 0.01139944128671182
0 0.4890625 0.5198714402610266 0.02109375 0.01175463879720091
0 0.4609375 0.5161777551980921 0.01640625 0.00905569128671182
0 0.4359375 0.5127208684754837 0.01953125 0.013198739627037881
0 0.4140625 0.5110632800932013 0.0171875 0.011458640871793335
0 0.390625 0.509287292540756 0.015625 0.011340241701630305
0 0.3671875 0.5059488049883105 0.0171875 0.012239890871793335
0 0.34375 0.5026103174358653 0.0140625 0.011221842531467274
0 0.321875 0.5009527290535829 0.01796875 0.00995534045687485
0 0.5421875 0.5832720120465693 0.01640625 0.01061819128671182