0 0.9783653846153846 0.34134615384615385 0.021634615384615384 0.04567307692307692
0 0.9579326923076923 0.9242788461538461 0.016826923076923076 0.07451923076923077
0 0.5841346153846154 0.28125 0.026442307692307692 0.06971153846153846
0 0.34615384615384615 0.33413461538461536 0.028846153846153848 0.04567307692307692
0 0.2512019230769231 0.2848557692307692 0.028846153846153848 0.04567307692307692
0 0.8016826923076923 0.5456730769230769 0.028846153846153848 0.052884615384615384
0 0.27163461538461536 0.28365384615384615 0.016826923076923076 0.036057692307692304
0 0.7872596153846154 0.4879807692307692 0.02403846153846154 0.052884615384615384
0 0.7872596153846154 0.4254807692307692 0.02403846153846154 0.04326923076923077
0 0.7512019230769231 0.47596153846153844 0.021634615384615384 0.04326923076923077
0 0.7536057692307693 0.421875 0.028846153846153848 0.05048076923076923
0 0.8497596153846154 0.021634615384615384 0.016826923076923076 0.04326923076923077
0 0.7163461538461539 0.41586538461538464 0.026442307692307692 0.04326923076923077
0 0.6838942307692307 0.41346153846153844 0.021634615384615384 0.04326923076923077
0 0.71875 0.4807692307692308 0.028846153846153848 0.04807692307692308
0 0.6935096153846154 0.5456730769230769 0.026442307692307692 0.052884615384615384
0 0.6322115384615384 0.5360576923076923 0.02403846153846154 0.04326923076923077
0 0.5925480769230769 0.5384615384615384 0.028846153846153848 0.052884615384615384
0 0.5673076923076923 0.5324519230769231 0.019230769230769232 0.040865384615384616
0 0.5336538461538461 0.5324519230769231 0.02403846153846154 0.04326923076923077
0 0.4879807692307692 0.5336538461538461 0.026442307692307692 0.04326923076923077
0 0.3125 0.9387019230769231 0.016826923076923076 0.07692307692307693
0 0.2247596153846154 0.8581730769230769 0.026442307692307692 0.07932692307692307
0 0.25961538461538464 0.234375 0.021634615384615384 0.040865384615384616
0 0.23677884615384615 0.23317307692307693 0.02403846153846154 0.040865384615384616
0 0.21033653846153846 0.23557692307692307 0.021634615384615384 0.04567307692307692
0 0.1778846153846154 0.23918269230769232 0.026442307692307692 0.04326923076923077
0 0.14903846153846154 0.23677884615384615 0.02403846153846154 0.040865384615384616
0 0.12379807692307693 0.23317307692307693 0.021634615384615384 0.040865384615384616
0 0.018028846153846152 0.5817307692307693 0.02403846153846154 0.040865384615384616
0 0.04447115384615385 0.5841346153846154 0.021634615384615384 0.040865384615384616
0 0.07091346153846154 0.5865384615384616 0.026442307692307692 0.05048076923076923
0 0.10096153846153846 0.5853365384615384 0.021634615384615384 0.040865384615384616
0 0.13221153846153846 0.5877403846153846 0.026442307692307692 0.040865384615384616
0 0.203125 0.5877403846153846 0.02403846153846154 0.040865384615384616
0 0.35336538461538464 0.5805288461538461 0.02403846153846154 0.040865384615384616
0 0.3737980769230769 0.578125 0.021634615384615384 0.040865384615384616
0 0.39783653846153844 0.5817307692307693 0.026442307692307692 0.04807692307692308
0 0.4254807692307692 0.578125 0.026442307692307692 0.040865384615384616
0 0.4483173076923077 0.5805288461538461 0.016826923076923076 0.040865384615384616
0 0.4723557692307692 0.5829326923076923 0.021634615384615384 0.038461538461538464
0 0.49759615384615385 0.5829326923076923 0.02403846153846154 0.040865384615384616
0 0.5276442307692307 0.5841346153846154 0.02403846153846154 0.040865384615384616
0 0.5528846153846154 0.5853365384615384 0.02403846153846154 0.038461538461538464
0 0.5793269230769231 0.5889423076923077 0.021634615384615384 0.04326923076923077
0 0.6045673076923077 0.5889423076923077 0.019230769230769232 0.04326923076923077
0 0.6286057692307693 0.5913461538461539 0.02403846153846154 0.04326923076923077
0 0.6526442307692307 0.5913461538461539 0.019230769230769232 0.040865384615384616
0 0.6766826923076923 0.5925480769230769 0.021634615384615384 0.04326923076923077
0 0.47475961538461536 0.3233173076923077 0.021634615384615384 0.04326923076923077
2 0.7463942307692307 0.5576923076923077 0.0673076923076923 0.09615384615384616