0 0.007211538461538462 0.5949519230769231 0.014423076923076924 0.04567307692307692
0 0.11177884615384616 0.040865384615384616 0.016826923076923076 0.08173076923076923
0 0.36899038461538464 0.7091346153846154 0.02403846153846154 0.06490384615384616
0 0.6021634615384616 0.6947115384615384 0.026442307692307692 0.04567307692307692
0 0.6850961538461539 0.7548076923076923 0.026442307692307692 0.04567307692307692
0 0.203125 0.4266826923076923 0.026442307692307692 0.052884615384615384
0 0.6646634615384616 0.7536057692307693 0.014423076923076924 0.03365384615384615
0 0.20673076923076922 0.4831730769230769 0.021634615384615384 0.052884615384615384
0 0.19951923076923078 0.5432692307692307 0.02403846153846154 0.04326923076923077
0 0.23918269230769232 0.5012019230769231 0.019230769230769232 0.040865384615384616
0 0.23076923076923078 0.5492788461538461 0.026442307692307692 0.05048076923076923
0 0.07451923076923077 0.9314903846153846 0.014423076923076924 0.07932692307692307
0 0.2644230769230769 0.5612980769230769 0.02403846153846154 0.04326923076923077
0 0.29447115384615385 0.5685096153846154 0.021634615384615384 0.040865384615384616
0 0.2704326923076923 0.5012019230769231 0.026442307692307692 0.04807692307692308
0 0.30408653846153844 0.44350961538461536 0.02403846153846154 0.052884615384615384
0 0.3605769230769231 0.46153846153846156 0.02403846153846154 0.04326923076923077
0 0.39903846153846156 0.4639423076923077 0.026442307692307692 0.052884615384615384
0 0.4230769230769231 0.47475961538461536 0.019230769230769232 0.038461538461538464
0 0.453125 0.4795673076923077 0.02403846153846154 0.04326923076923077
0 0.49759615384615385 0.4855769230769231 0.02403846153846154 0.04326923076923077
0 0.7235576923076923 0.12860576923076922 0.014423076923076924 0.07451923076923077
0 0.7944711538461539 0.21754807692307693 0.02403846153846154 0.07451923076923077
0 0.6682692307692307 0.8028846153846154 0.019230769230769232 0.038461538461538464
0 0.6911057692307693 0.8076923076923077 0.021634615384615384 0.040865384615384616
0 0.7151442307692307 0.8088942307692307 0.019230769230769232 0.04326923076923077
0 0.7451923076923077 0.8112980769230769 0.026442307692307692 0.04326923076923077
0 0.7728365384615384 0.8173076923076923 0.02403846153846154 0.040865384615384616
0 0.7956730769230769 0.8245192307692307 0.021634615384615384 0.038461538461538464
0 0.9278846153846154 0.8461538461538461 0.021634615384615384 0.040865384615384616
0 0.9927884615384616 0.5168269230769231 0.014423076923076924 0.038461538461538464
0 0.9759615384615384 0.5132211538461539 0.02403846153846154 0.038461538461538464
0 0.9483173076923077 0.5096153846153846 0.021634615384615384 0.040865384615384616
0 0.9242788461538461 0.5036057692307693 0.019230769230769232 0.038461538461538464
0 0.8990384615384616 0.4963942307692308 0.02403846153846154 0.05048076923076923
0 0.8701923076923077 0.49278846153846156 0.019230769230769232 0.038461538461538464
0 0.8413461538461539 0.4879807692307692 0.02403846153846154 0.040865384615384616
0 0.7752403846153846 0.47716346153846156 0.021634615384615384 0.040865384615384616
0 0.6322115384615384 0.46153846153846156 0.021634615384615384 0.040865384615384616
0 0.6129807692307693 0.45913461538461536 0.019230769230769232 0.038461538461538464
0 0.5901442307692307 0.453125 0.02403846153846154 0.04807692307692308
0 0.5637019230769231 0.453125 0.02403846153846154 0.040865384615384616
0 0.5420673076923077 0.44591346153846156 0.016826923076923076 0.038461538461538464
0 0.5204326923076923 0.43990384615384615 0.019230769230769232 0.036057692307692304
0 0.4963942307692308 0.4375 0.02403846153846154 0.040865384615384616
0 0.4675480769230769 0.43149038461538464 0.021634615384615384 0.040865384615384616
0 0.4423076923076923 0.42788461538461536 0.021634615384615384 0.038461538461538464
0 0.41947115384615385 0.4206730769230769 0.021634615384615384 0.040865384615384616
0 0.39663461538461536 0.4170673076923077 0.019230769230769232 0.040865384615384616
0 0.37259615384615385 0.4098557692307692 0.021634615384615384 0.04326923076923077
0 0.34975961538461536 0.40625 0.019230769230769232 0.038461538461538464
0 0.3269230769230769 0.4014423076923077 0.021634615384615384 0.040865384615384616
0 0.47836538461538464 0.6862980769230769 0.019230769230769232 0.040865384615384616
2 0.25600961538461536 0.4230769230769231 0.0625 0.0889423076923077