0 0.6298076923076923 0.13822115384615385 0.014423076923076924 0.08653846153846154
0 0.6394230769230769 0.3004807692307692 0.028846153846153848 0.057692307692307696
0 0.5300480769230769 0.2644230769230769 0.028846153846153848 0.057692307692307696
0 0.8341346153846154 0.5456730769230769 0.026442307692307692 0.052884615384615384
0 0.5528846153846154 0.25841346153846156 0.016826923076923076 0.04567307692307692
0 0.8221153846153846 0.4831730769230769 0.02403846153846154 0.052884615384615384
0 0.8209134615384616 0.4230769230769231 0.026442307692307692 0.057692307692307696
0 0.7848557692307693 0.4699519230769231 0.021634615384615384 0.04807692307692308
0 0.7884615384615384 0.4182692307692308 0.028846153846153848 0.06490384615384616
0 0.8942307692307693 0.02283653846153846 0.014423076923076924 0.04567307692307692
0 0.75 0.4074519230769231 0.026442307692307692 0.052884615384615384
0 0.7175480769230769 0.40384615384615385 0.021634615384615384 0.04807692307692308
0 0.7512019230769231 0.47115384615384615 0.028846153846153848 0.05048076923076923
0 0.7259615384615384 0.5384615384615384 0.026442307692307692 0.0625
0 0.6622596153846154 0.5204326923076923 0.02403846153846154 0.05048076923076923
0 0.6213942307692307 0.5204326923076923 0.028846153846153848 0.06009615384615385
0 0.5961538461538461 0.515625 0.019230769230769232 0.04326923076923077
0 0.5637019230769231 0.5144230769230769 0.02403846153846154 0.05048076923076923
0 0.5168269230769231 0.5096153846153846 0.026442307692307692 0.052884615384615384
0 0.3317307692307692 0.9014423076923077 0.014423076923076924 0.07211538461538461
0 0.24278846153846154 0.8221153846153846 0.026442307692307692 0.08413461538461539
0 0.2920673076923077 0.2091346153846154 0.021634615384615384 0.04807692307692308
0 0.26802884615384615 0.21153846153846154 0.021634615384615384 0.04807692307692308
0 0.24158653846153846 0.2091346153846154 0.021634615384615384 0.04567307692307692
0 0.20793269230769232 0.21153846153846154 0.026442307692307692 0.05048076923076923
0 0.17908653846153846 0.20673076923076922 0.026442307692307692 0.04807692307692308
0 0.15504807692307693 0.20192307692307693 0.021634615384615384 0.05048076923076923
0 0.01201923076923077 0.5408653846153846 0.02403846153846154 0.05048076923076923
0 0.039663461538461536 0.5432692307692307 0.02403846153846154 0.04807692307692308
0 0.06610576923076923 0.5432692307692307 0.021634615384615384 0.04567307692307692
0 0.09254807692307693 0.5492788461538461 0.026442307692307692 0.055288461538461536
0 0.12379807692307693 0.5492788461538461 0.021634615384615384 0.05048076923076923
0 0.15384615384615385 0.5504807692307693 0.02403846153846154 0.05048076923076923
0 0.22716346153846154 0.5552884615384616 0.02403846153846154 0.052884615384615384
0 0.3786057692307692 0.5528846153846154 0.02403846153846154 0.04567307692307692
0 0.39903846153846156 0.5504807692307693 0.019230769230769232 0.04807692307692308
0 0.42427884615384615 0.5576923076923077 0.026442307692307692 0.06009615384615385
0 0.4519230769230769 0.5516826923076923 0.02403846153846154 0.040865384615384616
0 0.47475961538461536 0.5564903846153846 0.016826923076923076 0.04567307692307692
0 0.4987980769230769 0.5576923076923077 0.021634615384615384 0.04326923076923077
0 0.5252403846153846 0.5625 0.026442307692307692 0.055288461538461536
0 0.5552884615384616 0.5673076923076923 0.02403846153846154 0.052884615384615384
0 0.5817307692307693 0.5685096153846154 0.02403846153846154 0.04807692307692308
0 0.6069711538461539 0.5709134615384616 0.021634615384615384 0.05048076923076923
0 0.6334134615384616 0.5733173076923077 0.021634615384615384 0.05048076923076923
0 0.6586538461538461 0.5757211538461539 0.021634615384615384 0.04807692307692308
0 0.6826923076923077 0.5793269230769231 0.019230769230769232 0.04807692307692308
0 0.7079326923076923 0.5817307692307693 0.021634615384615384 0.04807692307692308
0 0.7331730769230769 0.2932692307692308 0.021634615384615384 0.05048076923076923
2 0.7788461538461539 0.5588942307692307 0.06971153846153846 0.11057692307692307