0 0.3088942307692308 0.7560096153846154 0.026442307692307692 0.09134615384615384
0 0.48677884615384615 0.6862980769230769 0.03125 0.05048076923076923
0 0.578125 0.7536057692307693 0.028846153846153848 0.04807692307692308
0 0.171875 0.3942307692307692 0.028846153846153848 0.052884615384615384
0 0.5552884615384616 0.7536057692307693 0.016826923076923076 0.036057692307692304
0 0.17427884615384615 0.4543269230769231 0.026442307692307692 0.052884615384615384
0 0.16105769230769232 0.515625 0.026442307692307692 0.04567307692307692
0 0.20793269230769232 0.4735576923076923 0.02403846153846154 0.04567307692307692
0 0.19230769230769232 0.5240384615384616 0.03125 0.057692307692307696
0 0.009615384615384616 0.9098557692307693 0.019230769230769232 0.0673076923076923
0 0.22956730769230768 0.5432692307692307 0.028846153846153848 0.04807692307692308
0 0.2608173076923077 0.5504807692307693 0.02403846153846154 0.04567307692307692
0 0.2403846153846154 0.47716346153846156 0.03125 0.04807692307692308
0 0.27884615384615385 0.4170673076923077 0.03125 0.057692307692307696
0 0.33653846153846156 0.4423076923076923 0.028846153846153848 0.05048076923076923
0 0.3762019230769231 0.4495192307692308 0.03125 0.055288461538461536
0 0.4014423076923077 0.46153846153846156 0.021634615384615384 0.038461538461538464
0 0.4326923076923077 0.4651442307692308 0.026442307692307692 0.04567307692307692
0 0.47836538461538464 0.47716346153846156 0.028846153846153848 0.04807692307692308
0 0.7367788461538461 0.11899038461538461 0.019230769230769232 0.07692307692307693
0 0.8088942307692307 0.21514423076923078 0.03125 0.08653846153846154
0 0.6430288461538461 0.8185096153846154 0.02403846153846154 0.04567307692307692
0 0.6646634615384616 0.8233173076923077 0.02403846153846154 0.038461538461538464
0 0.6923076923076923 0.828125 0.02403846153846154 0.052884615384615384
0 0.7247596153846154 0.8317307692307693 0.028846153846153848 0.04807692307692308
0 0.7524038461538461 0.8425480769230769 0.026442307692307692 0.040865384615384616
0 0.7752403846153846 0.8485576923076923 0.02403846153846154 0.040865384615384616
0 0.9134615384615384 0.8810096153846154 0.02403846153846154 0.040865384615384616
0 0.9819711538461539 0.5360576923076923 0.026442307692307692 0.04567307692307692
0 0.9555288461538461 0.5300480769230769 0.026442307692307692 0.040865384615384616
0 0.9278846153846154 0.5228365384615384 0.021634615384615384 0.040865384615384616
0 0.9026442307692307 0.5144230769230769 0.028846153846153848 0.055288461538461536
0 0.8725961538461539 0.5096153846153846 0.02403846153846154 0.040865384615384616
0 0.8425480769230769 0.5024038461538461 0.026442307692307692 0.040865384615384616
0 0.7728365384615384 0.4855769230769231 0.02403846153846154 0.04567307692307692
0 0.6225961538461539 0.46033653846153844 0.02403846153846154 0.040865384615384616
0 0.6021634615384616 0.4579326923076923 0.02403846153846154 0.04567307692307692
0 0.5793269230769231 0.4483173076923077 0.028846153846153848 0.052884615384615384
0 0.5504807692307693 0.44711538461538464 0.026442307692307692 0.038461538461538464
0 0.5276442307692307 0.4387019230769231 0.019230769230769232 0.04567307692307692
0 0.5060096153846154 0.4326923076923077 0.021634615384615384 0.040865384615384616
0 0.4807692307692308 0.42427884615384615 0.026442307692307692 0.04807692307692308
0 0.45072115384615385 0.41466346153846156 0.02403846153846154 0.040865384615384616
0 0.4254807692307692 0.4098557692307692 0.026442307692307692 0.04567307692307692
0 0.4014423076923077 0.4026442307692308 0.02403846153846154 0.04567307692307692
0 0.3762019230769231 0.39783653846153844 0.02403846153846154 0.04567307692307692
0 0.35216346153846156 0.3894230769230769 0.02403846153846154 0.04567307692307692
0 0.328125 0.38221153846153844 0.021634615384615384 0.04807692307692308
0 0.30408653846153844 0.375 0.02403846153846154 0.04567307692307692
0 0.36658653846153844 0.6766826923076923 0.02403846153846154 0.040865384615384616
2 0.22956730769230768 0.3942307692307692 0.07211538461538461 0.10576923076923077