0 0.0049844640247038614 0.5257640039543328 0.009968928049407723 0.010920253954332715
0 0.07191462850097005 0.4050641847906915 0.010892859981466562 0.021507585475263546
0 0.4170038952911931 0.5599505919382353 0.016706350362819578 0.009262253460041059
0 0.7780505226958547 0.5715326680591396 0.023092759618646853 0.013423171444818749
0 0.835371949374877 0.5879508469183321 0.022202382213985315 0.01026633794672165
0 0.18324894338442727 0.4878368755128822 0.019885914065150567 0.010952087452429992
0 0.815059449374877 0.587123175967805 0.01199156851165455 0.008290002471457924
0 0.19057037006344957 0.5022177104938541 0.01994047776748138 0.012514587452429993
0 0.18539179674247186 0.5160892095052709 0.019913195916315997 0.011733337452429993
0 0.22483624265878782 0.5067433844101308 0.01587053666048881 0.007667919961943781
0 0.216587233040141 0.5189250494291587 0.02074900961864685 0.013327670950527093
0 0.08976678349562794 0.6107703567298017 0.010057046279135706 0.019913251977166268
0 0.25247016933781014 0.5219518903416297 0.02228422776748138 0.012610087946721471
0 0.2821576693378101 0.5231615632693232 0.016760914065150522 0.010824753460041059
0 0.2545237426587878 0.5079530573378241 0.023065477767481468 0.012641921444818748
0 0.2847568796820964 0.4935377302655176 0.021475695916315995 0.011797004448624193
0 0.3408431885751039 0.5005172421285156 0.022256945916315996 0.011828837946721649
0 0.376726124872773 0.5035440830409866 0.022311509618646853 0.013391337946721472
0 0.4017261248727729 0.5045627549800968 0.0144171640651507 0.010729252965749581
0 0.43141362487277296 0.5057724279077904 0.019913195916316084 0.011733337452429993
0 0.4735465611704421 0.509053936805039 0.01985863221398514 0.010170837452429993
0 0.6736408196079626 0.4248884783255322 0.010783732576804895 0.018382585475263547
0 0.7510019277753306 0.44994682813525183 0.021049109981466606 0.02192142095052709
0 0.6616070671608918 0.5902588103407547 0.018241568511654194 0.008544670456235437
0 0.6834820671608919 0.5911501482874761 0.018241568511654194 0.008544670456235437
0 0.7084820671608919 0.5921688202265865 0.01595238221398514 0.01001166996194378
0 0.7381695671608919 0.5933784931542798 0.02220238221398514 0.01026633794672147
0 0.7647320671608918 0.5944608320895846 0.01977678666048881 0.007827087452429993
0 0.7865525034585611 0.596914670036306 0.019159227767481468 0.012482753954332714
0 0.9177479397562301 0.6038251977166349 0.019131945916316083 0.011701503954332537
0 0.9395683760538993 0.6062790356633563 0.016788195916316084 0.011606003460041236
0 0.9658431885751039 0.5259840406062722 0.0175421640651507 0.010856586958138337
0 0.9439681885751039 0.5250927026595507 0.019913195916316084 0.011733337452429993
0 0.9174602522774347 0.5224478637242461 0.01899553666048881 0.007795253954332715
0 0.8924602522774346 0.5214291917851359 0.018296132213985315 0.010107170456235437
0 0.8690773159797656 0.51891168684222 0.023092759618646853 0.013423171444818749
0 0.8393898159797655 0.5177020139145265 0.0167609140651507 0.010824753460041237
0 0.8112648159797654 0.5165560079830275 0.019858632213985317 0.010170837452429993
0 0.7456943796820964 0.512319494142863 0.018241568511654194 0.008544670456235437
0 0.6051239433844272 0.5050269644853678 0.01829613221398514 0.010107170456235437
0 0.5863739433844273 0.5042629605310351 0.01673363221398514 0.01004350346004106
0 0.5629364433844273 0.5033079555881192 0.022284227767481467 0.012610087946721471
0 0.5363739433844273 0.5022256166528146 0.019913195916316084 0.011733337452429993
0 0.5161160070867581 0.49983544570228755 0.011210318511654193 0.008258168973360824
0 0.4942410070867581 0.4989441077555661 0.015897818511654192 0.008449169961943781
0 0.4708035070867581 0.49798910281265013 0.019050100362819577 0.009357753954332715
0 0.442733070789089 0.49528059688115106 0.019913195916316084 0.011733337452429993
0 0.41773307078908906 0.49426192494204085 0.019131945916316083 0.011701503954332716
0 0.3959126344914198 0.49180808699531936 0.01595238221398514 0.01001166996194396
0 0.3724751344914198 0.4908530820524035 0.015925100362819754 0.009230419961943782
0 0.34903763449141983 0.4898980771094877 0.01829613221398514 0.010107170456235437
0 0.3256546981937507 0.4873805721665717 0.015171132213985139 0.00997983646384668
0 0.30383426189608154 0.4849267342198503 0.016679068511654283 0.008481003460041058
0 0.6327380226958548 0.5656116374130613 0.016706350362819578 0.009262253460041059