0 0.5300480769230769 0.3137019230769231 0.02403846153846154 0.04807692307692308
0 0.02403846153846154 0.3557692307692308 0.028846153846153848 0.04567307692307692
0 0.003605769230769231 0.2980769230769231 0.007211538461538462 0.04807692307692308
0 0.8581730769230769 0.5420673076923077 0.026442307692307692 0.04326923076923077
0 0.014423076923076924 0.2956730769230769 0.016826923076923076 0.03365384615384615
0 0.8485576923076923 0.4891826923076923 0.02403846153846154 0.04567307692307692
0 0.8485576923076923 0.4206730769230769 0.02403846153846154 0.04326923076923077
0 0.8064903846153846 0.47836538461538464 0.019230769230769232 0.040865384615384616
0 0.8100961538461539 0.4230769230769231 0.028846153846153848 0.04567307692307692
0 0.9014423076923077 0.013221153846153846 0.014423076923076924 0.026442307692307692
0 0.7668269230769231 0.41586538461538464 0.026442307692307692 0.038461538461538464
0 0.7307692307692307 0.4182692307692308 0.021634615384615384 0.04326923076923077
0 0.7704326923076923 0.4831730769230769 0.03125 0.04807692307692308
0 0.7415865384615384 0.5528846153846154 0.028846153846153848 0.04807692307692308
0 0.6790865384615384 0.5480769230769231 0.026442307692307692 0.04326923076923077
0 0.6370192307692307 0.5492788461538461 0.028846153846153848 0.05048076923076923
0 0.6117788461538461 0.5456730769230769 0.019230769230769232 0.04567307692307692
0 0.5793269230769231 0.5504807692307693 0.026442307692307692 0.04326923076923077
0 0.5324519230769231 0.5516826923076923 0.028846153846153848 0.04567307692307692
0 0.3557692307692308 0.9747596153846154 0.014423076923076924 0.05048076923076923
0 0.2620192307692308 0.8954326923076923 0.028846153846153848 0.08653846153846154
0 0.2980769230769231 0.24278846153846154 0.02403846153846154 0.04567307692307692
0 0.27403846153846156 0.24278846153846154 0.021634615384615384 0.04326923076923077
0 0.24639423076923078 0.24278846153846154 0.021634615384615384 0.04807692307692308
0 0.21394230769230768 0.24759615384615385 0.028846153846153848 0.040865384615384616
0 0.18509615384615385 0.24759615384615385 0.02403846153846154 0.04326923076923077
0 0.16105769230769232 0.24639423076923078 0.021634615384615384 0.04326923076923077
0 0.13341346153846154 0.24639423076923078 0.02403846153846154 0.04326923076923077
0 0.015625 0.24879807692307693 0.021634615384615384 0.040865384615384616
0 0.02283653846153846 0.609375 0.02403846153846154 0.040865384615384616
0 0.051682692307692304 0.609375 0.02403846153846154 0.040865384615384616
0 0.07932692307692307 0.6105769230769231 0.021634615384615384 0.04326923076923077
0 0.10576923076923077 0.6081730769230769 0.026442307692307692 0.04326923076923077
0 0.13581730769230768 0.6057692307692307 0.021634615384615384 0.040865384615384616
0 0.16826923076923078 0.6105769230769231 0.02403846153846154 0.04326923076923077
0 0.24158653846153846 0.6153846153846154 0.02403846153846154 0.038461538461538464
0 0.39302884615384615 0.6057692307692307 0.02403846153846154 0.040865384615384616
0 0.41466346153846156 0.6021634615384616 0.021634615384615384 0.040865384615384616
0 0.4387019230769231 0.6045673076923077 0.026442307692307692 0.04567307692307692
0 0.4675480769230769 0.6033653846153846 0.02403846153846154 0.040865384615384616
0 0.49158653846153844 0.6045673076923077 0.016826923076923076 0.036057692307692304
0 0.515625 0.6045673076923077 0.019230769230769232 0.038461538461538464
0 0.5408653846153846 0.6009615384615384 0.026442307692307692 0.04326923076923077
0 0.5733173076923077 0.6021634615384616 0.02403846153846154 0.03365384615384615
0 0.5985576923076923 0.6033653846153846 0.021634615384615384 0.038461538461538464
0 0.625 0.5997596153846154 0.021634615384615384 0.03365384615384615
0 0.6502403846153846 0.5997596153846154 0.019230769230769232 0.038461538461538464
0 0.6742788461538461 0.6021634615384616 0.021634615384615384 0.040865384615384616
0 0.6995192307692307 0.6033653846153846 0.019230769230769232 0.038461538461538464
0 0.7247596153846154 0.6021634615384616 0.021634615384615384 0.038461538461538464
0 0.22355769230769232 0.35216346153846156 0.021634615384615384 0.04326923076923077
2 0.7944711538461539 0.5564903846153846 0.06971153846153846 0.08173076923076923