0 0.6225961538461539 0.9326923076923077 0.021634615384615384 0.09375
0 0.7115384615384616 0.7283653846153846 0.03125 0.057692307692307696
0 0.5997596153846154 0.7692307692307693 0.028846153846153848 0.0625
0 0.8329326923076923 0.47115384615384615 0.028846153846153848 0.055288461538461536
0 0.6213942307692307 0.7752403846153846 0.016826923076923076 0.04567307692307692
0 0.8209134615384616 0.5348557692307693 0.02403846153846154 0.052884615384615384
0 0.8197115384615384 0.5961538461538461 0.026442307692307692 0.057692307692307696
0 0.78125 0.5492788461538461 0.021634615384615384 0.04567307692307692
0 0.7860576923076923 0.6033653846153846 0.028846153846153848 0.06009615384615385
0 0.8954326923076923 0.9891826923076923 0.01201923076923077 0.021634615384615384
0 0.7475961538461539 0.6129807692307693 0.026442307692307692 0.055288461538461536
0 0.7127403846153846 0.6201923076923077 0.021634615384615384 0.04807692307692308
0 0.7487980769230769 0.5504807692307693 0.028846153846153848 0.052884615384615384
0 0.7211538461538461 0.4831730769230769 0.028846153846153848 0.06490384615384616
0 0.6586538461538461 0.5024038461538461 0.026442307692307692 0.05048076923076923
0 0.6165865384615384 0.5024038461538461 0.028846153846153848 0.06009615384615385
0 0.5901442307692307 0.5060096153846154 0.019230769230769232 0.04326923076923077
0 0.5576923076923077 0.5060096153846154 0.026442307692307692 0.05048076923076923
0 0.5096153846153846 0.5120192307692307 0.028846153846153848 0.055288461538461536
0 0.32091346153846156 0.12139423076923077 0.014423076923076924 0.07451923076923077
0 0.23076923076923078 0.19831730769230768 0.026442307692307692 0.08653846153846154
0 0.2800480769230769 0.8173076923076923 0.021634615384615384 0.04807692307692308
0 0.25600961538461536 0.8161057692307693 0.02403846153846154 0.04567307692307692
0 0.2283653846153846 0.8161057692307693 0.021634615384615384 0.05048076923076923
0 0.19471153846153846 0.8173076923076923 0.028846153846153848 0.052884615384615384
0 0.1658653846153846 0.8209134615384616 0.026442307692307692 0.05048076923076923
0 0.140625 0.8245192307692307 0.021634615384615384 0.05048076923076923
0 0.003605769230769231 0.484375 0.007211538461538462 0.05048076923076923
0 0.02283653846153846 0.48197115384615385 0.02403846153846154 0.05048076923076923
0 0.05048076923076923 0.4807692307692308 0.021634615384615384 0.05048076923076923
0 0.07932692307692307 0.47475961538461536 0.028846153846153848 0.0625
0 0.11057692307692307 0.47475961538461536 0.02403846153846154 0.05048076923076923
0 0.140625 0.47475961538461536 0.02403846153846154 0.04807692307692308
0 0.21394230769230768 0.46634615384615385 0.02403846153846154 0.05048076923076923
0 0.36778846153846156 0.47115384615384615 0.02403846153846154 0.04567307692307692
0 0.3894230769230769 0.47115384615384615 0.021634615384615384 0.04567307692307692
0 0.41586538461538464 0.46634615384615385 0.026442307692307692 0.06009615384615385
0 0.44350961538461536 0.47115384615384615 0.026442307692307692 0.04807692307692308
0 0.46634615384615385 0.4639423076923077 0.016826923076923076 0.04326923076923077
0 0.49038461538461536 0.46274038461538464 0.021634615384615384 0.040865384615384616
0 0.5180288461538461 0.4579326923076923 0.026442307692307692 0.05048076923076923
0 0.5492788461538461 0.4543269230769231 0.02403846153846154 0.055288461538461536
0 0.5757211538461539 0.453125 0.02403846153846154 0.052884615384615384
0 0.6009615384615384 0.4495192307692308 0.021634615384615384 0.05048076923076923
0 0.6274038461538461 0.44591346153846156 0.021634615384615384 0.05048076923076923
0 0.6538461538461539 0.44471153846153844 0.021634615384615384 0.04807692307692308
0 0.6790865384615384 0.43990384615384615 0.019230769230769232 0.04567307692307692
0 0.703125 0.4375 0.021634615384615384 0.04567307692307692
0 0.8004807692307693 0.7247596153846154 0.02403846153846154 0.057692307692307696
2 0.7764423076923077 0.45913461538461536 0.06971153846153846 0.11538461538461539