0 0.02283653846153846 0.609375 0.020432692307692308 0.039663461538461536
0 0.08653846153846154 0.09975961538461539 0.009615384615384616 0.08413461538461539
0 0.4483173076923077 0.6682692307692307 0.019230769230769232 0.037259615384615384
0 0.8329326923076923 0.6622596153846154 0.02283653846153846 0.039663461538461536
0 0.8822115384615384 0.7175480769230769 0.021634615384615384 0.039663461538461536
0 0.19951923076923078 0.4230769230769231 0.020432692307692308 0.046875
0 0.8629807692307693 0.7163461538461539 0.01201923076923077 0.03245192307692308
0 0.2091346153846154 0.47716346153846156 0.019230769230769232 0.042067307692307696
0 0.203125 0.5384615384615384 0.019230769230769232 0.037259615384615384
0 0.24158653846153846 0.49038461538461536 0.016826923076923076 0.03485576923076923
0 0.234375 0.5408653846153846 0.02283653846153846 0.04447115384615385
0 0.11177884615384616 0.9387019230769231 0.009615384615384616 0.09014423076923077
0 0.2704326923076923 0.5480769230769231 0.021634615384615384 0.037259615384615384
0 0.3004807692307692 0.5504807692307693 0.016826923076923076 0.03485576923076923
0 0.27283653846153844 0.48677884615384615 0.02283653846153846 0.042067307692307696
0 0.3016826923076923 0.42788461538461536 0.021634615384615384 0.04447115384615385
0 0.3581730769230769 0.4375 0.020432692307692308 0.042067307692307696
0 0.3954326923076923 0.4423076923076923 0.02403846153846154 0.046875
0 0.41947115384615385 0.44591346153846156 0.014423076923076924 0.042067307692307696
0 0.4495192307692308 0.44591346153846156 0.020432692307692308 0.039663461538461536
0 0.49278846153846156 0.4483173076923077 0.021634615384615384 0.039663461538461536
0 0.6887019230769231 0.07692307692307693 0.009615384615384616 0.07451923076923077
0 0.765625 0.1658653846153846 0.019230769230769232 0.07692307692307693
0 0.6814903846153846 0.7560096153846154 0.018028846153846152 0.037259615384615384
0 0.703125 0.7560096153846154 0.019230769230769232 0.039663461538461536
0 0.7283653846153846 0.7584134615384616 0.016826923076923076 0.037259615384615384
0 0.7584134615384616 0.7584134615384616 0.02283653846153846 0.037259615384615384
0 0.7848557692307693 0.7596153846153846 0.020432692307692308 0.039663461538461536
0 0.8064903846153846 0.7644230769230769 0.018028846153846152 0.037259615384615384
0 0.9375 0.7728365384615384 0.018028846153846152 0.037259615384615384
0 0.9603365384615384 0.7740384615384616 0.015625 0.03485576923076923
0 0.984375 0.44350961538461536 0.019230769230769232 0.03245192307692308
0 0.9615384615384616 0.43990384615384615 0.020432692307692308 0.037259615384615384
0 0.9362980769230769 0.4362980769230769 0.020432692307692308 0.03485576923076923
0 0.9110576923076923 0.4338942307692308 0.016826923076923076 0.037259615384615384
0 0.8870192307692307 0.4326923076923077 0.02283653846153846 0.039663461538461536
0 0.8581730769230769 0.4326923076923077 0.016826923076923076 0.03485576923076923
0 0.8293269230769231 0.42788461538461536 0.019230769230769232 0.037259615384615384
0 0.7632211538461539 0.4230769230769231 0.018028846153846152 0.03245192307692308
0 0.6225961538461539 0.4170673076923077 0.019230769230769232 0.030048076923076924
0 0.6033653846153846 0.4182692307692308 0.015625 0.03485576923076923
0 0.5805288461538461 0.41466346153846156 0.020432692307692308 0.039663461538461536
0 0.5552884615384616 0.4098557692307692 0.019230769230769232 0.03485576923076923
0 0.5336538461538461 0.4050480769230769 0.01201923076923077 0.03245192307692308
0 0.5120192307692307 0.4014423076923077 0.016826923076923076 0.03245192307692308
0 0.4879807692307692 0.4014423076923077 0.020432692307692308 0.037259615384615384
0 0.46033653846153844 0.39783653846153844 0.019230769230769232 0.03485576923076923
0 0.43509615384615385 0.3954326923076923 0.018028846153846152 0.037259615384615384
0 0.41225961538461536 0.3954326923076923 0.016826923076923076 0.03485576923076923
0 0.3894230769230769 0.39302884615384615 0.016826923076923076 0.03485576923076923
0 0.36658653846153844 0.390625 0.019230769230769232 0.03485576923076923
0 0.3425480769230769 0.38461538461538464 0.015625 0.03245192307692308
0 0.32091346153846156 0.38461538461538464 0.018028846153846152 0.03245192307692308
0 0.6790865384615384 0.6598557692307693 0.016826923076923076 0.037259615384615384
2 0.2536057692307692 0.4182692307692308 0.057692307692307696 0.06971153846153846