0 0.017221777912929975 0.530066931598266 0.018809087334017517 0.011248313140062116
0 0.36222520570422295 0.5630797687687873 0.00870283430895542 0.0192505289391951
0 0.3639967839630542 0.5270512635071155 0.021943177693097126 0.012992823663405772
0 0.4623797418085765 0.530692932021789 0.021943177693097126 0.01299282366340595
0 0.20027062724900002 0.47879431598265965 0.021943177693097126 0.012992823663405772
0 0.4420581514494968 0.533438500423523 0.012559087334017605 0.010884292093374803
0 0.20800131401728347 0.4924017896743004 0.016469882513557278 0.011893055247554329
0 0.20480359114464655 0.5050838001976441 0.021152837334017516 0.011384821032569903
0 0.24079563329912426 0.4936156791791916 0.018818177693097127 0.012810813140062294
0 0.23447291042648732 0.506479700225879 0.02196135841125635 0.01611782366340577
0 0.10894566959986947 0.6043851211596268 0.00714033430895542 0.01915952367752336
0 0.2688388200674077 0.5060400844690982 0.02117556323171659 0.015291071032569903
0 0.29851722970832806 0.5058734844973332 0.017246587334017516 0.011157307878390199
0 0.27204563329912423 0.4917955739457545 0.024273292154477665 0.010785581555913738
0 0.3002524465308408 0.47609497923566124 0.021180108411256348 0.016072321032569902
0 0.35647517545360197 0.4775062898154747 0.020385222872636888 0.013683068401734033
0 0.39397517545360194 0.4753221635353503 0.02274260841125635 0.01616332629424182
0 0.4189660850945224 0.4754285793486007 0.014126132513557366 0.01175654735504672
0 0.44864449473544266 0.4752619793768357 0.018809087334017604 0.011248313140062294
0 0.4908229043763631 0.4743673373116957 0.022742608411256526 0.01616332629424182
0 0.6881887837666625 0.3785256743410427 0.007903403590796287 0.01608002630835923
0 0.764642199457707 0.39281641651912214 0.018082379488495094 0.020577810509226246
0 0.6794672478587007 0.5352307006494019 0.017255677693097125 0.012719807878390199
0 0.7013422478587007 0.5339566269859961 0.017251132513557366 0.011938557878390377
0 0.7263422478587007 0.5325005427992465 0.016469882513557365 0.011893055247554329
0 0.7575922478587007 0.5306804375658095 0.022724427693097127 0.01303832629424182
0 0.7841456574996211 0.5306958481173881 0.019585792154477664 0.010512565770898163
0 0.8060115671405415 0.5309842744539821 0.018818177693097127 0.012810813140062294
0 0.9830013140172834 0.44726317988506326 0.017255677693097125 0.012719807878390377
0 0.9611263140172834 0.44853725354846913 0.021943177693097126 0.012992823663405772
0 0.9345729043763631 0.4485218429968906 0.018809087334017604 0.011248313140062116
0 0.9095729043763632 0.44997792718364016 0.015684087334017605 0.01106630261671846
0 0.8861444947354429 0.44978050610871795 0.021952268052177003 0.014555323663405773
0 0.8564660850945224 0.44994710608048305 0.018027837334017603 0.011202810509226247
0 0.8283410850945223 0.4515852007905763 0.020385222872636888 0.013683068401734033
0 0.7627342658126816 0.452282421780794 0.01961760841125635 0.015981315770898164
0 0.6221183561717611 0.4589103953312604 0.018818177693097127 0.012810813140062115
0 0.6018058561717612 0.4600934637329944 0.015679542154477664 0.01028505261671846
0 0.5799399465308408 0.45980503739640033 0.02195681323171659 0.015336573663405772
0 0.553368356171761 0.4629146268448217 0.019590337334017605 0.011293815770898163
0 0.5330649465308408 0.46253519524655573 0.010996587334017604 0.010793286831702886
0 0.5111990368899204 0.4622467689099617 0.015679542154477664 0.01028505261671846
0 0.48620812724900003 0.4621403530967113 0.02195226805217665 0.014555323663405773
0 0.45965471760807974 0.46212494254513264 0.01960851805217665 0.014418815770898163
0 0.4346547176080796 0.46358102673188223 0.018813632513557367 0.012029563140062293
0 0.41122630796715925 0.4633836056569599 0.016465337334017605 0.01111180524755433
0 0.38778880796715925 0.4647486845820378 0.016483518052176828 0.01423680524755433
0 0.36592289832623887 0.46446025824544357 0.018032382513557366 0.011984060509226424
0 0.3424944886853185 0.46426283717052136 0.015693177693097127 0.012628802616718459
0 0.31905698868531845 0.4656279160955991 0.018023292154477667 0.010421560509226246
0 0.2764967839630542 0.5321475581607389 0.016465337334017515 0.01111180524755433