0 0.9891826923076923 0.4098557692307692 0.021634615384615384 0.040865384615384616
0 0.9086538461538461 0.9350961538461539 0.014423076923076924 0.0889423076923077
0 0.5408653846153846 0.33052884615384615 0.021634615384615384 0.036057692307692304
0 0.08653846153846154 0.3076923076923077 0.026442307692307692 0.04326923076923077
0 0.052884615384615384 0.24759615384615385 0.02403846153846154 0.04567307692307692
0 0.8100961538461539 0.5973557692307693 0.021634615384615384 0.04326923076923077
0 0.07451923076923077 0.25 0.014423076923076924 0.03365384615384615
0 0.8064903846153846 0.5408653846153846 0.019230769230769232 0.04326923076923077
0 0.8161057692307693 0.4795673076923077 0.021634615384615384 0.040865384615384616
0 0.7704326923076923 0.5264423076923077 0.019230769230769232 0.036057692307692304
0 0.7800480769230769 0.47475961538461536 0.026442307692307692 0.04326923076923077
0 0.9290865384615384 0.0673076923076923 0.014423076923076924 0.09134615384615384
0 0.7415865384615384 0.46634615384615385 0.02403846153846154 0.038461538461538464
0 0.7091346153846154 0.46153846153846156 0.019230769230769232 0.040865384615384616
0 0.7355769230769231 0.5276442307692307 0.026442307692307692 0.04567307692307692
0 0.7007211538461539 0.5889423076923077 0.02403846153846154 0.040865384615384616
0 0.6442307692307693 0.5757211538461539 0.021634615384615384 0.040865384615384616
0 0.6033653846153846 0.5709134615384616 0.026442307692307692 0.04326923076923077
0 0.578125 0.5637019230769231 0.016826923076923076 0.04326923076923077
0 0.5480769230769231 0.5625 0.021634615384615384 0.038461538461538464
0 0.5024038461538461 0.5588942307692307 0.026442307692307692 0.04326923076923077
0 0.27884615384615385 0.9362980769230769 0.014423076923076924 0.07932692307692307
0 0.20432692307692307 0.8389423076923077 0.02403846153846154 0.08173076923076923
0 0.32211538461538464 0.234375 0.021634615384615384 0.038461538461538464
0 0.29927884615384615 0.23317307692307693 0.021634615384615384 0.038461538461538464
0 0.27403846153846156 0.22956730769230768 0.019230769230769232 0.040865384615384616
0 0.2439903846153846 0.21754807692307693 0.026442307692307692 0.036057692307692304
0 0.21634615384615385 0.21394230769230768 0.021634615384615384 0.038461538461538464
0 0.19230769230769232 0.20793269230769232 0.019230769230769232 0.038461538461538464
0 0.16706730769230768 0.20793269230769232 0.021634615384615384 0.038461538461538464
0 0.057692307692307696 0.1935096153846154 0.021634615384615384 0.038461538461538464
0 0.03485576923076923 0.18990384615384615 0.019230769230769232 0.03365384615384615
0 0.014423076923076924 0.5432692307692307 0.021634615384615384 0.036057692307692304
0 0.040865384615384616 0.546875 0.021634615384615384 0.036057692307692304
0 0.06610576923076923 0.5516826923076923 0.019230769230769232 0.038461538461538464
0 0.09134615384615384 0.5528846153846154 0.02403846153846154 0.040865384615384616
0 0.12139423076923077 0.5564903846153846 0.019230769230769232 0.036057692307692304
0 0.15144230769230768 0.5625 0.02403846153846154 0.040865384615384616
0 0.22115384615384615 0.5685096153846154 0.021634615384615384 0.036057692307692304
0 0.36538461538461536 0.5913461538461539 0.021634615384615384 0.03365384615384615
0 0.3858173076923077 0.5925480769230769 0.019230769230769232 0.038461538461538464
0 0.4098557692307692 0.5961538461538461 0.02403846153846154 0.040865384615384616
0 0.4362980769230769 0.5985576923076923 0.021634615384615384 0.038461538461538464
0 0.4579326923076923 0.6009615384615384 0.014423076923076924 0.03365384615384615
0 0.4795673076923077 0.6057692307692307 0.019230769230769232 0.03365384615384615
0 0.5060096153846154 0.609375 0.02403846153846154 0.038461538461538464
0 0.5348557692307693 0.6129807692307693 0.021634615384615384 0.036057692307692304
0 0.5600961538461539 0.6165865384615384 0.021634615384615384 0.036057692307692304
0 0.5841346153846154 0.6177884615384616 0.019230769230769232 0.03365384615384615
0 0.6081730769230769 0.6225961538461539 0.019230769230769232 0.03365384615384615
0 0.6322115384615384 0.625 0.021634615384615384 0.03365384615384615
0 0.65625 0.6298076923076923 0.016826923076923076 0.03365384615384615
0 0.6790865384615384 0.6334134615384616 0.021634615384615384 0.036057692307692304
0 0.2644230769230769 0.32572115384615385 0.019230769230769232 0.04326923076923077
2 0.7512019230769231 0.5985576923076923 0.0625 0.07692307692307693