0 0.33039055318141586 0.5590452928547679 0.010467063140062205 0.019241322930778536
0 0.3854266636765247 0.5234486295803562 0.022557539462538845 0.012865170171816587
0 0.4801021268448217 0.5293910131174414 0.022557539462538755 0.012865170171816587
0 0.17316885835838308 0.476936556988262 0.021776289462538845 0.01282422659425162
0 0.4597896268448217 0.5304555461341283 0.010702281570031147 0.009907266508343327
0 0.18016231100333643 0.4905896212126132 0.019432539462538846 0.012701395861557075
0 0.1762182636482898 0.5048158955228728 0.021177049985882546 0.015908283016686654
0 0.21435530047999274 0.4919131037997587 0.016171031570031146 0.010193871551297562
0 0.20581475838661795 0.5048225395754076 0.02352079998588259 0.016031113749381376
0 0.07535444268630702 0.6051235119857876 0.010603571032569948 0.021585072930778538
0 0.24000774786327428 0.5061460221625529 0.021639781570031148 0.010480476594251798
0 0.26960424260160243 0.5061526662150877 0.019432539462538846 0.012701395861557075
0 0.24404280047999274 0.4903572478522934 0.023247784200867018 0.011343613749381375
0 0.27298684783503935 0.47482077905995795 0.02269404735504672 0.015208920171816586
0 0.32896383205002383 0.4765603414752868 0.021685284200867017 0.01126172659425162
0 0.36793532678835195 0.476075662597043 0.02352079998588259 0.016031113749381376
0 0.3912818215266801 0.4764098552700967 0.016307539462538843 0.012537621551297562
0 0.42096932152668015 0.47485399932263145 0.019341534200867018 0.011138895861557075
0 0.4630658162650083 0.47420554613412824 0.022512036831702886 0.012083920171816587
0 0.66494610565696 0.3779502645877794 0.01028505261671846 0.016116322930778536
0 0.7418880372552259 0.39416840683129184 0.018279563140062294 0.019650758706427317
0 0.6495045742281033 0.5360903132082985 0.016997784200867016 0.011016065128862352
0 0.6698170742281032 0.5350257801916116 0.019387036831702887 0.011920145861557074
0 0.6948170742281032 0.5337155857095356 0.017043286831702885 0.01179731512886235
0 0.7260670742281032 0.5320778426069406 0.023338789462538933 0.012906113749381377
0 0.7525385689664315 0.5322482609697348 0.022648544724210674 0.014427670171816587
0 0.7743225637047596 0.5326643407979182 0.017088789462538757 0.012578565128862351
0 0.9022655531814159 0.5290745940772786 0.021548776308359406 0.00891797659425162
0 0.9551623110033365 0.44997359226825634 0.018560284200867017 0.011097952283992107
0 0.9333783162650082 0.44955751244007286 0.020077281570031146 0.010398589439121864
0 0.9068158162650082 0.45094959407727864 0.020259292093374626 0.013523589439121863
0 0.8819068215266801 0.45069728855935465 0.017088789462538757 0.012578565128862351
0 0.858560326788352 0.45036309588630097 0.02352079998588259 0.016031113749381376
0 0.8288728267883521 0.4519189518337662 0.016997784200867016 0.011016065128862352
0 0.8007478267883521 0.45339292062610176 0.021639781570031148 0.010480476594251619
0 0.7353048373116957 0.45370718114155134 0.019296031570031145 0.010357645861557074
0 0.5947708425733675 0.45951452510322904 0.016952281570031147 0.010234815128862351
0 0.5760208425733675 0.46049717096478604 0.016171031570031146 0.010193871551297562
0 0.5526743478350393 0.4601629782917323 0.020259292093374803 0.013523589439121863
0 0.5275833425733676 0.4630356727738084 0.020077281570031146 0.010398589439121864
0 0.5057993478350393 0.4626195929456248 0.01290952367752336 0.007686347241038049
0 0.4840153530967113 0.4622035131174414 0.016171031570031146 0.010193871551297562
0 0.4606688583583831 0.46186932044438767 0.021821792093374804 0.01360547659425162
0 0.43254385835838305 0.4633432892367232 0.020168286831702888 0.011961089439121863
0 0.40763486362005497 0.46309098371879925 0.017824536831702886 0.01183825870642714
0 0.38585086888172676 0.4626749038906158 0.017824536831702886 0.011838258706427318
0 0.3608508688817268 0.46398509837269175 0.016171031570031146 0.010193871551297562
0 0.3390668741433986 0.4635690185445084 0.016952281570031147 0.010234815128862351
0 0.3156293741433986 0.4647973258714545 0.013827281570031148 0.010071040818602838
0 0.2938453794050705 0.46438124604327113 0.016216534200867015 0.010975121551297562
0 0.2900231584148528 0.5300062460432711 0.019387036831702887 0.011920145861557074