0 0.03581576035833426 0.5326943253319649 0.019068248746358773 0.011046584308955332
0 0.38308321694310954 0.5978728559753694 0.016193301332783516 0.019622153590796287
0 0.2910488296378064 0.5499625968019872 0.02455973079967011 0.011859650565734015
0 0.39136707838416523 0.5603183138208918 0.022238712852981467 0.012627265027114731
0 0.21744619358614453 0.4910057533196497 0.02451426669304748 0.010297150565734015
0 0.37105457838416517 0.5604364884889268 0.01359949874635884 0.01101476805217665
0 0.2272303705457487 0.505013711165172 0.019136444906292738 0.013390334308955332
0 0.2229520475053528 0.5191034822424109 0.01672449874635875 0.01103294877033605
0 0.2601792628656167 0.5095103136245 0.015920516693047393 0.01024715359079611
0 0.25268501161197554 0.520493265419898 0.024627926959604095 0.014203400565734015
0 0.2871509398252209 0.5234182775201466 0.02067621285298147 0.012618174668035031
0 0.3184918680384662 0.5263614703385542 0.018264266693047482 0.010260789129415571
0 0.28986676286561674 0.5093375968019872 0.022147784639736122 0.009502265027114732
0 0.3191450859060126 0.49510237997947454 0.022329641066226813 0.015752265027114732
0 0.37396897822588065 0.4994717174116879 0.019804034639736123 0.009488629488495093
0 0.41307694233250336 0.5008069584346975 0.023110891066226814 0.01575681020665449
0 0.43651444233250325 0.5006706030485033 0.014380748746358663 0.01101931323171641
0 0.466247406439126 0.5020603862259905 0.02138926669304748 0.010278969847574792
0 0.5100428705457487 0.5033683561717611 0.02223871285298138 0.012627265027114731
0 0.7045082728947466 0.41941047092772943 0.010610891066226813 0.015684087334017605
0 0.7800538421742187 0.4377241336919077 0.01768760517284953 0.01728749394987581
0 0.7011967194503921 0.5741434227231274 0.019136444906292738 0.013390334308955332
0 0.721509219450392 0.5740252480550925 0.017505748746358664 0.011037493949875809
0 0.746509219450392 0.5738798023098186 0.015897784639736123 0.009465903590796288
0 0.7777592194503921 0.5736979951282262 0.023019962852981378 0.012631810206654492
0 0.8043671835570148 0.5751059590238727 0.01982676669304766 0.010269879488495092
0 0.8262876476636374 0.576541193996758 0.01674723079967002 0.011814198770336048
0 0.9962096407195631 0.5036389834207612 0.007580718560873834 0.009470448770336048
0 0.978883798758994 0.5037662484478759 0.019917694906293092 0.01339487948849527
0 0.9522758346523712 0.5023582845522293 0.019849498746359016 0.011051129488495093
0 0.9272758346523713 0.5025037302975033 0.016747230799670377 0.011814198770336048
0 0.903747406439126 0.4995150856836975 0.022329641066226813 0.015752265027114732
0 0.874059906439126 0.49968780250621025 0.016701766693047303 0.010251698770336048
0 0.8459349064391259 0.4998514289696434 0.019849498746358663 0.011051129488495093
0 0.7802189782258806 0.49710822405098726 0.01906824874635884 0.011046584308955332
0 0.6395485141192581 0.49636385636815294 0.01989496285298138 0.012613629488495093
0 0.620798514119258 0.4964729406771083 0.015897784639735946 0.009465903590796288
0 0.5973155500126353 0.49504679606330254 0.022306909012915453 0.014971015027114731
0 0.5723155500126353 0.49519224180857646 0.019849498746358663 0.01105112948849527
0 0.5503950859060126 0.4937570068356911 0.015943248746358663 0.011028403590796109
0 0.5285200859060126 0.49388427186280576 0.016724498746358663 0.01103294877033605
0 0.5050371217993899 0.492458127249 0.019826766693047303 0.010269879488495271
0 0.47686665769276726 0.4910592537124332 0.019045516693047482 0.010265334308955331
0 0.45186665769276724 0.49120469945770695 0.019113712852981378 0.012609084308955331
0 0.4299461935861446 0.4897694644848217 0.015897784639735946 0.009465903590796288
0 0.4049007294795219 0.48835241023009557 0.01674723079967002 0.011814198770336048
0 0.3829802653728992 0.48691717525721023 0.018264266693047482 0.010260789129415571
0 0.3595427653728992 0.48705353064340445 0.015920516693047483 0.010247153590796287
0 0.3376223012662765 0.4856182956705191 0.01752848079967011 0.01181874394987581
0 0.2159579014245611 0.5472739340378089 0.019136444906292738 0.013390334308955332