0 0.3201597186573988 0.5722945941818525 0.01710498962703779 0.020715241701630305
0 0.23320509293245256 0.5307242460513077 0.025165943361304243 0.014335187137526972
0 0.33237629874131136 0.5340841991608742 0.023721842531467273 0.015779287967363942
0 0.16582926139864745 0.4767956078788069 0.026065592531467185 0.015956886722608487
0 0.31206379874131135 0.5356233883729935 0.014050844606059699 0.011162642946385758
0 0.17413866886718024 0.49014771285782877 0.0189159433613042 0.01386159045687485
0 0.16838557633571302 0.5045654103683178 0.018134693361304154 0.013802390871793335
0 0.20659597135669117 0.4923488302844053 0.016335395020978093 0.010558991701630304
0 0.19795467716554999 0.5038783261352204 0.025284342531467184 0.015897687137526973
0 0.23209287882522397 0.5043985443916338 0.02041924377622273 0.013198739627037881
0 0.2631060804848979 0.5051555609883733 0.0187383446060597 0.01151784045687485
0 0.23628347135669117 0.4900992460513077 0.022703794191141213 0.012595088382282427
0 0.26703656388815833 0.4737871618182103 0.02299979211654879 0.016501338382282425
0 0.3213688663776693 0.4743306908625044 0.02120049377622264 0.013257939212119397
0 0.36031296720750633 0.4729332116084288 0.022822193361304245 0.014157588382282427
0 0.38375046720750633 0.47115722405598354 0.014832094606059698 0.011221842531467274
0 0.41331956803734327 0.47047013982288616 0.022822193361304245 0.014157588382282427
0 0.45695116886718024 0.46871746305832146 0.022822193361304245 0.014157588382282427
0 0.6601013248858205 0.3709866676177803 0.01139944128671182 0.017175844606059698
0 0.7336805348438642 0.38405350744995526 0.019330340456874852 0.01933034045687476
0 0.6405673070396811 0.5262661634685954 0.019815592531467273 0.015483290041956366
0 0.6608798070396811 0.5247269742564762 0.018016294191141213 0.012239890871793335
0 0.6858798070396811 0.5228325875338677 0.016394594606059697 0.011340241701630305
0 0.7171298070396811 0.5204646041306074 0.022703794191141213 0.012595088382282427
0 0.743573907869518 0.5200143182378358 0.02120049377622273 0.013257939212119397
0 0.7653305086993551 0.5199192298555536 0.01729424377622273 0.01296194128671182
0 0.9473393705268542 0.43466512362713183 0.018016294191141213 0.012239890871793335
0 0.9254643705268542 0.4363227120094143 0.019637993776222728 0.013139540041956365
0 0.8990202696970172 0.4367729979021856 0.020360044191141215 0.01241748962703788
0 0.8740202696970172 0.43866738462479393 0.016453794191141215 0.012121491701630304
0 0.8508195680373433 0.4373183721772394 0.023958640871793335 0.01890428796736394
0 0.8211320680373433 0.4395679564103368 0.016335395020978184 0.010558991701630304
0 0.7930070680373433 0.44169914147327116 0.019519594606059697 0.011577040041956366
0 0.7276188663776694 0.44354690662011825 0.0187383446060597 0.01151784045687485
0 0.5871122655478324 0.4526403319347905 0.019519594606059697 0.011577040041956366
0 0.5683622655478324 0.45406112197674664 0.01729424377622273 0.01296194128671182
0 0.5450431647179954 0.45427460952919213 0.022940592531467276 0.015720088382282428
0 0.5200431647179954 0.4561689962518004 0.01940119543589667 0.010014540041956366
0 0.49828656388815845 0.45626408463408286 0.01651299377622273 0.012902741701630305
0 0.4764115638881584 0.4579216730163651 0.016335395020978184 0.010558991701630304
0 0.45309246305832146 0.4581351605688105 0.02131889294638576 0.01482043921211922
0 0.42508586222848443 0.45870384563174493 0.020478443361304242 0.013979989627037882
0 0.4000858622284844 0.46059823235435327 0.019578794191141214 0.012358290041956366
0 0.3783292613986474 0.46069332073663566 0.016335395020978184 0.010558991701630304
0 0.3534476605688105 0.46102520745924397 0.016394594606059697 0.011340241701630305
0 0.3316910597389735 0.4611202958415264 0.019697193361304245 0.013920790041956366
0 0.3082535597389735 0.4628962833939717 0.01729424377622273 0.01296194128671182
0 0.2864969589091365 0.4629913717762541 0.017116645020978184 0.01061819128671182
0 0.15844189127277858 0.533282406219133 0.019756392946385714 0.014702040041956365