0 0.01875 0.53125 0.01875 0.009375
0 0.3640625 0.575 0.0109375 0.01875
0 0.46875 0.5453125 0.021875 0.009375
0 0.5625 0.5578125 0.0203125 0.009375
0 0.2015625 0.4890625 0.021875 0.0109375
0 0.5421875 0.559375 0.0125 0.0078125
0 0.209375 0.503125 0.01875 0.009375
0 0.20625 0.515625 0.01875 0.009375
0 0.2421875 0.50625 0.015625 0.009375
0 0.2359375 0.5171875 0.021875 0.0125
0 0.1109375 0.6109375 0.0078125 0.0203125
0 0.2703125 0.5203125 0.0203125 0.009375
0 0.3 0.521875 0.0171875 0.009375
0 0.2734375 0.50625 0.021875 0.009375
0 0.3015625 0.4921875 0.0203125 0.0125
0 0.3578125 0.4953125 0.0203125 0.009375
0 0.396875 0.496875 0.021875 0.0109375
0 0.4203125 0.4984375 0.0140625 0.009375
0 0.45 0.4984375 0.01875 0.009375
0 0.4921875 0.5 0.021875 0.009375
0 0.6890625 0.4140625 0.009375 0.015625
0 0.7671875 0.4328125 0.0171875 0.0171875
0 0.6828125 0.571875 0.0171875 0.009375
0 0.703125 0.571875 0.0171875 0.009375
0 0.7296875 0.571875 0.015625 0.009375
0 0.759375 0.571875 0.021875 0.009375
0 0.7859375 0.575 0.0203125 0.009375
0 0.8078125 0.575 0.015625 0.0078125
0 0.9375 0.578125 0.0171875 0.009375
0 0.984375 0.5015625 0.0171875 0.009375
0 0.9625 0.5 0.0203125 0.009375
0 0.9359375 0.4984375 0.01875 0.009375
0 0.9125 0.4984375 0.015625 0.009375
0 0.8875 0.496875 0.021875 0.0109375
0 0.859375 0.496875 0.0171875 0.009375
0 0.83125 0.496875 0.0203125 0.009375
0 0.7640625 0.49375 0.01875 0.009375
0 0.6234375 0.4921875 0.01875 0.0078125
0 0.6046875 0.4921875 0.015625 0.009375
0 0.58125 0.490625 0.0203125 0.0109375
0 0.55625 0.4921875 0.0203125 0.009375
0 0.534375 0.490625 0.0125 0.009375
0 0.5125 0.4890625 0.015625 0.0078125
0 0.4890625 0.4875 0.0203125 0.0109375
0 0.4609375 0.4859375 0.01875 0.0078125
0 0.4359375 0.4859375 0.0171875 0.009375
0 0.4140625 0.4859375 0.0171875 0.009375
0 0.3890625 0.484375 0.015625 0.009375
0 0.3671875 0.484375 0.0171875 0.009375
0 0.34375 0.4828125 0.0140625 0.009375
0 0.321875 0.48125 0.0171875 0.009375
0 0.365625 0.5484375 0.0171875 0.009375