0 0.007211538461538462 0.5757211538461539 0.014423076923076924 0.04567307692307692
0 0.11057692307692307 0.04807692307692308 0.016826923076923076 0.09134615384615384
0 0.42427884615384615 0.6730769230769231 0.021634615384615384 0.040865384615384616
0 0.7776442307692307 0.6838942307692307 0.026442307692307692 0.04326923076923077
0 0.8401442307692307 0.7451923076923077 0.026442307692307692 0.04807692307692308
0 0.20673076923076922 0.40024038461538464 0.02403846153846154 0.05048076923076923
0 0.8173076923076923 0.7451923076923077 0.014423076923076924 0.03365384615384615
0 0.21153846153846154 0.4579326923076923 0.021634615384615384 0.04567307692307692
0 0.20192307692307693 0.5204326923076923 0.02403846153846154 0.040865384615384616
0 0.24519230769230768 0.47475961538461536 0.019230769230769232 0.036057692307692304
0 0.23317307692307693 0.5264423076923077 0.026442307692307692 0.04807692307692308
0 0.07572115384615384 0.9242788461538461 0.016826923076923076 0.09375
0 0.2692307692307692 0.5360576923076923 0.02403846153846154 0.040865384615384616
0 0.3004807692307692 0.5420673076923077 0.021634615384615384 0.036057692307692304
0 0.2764423076923077 0.47475961538461536 0.026442307692307692 0.04567307692307692
0 0.3125 0.41225961538461536 0.02403846153846154 0.04807692307692308
0 0.36899038461538464 0.43149038461538464 0.02403846153846154 0.04326923076923077
0 0.4074519230769231 0.4375 0.026442307692307692 0.052884615384615384
0 0.4326923076923077 0.44350961538461536 0.019230769230769232 0.040865384615384616
0 0.4639423076923077 0.44591346153846156 0.02403846153846154 0.04326923076923077
0 0.5084134615384616 0.45072115384615385 0.026442307692307692 0.04326923076923077
0 0.7403846153846154 0.07572115384615384 0.014423076923076924 0.07932692307692307
0 0.8137019230769231 0.171875 0.02403846153846154 0.07932692307692307
0 0.6838942307692307 0.7776442307692307 0.021634615384615384 0.040865384615384616
0 0.7055288461538461 0.78125 0.021634615384615384 0.038461538461538464
0 0.7319711538461539 0.7836538461538461 0.019230769230769232 0.038461538461538464
0 0.7632211538461539 0.7872596153846154 0.028846153846153848 0.040865384615384616
0 0.7920673076923077 0.7896634615384616 0.026442307692307692 0.040865384615384616
0 0.8137019230769231 0.796875 0.021634615384615384 0.036057692307692304
0 0.9495192307692307 0.8161057692307693 0.021634615384615384 0.040865384615384616
0 0.9711538461538461 0.8185096153846154 0.016826923076923076 0.036057692307692304
0 0.9927884615384616 0.4723557692307692 0.014423076923076924 0.036057692307692304
0 0.9723557692307693 0.4675480769230769 0.02403846153846154 0.038461538461538464
0 0.9459134615384616 0.46274038461538464 0.021634615384615384 0.040865384615384616
0 0.9206730769230769 0.45913461538461536 0.026442307692307692 0.04567307692307692
0 0.8894230769230769 0.45552884615384615 0.019230769230769232 0.036057692307692304
0 0.8617788461538461 0.4483173076923077 0.02403846153846154 0.040865384615384616
0 0.7932692307692307 0.4387019230769231 0.021634615384615384 0.038461538461538464
0 0.6478365384615384 0.4230769230769231 0.021634615384615384 0.036057692307692304
0 0.6274038461538461 0.421875 0.021634615384615384 0.036057692307692304
0 0.6033653846153846 0.4170673076923077 0.02403846153846154 0.04326923076923077
0 0.5757211538461539 0.41586538461538464 0.02403846153846154 0.038461538461538464
0 0.5540865384615384 0.4098557692307692 0.014423076923076924 0.036057692307692304
0 0.5324519230769231 0.4050480769230769 0.019230769230769232 0.03365384615384615
0 0.5072115384615384 0.4026442307692308 0.02403846153846154 0.038461538461538464
0 0.47836538461538464 0.39783653846153844 0.02403846153846154 0.038461538461538464
0 0.4519230769230769 0.390625 0.021634615384615384 0.040865384615384616
0 0.42908653846153844 0.3894230769230769 0.021634615384615384 0.036057692307692304
0 0.40384615384615385 0.38461538461538464 0.019230769230769232 0.038461538461538464
0 0.38100961538461536 0.38100961538461536 0.021634615384615384 0.038461538461538464
0 0.35697115384615385 0.37259615384615385 0.019230769230769232 0.036057692307692304
0 0.33413461538461536 0.3701923076923077 0.021634615384615384 0.038461538461538464
0 0.6310096153846154 0.671875 0.021634615384615384 0.040865384615384616
2 0.2608173076923077 0.40024038461538464 0.06490384615384616 0.08173076923076923