0 0.043202267987568085 0.5252181760025454 0.02011344685684686 0.012727266669318027
0 0.10464057402620534 0.40256247334499945 0.011138707195929066 0.02121192866804531
0 0.46119028866573253 0.5472600920591791 0.01684289764263518 0.009565904002227121
0 0.8219822394515208 0.5483349801081768 0.022384422249741222 0.011192038669636162
0 0.8804497109154734 0.5630701894493584 0.02327483416039975 0.01354487933640911
0 0.22234180438149825 0.4820147106938169 0.020040672249741043 0.011164766669318028
0 0.8601372109154735 0.5628338321132675 0.012119010339082336 0.008730110001590852
0 0.2308092758454509 0.49616811736154415 0.020077059553293884 0.011946016669318027
0 0.2267767473094037 0.5101760733609078 0.020040672249741043 0.011164766669318028
0 0.2653298250596626 0.4996931066995439 0.015988873035529316 0.007994313335454528
0 0.25809952191650953 0.5121022000318167 0.02000428494618811 0.010383516669318027
0 0.1391740475570727 0.6075408746817266 0.011883569892376133 0.02043976933481808
0 0.29410979652361535 0.514082870703362 0.02153039764263518 0.009620448002863569
0 0.32379729652361533 0.5144283160407254 0.01606164764263518 0.009556813335454351
0 0.29501732505966266 0.5000385520369074 0.022348034946188023 0.010410788669636161
0 0.3239770789886041 0.48475899737427086 0.02249358416039975 0.013535788669636162
0 0.3804454028099217 0.4901010253819068 0.021566784946188113 0.010401698002863568
0 0.41645567741702755 0.49208169605345214 0.022420809553294063 0.011973288669636161
0 0.44145567741702757 0.49237259739017925 0.014535534946188023 0.010319882001908986
0 0.47114317741702755 0.4927180427275427 0.019259422249740865 0.011155676002545434
0 0.5134034520241334 0.4947714387332697 0.020894696856846907 0.012736357336090798
0 0.7059847502048877 0.40487478675999566 0.01099315798171734 0.01808692866804549
0 0.7851285947043698 0.42765885343726795 0.021294957195929064 0.0213301073360908
0 0.7074488585581087 0.5704270614258139 0.018296235731976297 0.007240335335772485
0 0.7293238585581087 0.5706816000954502 0.018405397642635178 0.009584085335772485
0 0.7543238585581087 0.5709725014321773 0.01687928494618802 0.010347154002227122
0 0.7840113585581087 0.5713179467695408 0.022311647642635178 0.009629538669636162
0 0.8105738585581086 0.5716270294398133 0.019931510339082338 0.008821016669318027
0 0.8325216331652145 0.5734440681094496 0.019259422249740865 0.011155676002545434
0 0.9638444077723204 0.5765338001272668 0.018441784946188023 0.010365335335772486
0 0.9857921823794262 0.5783508387969031 0.01606164764263518 0.009556813335454351
0 0.998511976994302 0.49737355880008477 0.002976046011395894 0.009565904002227121
0 0.9835704028099217 0.4971190201304486 0.01918664764263518 0.009593176002545434
0 0.9569351282028158 0.49524743746017597 0.01918664764263518 0.009593176002545434
0 0.9319351282028159 0.4949565361234489 0.018369010339082337 0.008802835335772485
0 0.90842485359571 0.4931213161202672 0.02327483416039975 0.013544879336408933
0 0.8787373535957098 0.4927758707829037 0.01691567224974122 0.0111284040022273
0 0.85061235359571 0.49244860677908575 0.01996789764263518 0.009602266669318026
0 0.7849145789886041 0.49012249077017706 0.018405397642635178 0.009584085335772662
0 0.6442168043814982 0.486923670751087 0.018369010339082337 0.008802835335772663
0 0.6254668043814983 0.4867054947485417 0.016915672249741043 0.011128404002227121
0 0.6020293043814983 0.48643277474536006 0.022457196856846905 0.012754538669636162
0 0.5754668043814982 0.48612369207508743 0.01918664764263518 0.009593176002545256
0 0.5550815297743924 0.4843248347389967 0.010483735731976297 0.007149428668045488
0 0.5332065297743924 0.4840702960693605 0.01606164764263518 0.009556813335454351
0 0.5097690297743924 0.4837975760661788 0.01915026033908216 0.008811926002545434
0 0.4815712551672865 0.48190781206236083 0.01918664764263518 0.009593176002545434
0 0.4565712551672865 0.4816169107256337 0.01836901033908216 0.008802835335772663
0 0.43462348056018063 0.4797998720559974 0.016025260339082158 0.00877556333545435
0 0.41118598056018063 0.4795271520528157 0.015988873035529316 0.007994313335454351
0 0.38774848056018063 0.4792544320496341 0.018405397642635178 0.009584085335772662
0 0.36423820595307477 0.4774192120464524 0.015280397642635179 0.009547722668681757
0 0.3422904313459689 0.47560217337681615 0.01680651033908216 0.0087846540022273
0 0.6766697394515208 0.5466441160884505 0.01684289764263518 0.009565904002227298