0 0.014423076923076924 0.3954326923076923 0.021634615384615384 0.04567307692307692
0 0.10336538461538461 0.9314903846153846 0.01201923076923077 0.09134615384615384
0 0.43990384615384615 0.3137019230769231 0.021634615384615384 0.038461538461538464
0 0.7956730769230769 0.3137019230769231 0.026442307692307692 0.040865384615384616
0 0.859375 0.2548076923076923 0.026442307692307692 0.04807692307692308
0 0.21153846153846154 0.5793269230769231 0.02403846153846154 0.05048076923076923
0 0.8377403846153846 0.2548076923076923 0.01201923076923077 0.03365384615384615
0 0.21754807692307693 0.5216346153846154 0.021634615384615384 0.04567307692307692
0 0.21153846153846154 0.4579326923076923 0.021634615384615384 0.038461538461538464
0 0.25240384615384615 0.5060096153846154 0.019230769230769232 0.036057692307692304
0 0.2439903846153846 0.453125 0.026442307692307692 0.04807692307692308
0 0.09975961538461539 0.054086538461538464 0.01201923076923077 0.08173076923076923
0 0.2800480769230769 0.44471153846153844 0.02403846153846154 0.038461538461538464
0 0.3112980769230769 0.43990384615384615 0.019230769230769232 0.036057692307692304
0 0.2848557692307692 0.5072115384615384 0.026442307692307692 0.04567307692307692
0 0.3173076923076923 0.5709134615384616 0.02403846153846154 0.04807692307692308
0 0.3762019230769231 0.5552884615384616 0.02403846153846154 0.040865384615384616
0 0.41466346153846156 0.5504807692307693 0.026442307692307692 0.052884615384615384
0 0.43990384615384615 0.5456730769230769 0.016826923076923076 0.040865384615384616
0 0.47115384615384615 0.5444711538461539 0.02403846153846154 0.040865384615384616
0 0.5168269230769231 0.5396634615384616 0.02403846153846154 0.040865384615384616
0 0.7355769230769231 0.9230769230769231 0.01201923076923077 0.07932692307692307
0 0.8137019230769231 0.8305288461538461 0.021634615384615384 0.07932692307692307
0 0.7043269230769231 0.21754807692307693 0.021634615384615384 0.038461538461538464
0 0.7259615384615384 0.21514423076923078 0.021634615384615384 0.036057692307692304
0 0.7536057692307693 0.2127403846153846 0.019230769230769232 0.038461538461538464
0 0.7848557692307693 0.21153846153846154 0.026442307692307692 0.038461538461538464
0 0.8125 0.21033653846153846 0.02403846153846154 0.038461538461538464
0 0.8353365384615384 0.203125 0.019230769230769232 0.036057692307692304
0 0.9723557692307693 0.1875 0.019230769230769232 0.040865384615384616
0 0.9819711538461539 0.5384615384615384 0.021634615384615384 0.036057692307692304
0 0.9555288461538461 0.5432692307692307 0.019230769230769232 0.040865384615384616
0 0.9314903846153846 0.5456730769230769 0.02403846153846154 0.04567307692307692
0 0.9002403846153846 0.5480769230769231 0.019230769230769232 0.036057692307692304
0 0.8713942307692307 0.5540865384615384 0.02403846153846154 0.038461538461538464
0 0.8016826923076923 0.5612980769230769 0.021634615384615384 0.036057692307692304
0 0.6550480769230769 0.5721153846153846 0.021634615384615384 0.03365384615384615
0 0.6346153846153846 0.5721153846153846 0.019230769230769232 0.036057692307692304
0 0.6105769230769231 0.5769230769230769 0.02403846153846154 0.040865384615384616
0 0.5829326923076923 0.5769230769230769 0.021634615384615384 0.036057692307692304
0 0.5600961538461539 0.5817307692307693 0.014423076923076924 0.036057692307692304
0 0.5396634615384616 0.5865384615384616 0.016826923076923076 0.03365384615384615
0 0.5144230769230769 0.5877403846153846 0.02403846153846154 0.036057692307692304
0 0.484375 0.5925480769230769 0.021634615384615384 0.036057692307692304
0 0.45913461538461536 0.5973557692307693 0.021634615384615384 0.038461538461538464
0 0.43509615384615385 0.5985576923076923 0.019230769230769232 0.036057692307692304
0 0.4098557692307692 0.6021634615384616 0.019230769230769232 0.038461538461538464
0 0.3858173076923077 0.6045673076923077 0.021634615384615384 0.036057692307692304
0 0.36177884615384615 0.6117788461538461 0.016826923076923076 0.036057692307692304
0 0.3389423076923077 0.6141826923076923 0.021634615384615384 0.036057692307692304
0 0.6478365384615384 0.32211538461538464 0.019230769230769232 0.040865384615384616
2 0.2668269230769231 0.5817307692307693 0.0625 0.07932692307692307