0 0.9254807692307693 0.9855769230769231 0.014423076923076924 0.028846153846153848
0 0.6153846153846154 0.3389423076923077 0.02403846153846154 0.04326923076923077
0 0.28725961538461536 0.33533653846153844 0.028846153846153848 0.04326923076923077
0 0.2091346153846154 0.26802884615384615 0.026442307692307692 0.04807692307692308
0 0.8233173076923077 0.6358173076923077 0.028846153846153848 0.055288461538461536
0 0.23197115384615385 0.2704326923076923 0.014423076923076924 0.036057692307692304
0 0.8185096153846154 0.5733173076923077 0.02403846153846154 0.04807692307692308
0 0.828125 0.5048076923076923 0.02403846153846154 0.04326923076923077
0 0.7824519230769231 0.5552884615384616 0.021634615384615384 0.040865384615384616
0 0.7944711538461539 0.4987980769230769 0.028846153846153848 0.04807692307692308
0 0.9639423076923077 0.07572115384615384 0.016826923076923076 0.0889423076923077
0 0.7560096153846154 0.48677884615384615 0.026442307692307692 0.04326923076923077
0 0.7247596153846154 0.4807692307692308 0.021634615384615384 0.04326923076923077
0 0.7475961538461539 0.5540865384615384 0.03125 0.04807692307692308
0 0.7139423076923077 0.6177884615384616 0.026442307692307692 0.052884615384615384
0 0.6514423076923077 0.5985576923076923 0.026442307692307692 0.05048076923076923
0 0.6105769230769231 0.5925480769230769 0.028846153846153848 0.055288461538461536
0 0.5829326923076923 0.5841346153846154 0.019230769230769232 0.04807692307692308
0 0.5504807692307693 0.5817307692307693 0.026442307692307692 0.04326923076923077
0 0.5036057692307693 0.5721153846153846 0.026442307692307692 0.05048076923076923
0 0.25721153846153844 0.9555288461538461 0.014423076923076924 0.057692307692307696
0 0.1778846153846154 0.8665865384615384 0.026442307692307692 0.0889423076923077
0 0.3161057692307692 0.22596153846153846 0.02403846153846154 0.04567307692307692
0 0.2932692307692308 0.22355769230769232 0.02403846153846154 0.040865384615384616
0 0.265625 0.22115384615384615 0.021634615384615384 0.04807692307692308
0 0.23197115384615385 0.21875 0.028846153846153848 0.04326923076923077
0 0.20192307692307693 0.21033653846153846 0.02403846153846154 0.04326923076923077
0 0.17668269230769232 0.20552884615384615 0.021634615384615384 0.040865384615384616
0 0.03245192307692308 0.18269230769230768 0.021634615384615384 0.04807692307692308
0 0.010817307692307692 0.5516826923076923 0.021634615384615384 0.040865384615384616
0 0.037259615384615384 0.5576923076923077 0.021634615384615384 0.04326923076923077
0 0.06370192307692307 0.5637019230769231 0.026442307692307692 0.05048076923076923
0 0.09615384615384616 0.5685096153846154 0.021634615384615384 0.040865384615384616
0 0.12740384615384615 0.5745192307692307 0.02403846153846154 0.04567307692307692
0 0.19951923076923078 0.5853365384615384 0.02403846153846154 0.040865384615384616
0 0.3557692307692308 0.6021634615384616 0.02403846153846154 0.038461538461538464
0 0.37740384615384615 0.6009615384615384 0.021634615384615384 0.040865384615384616
0 0.4014423076923077 0.6105769230769231 0.026442307692307692 0.05048076923076923
0 0.43028846153846156 0.6117788461538461 0.02403846153846154 0.040865384615384616
0 0.4543269230769231 0.6177884615384616 0.016826923076923076 0.038461538461538464
0 0.47836538461538464 0.6225961538461539 0.021634615384615384 0.038461538461538464
0 0.5048076923076923 0.6274038461538461 0.026442307692307692 0.04326923076923077
0 0.5348557692307693 0.6322115384615384 0.02403846153846154 0.040865384615384616
0 0.5625 0.6394230769230769 0.02403846153846154 0.04326923076923077
0 0.5865384615384616 0.6418269230769231 0.021634615384615384 0.04326923076923077
0 0.6141826923076923 0.6466346153846154 0.021634615384615384 0.040865384615384616
0 0.6394230769230769 0.6502403846153846 0.02403846153846154 0.040865384615384616
0 0.6634615384615384 0.6598557692307693 0.021634615384615384 0.038461538461538464
0 0.6887019230769231 0.6634615384615384 0.02403846153846154 0.040865384615384616
0 0.4338942307692308 0.34375 0.021634615384615384 0.04567307692307692
2 0.765625 0.6370192307692307 0.0673076923076923 0.0889423076923077