0 0.9903846153846154 0.41225961538461536 0.019230769230769232 0.04567307692307692
0 0.6574519230769231 0.1622596153846154 0.014423076923076924 0.08173076923076923
0 0.6430288461538461 0.3161057692307692 0.028846153846153848 0.055288461538461536
0 0.5480769230769231 0.2668269230769231 0.026442307692307692 0.055288461538461536
0 0.7944711538461539 0.5721153846153846 0.026442307692307692 0.05048076923076923
0 0.5685096153846154 0.265625 0.016826923076923076 0.04326923076923077
0 0.7908653846153846 0.5120192307692307 0.021634615384615384 0.05048076923076923
0 0.7980769230769231 0.45552884615384615 0.02403846153846154 0.055288461538461536
0 0.7584134615384616 0.49399038461538464 0.021634615384615384 0.04326923076923077
0 0.7680288461538461 0.44591346153846156 0.026442307692307692 0.0625
0 0.921875 0.06971153846153846 0.014423076923076924 0.08173076923076923
0 0.7319711538461539 0.43149038461538464 0.02403846153846154 0.05048076923076923
0 0.703125 0.42427884615384615 0.021634615384615384 0.04326923076923077
0 0.7259615384615384 0.49038461538461536 0.026442307692307692 0.04807692307692308
0 0.6923076923076923 0.5504807692307693 0.026442307692307692 0.06009615384615385
0 0.6382211538461539 0.5252403846153846 0.02403846153846154 0.04807692307692308
0 0.5985576923076923 0.5204326923076923 0.028846153846153848 0.057692307692307696
0 0.5745192307692307 0.5120192307692307 0.019230769230769232 0.040865384615384616
0 0.5456730769230769 0.5072115384615384 0.02403846153846154 0.04807692307692308
0 0.5012019230769231 0.4963942307692308 0.026442307692307692 0.05048076923076923
0 0.2764423076923077 0.8389423076923077 0.01201923076923077 0.0673076923076923
0 0.20432692307692307 0.7524038461538461 0.02403846153846154 0.07932692307692307
0 0.33052884615384615 0.18389423076923078 0.021634615384615384 0.04326923076923077
0 0.3076923076923077 0.18269230769230768 0.021634615384615384 0.04326923076923077
0 0.2824519230769231 0.1778846153846154 0.019230769230769232 0.04326923076923077
0 0.2512019230769231 0.17548076923076922 0.026442307692307692 0.04807692307692308
0 0.22596153846153846 0.16706730769230768 0.02403846153846154 0.04567307692307692
0 0.203125 0.16105769230769232 0.021634615384615384 0.04567307692307692
0 0.007211538461538462 0.4519230769230769 0.01201923076923077 0.04567307692307692
0 0.02283653846153846 0.4579326923076923 0.02403846153846154 0.04807692307692308
0 0.05048076923076923 0.4651442307692308 0.02403846153846154 0.04567307692307692
0 0.07572115384615384 0.46875 0.019230769230769232 0.04326923076923077
0 0.09975961538461539 0.47716346153846156 0.02403846153846154 0.052884615384615384
0 0.12860576923076922 0.4807692307692308 0.021634615384615384 0.04567307692307692
0 0.15625 0.48677884615384615 0.02403846153846154 0.04807692307692308
0 0.22355769230769232 0.5012019230769231 0.021634615384615384 0.05048076923076923
0 0.36658653846153844 0.5180288461538461 0.021634615384615384 0.04326923076923077
0 0.3870192307692308 0.5180288461538461 0.019230769230769232 0.04567307692307692
0 0.40865384615384615 0.5300480769230769 0.026442307692307692 0.057692307692307696
0 0.43509615384615385 0.5264423076923077 0.02403846153846154 0.040865384615384616
0 0.4567307692307692 0.5348557692307693 0.016826923076923076 0.04326923076923077
0 0.47836538461538464 0.5396634615384616 0.019230769230769232 0.040865384615384616
0 0.5024038461538461 0.546875 0.02403846153846154 0.052884615384615384
0 0.5300480769230769 0.5552884615384616 0.02403846153846154 0.05048076923076923
0 0.5552884615384616 0.5600961538461539 0.021634615384615384 0.04567307692307692
0 0.578125 0.5661057692307693 0.021634615384615384 0.04567307692307692
0 0.6021634615384616 0.5709134615384616 0.019230769230769232 0.04807692307692308
0 0.625 0.5757211538461539 0.021634615384615384 0.04326923076923077
0 0.6490384615384616 0.5829326923076923 0.019230769230769232 0.04567307692307692
0 0.6706730769230769 0.5889423076923077 0.021634615384615384 0.04326923076923077
0 0.7331730769230769 0.32211538461538464 0.021634615384615384 0.04567307692307692
2 0.7403846153846154 0.5769230769230769 0.06490384615384616 0.10336538461538461