0 0.37740384615384615 0.19471153846153846 0.016826923076923076 0.09134615384615384
0 0.4879807692307692 0.3329326923076923 0.028846153846153848 0.04807692307692308
0 0.59375 0.2800480769230769 0.026442307692307692 0.05048076923076923
0 0.1814903846153846 0.5829326923076923 0.026442307692307692 0.055288461538461536
0 0.5721153846153846 0.27524038461538464 0.016826923076923076 0.038461538461538464
0 0.19230769230769232 0.5192307692307693 0.02403846153846154 0.04807692307692308
0 0.19110576923076922 0.4567307692307692 0.02403846153846154 0.05048076923076923
0 0.23076923076923078 0.5036057692307693 0.019230769230769232 0.04807692307692308
0 0.22355769230769232 0.4519230769230769 0.026442307692307692 0.06009615384615385
0 0.09975961538461539 0.03365384615384615 0.01201923076923077 0.0673076923076923
0 0.2644230769230769 0.4375 0.026442307692307692 0.04807692307692308
0 0.2980769230769231 0.4326923076923077 0.021634615384615384 0.04567307692307692
0 0.265625 0.5048076923076923 0.028846153846153848 0.05048076923076923
0 0.29447115384615385 0.5733173076923077 0.026442307692307692 0.0625
0 0.35697115384615385 0.5552884615384616 0.02403846153846154 0.04807692307692308
0 0.39903846153846156 0.5528846153846154 0.026442307692307692 0.057692307692307696
0 0.4266826923076923 0.5480769230769231 0.019230769230769232 0.04807692307692308
0 0.46033653846153844 0.546875 0.02403846153846154 0.04567307692307692
0 0.5072115384615384 0.5408653846153846 0.026442307692307692 0.04807692307692308
0 0.7127403846153846 0.9423076923076923 0.014423076923076924 0.07932692307692307
0 0.8016826923076923 0.8581730769230769 0.02403846153846154 0.08413461538461539
0 0.7295673076923077 0.22235576923076922 0.021634615384615384 0.04567307692307692
0 0.7536057692307693 0.22115384615384615 0.021634615384615384 0.04567307692307692
0 0.78125 0.21995192307692307 0.019230769230769232 0.04807692307692308
0 0.8149038461538461 0.22115384615384615 0.026442307692307692 0.04807692307692308
0 0.8449519230769231 0.21394230769230768 0.02403846153846154 0.04807692307692308
0 0.8701923076923077 0.21033653846153846 0.021634615384615384 0.040865384615384616
0 0.9927884615384616 0.5637019230769231 0.01201923076923077 0.04567307692307692
0 0.9723557692307693 0.5661057692307693 0.021634615384615384 0.04567307692307692
0 0.9447115384615384 0.5685096153846154 0.026442307692307692 0.057692307692307696
0 0.9134615384615384 0.5709134615384616 0.021634615384615384 0.04567307692307692
0 0.8822115384615384 0.5709134615384616 0.02403846153846154 0.04807692307692308
0 0.8088942307692307 0.5805288461538461 0.02403846153846154 0.04807692307692308
0 0.6526442307692307 0.5817307692307693 0.02403846153846154 0.040865384615384616
0 0.6310096153846154 0.5817307692307693 0.019230769230769232 0.04567307692307692
0 0.6045673076923077 0.5889423076923077 0.02403846153846154 0.057692307692307696
0 0.5769230769230769 0.5829326923076923 0.02403846153846154 0.04567307692307692
0 0.5516826923076923 0.5889423076923077 0.016826923076923076 0.04807692307692308
0 0.5276442307692307 0.59375 0.021634615384615384 0.040865384615384616
0 0.5012019230769231 0.5961538461538461 0.02403846153846154 0.052884615384615384
0 0.4699519230769231 0.6009615384615384 0.02403846153846154 0.040865384615384616
0 0.4423076923076923 0.6009615384615384 0.021634615384615384 0.04567307692307692
0 0.4170673076923077 0.6045673076923077 0.021634615384615384 0.04807692307692308
0 0.390625 0.609375 0.019230769230769232 0.04807692307692308
0 0.36538461538461536 0.6105769230769231 0.021634615384615384 0.04567307692307692
0 0.3389423076923077 0.6153846153846154 0.019230769230769232 0.04567307692307692
0 0.3137019230769231 0.6201923076923077 0.021634615384615384 0.04567307692307692
0 0.3737980769230769 0.3173076923076923 0.021634615384615384 0.04567307692307692
2 0.2403846153846154 0.59375 0.0673076923076923 0.0985576923076923