0 0.05888731868526513 0.5296875 0.019460395020978138 0.009375
0 0.115537292540756 0.390625 0.013435537967363853 0.02265625
0 0.4185942054078735 0.5546875 0.020170790041956366 0.01875
0 0.6224529112167323 0.54375 0.023603443361304245 0.0125
0 0.7109001045780365 0.55625 0.022703794191141213 0.0109375
0 0.23838464192070044 0.4859375 0.02288139294638576 0.01328125
0 0.6905876045780366 0.55625 0.011529495850815152 0.0078125
0 0.2488252344521677 0.5 0.019697193361304245 0.0125
0 0.2452033269836349 0.5140625 0.020360044191141215 0.0109375
0 0.2818745327924937 0.503125 0.016335395020978184 0.009375
0 0.2750092261537979 0.515625 0.02378104211654879 0.01484375
0 0.15879407553374236 0.6109375 0.011754638797200822 0.02109375
0 0.311183524494124 0.51875 0.020123245850815152 0.0078125
0 0.340871024494124 0.51875 0.018016294191141213 0.0109375
0 0.3131245327924937 0.503125 0.025165943361304243 0.0125
0 0.3401839402610265 0.4890625 0.02131889294638576 0.01328125
0 0.39667073860135255 0.4921875 0.020300844606059697 0.01015625
0 0.4341707386013526 0.4921875 0.0226445946060597 0.01015625
0 0.4578450369416786 0.4953125 0.016276195435896666 0.00859375
0 0.48753253694167864 0.4953125 0.02120049377622273 0.01171875
0 0.5297200369416786 0.4953125 0.02180414502097818 0.009375
0 0.7215271834125492 0.4078125 0.013021140871793336 0.0171875
0 0.7996288726246685 0.428125 0.01776784045687485 0.01796875
0 0.7259097979393407 0.56875 0.017175844606059698 0.01015625
0 0.7477847979393408 0.56875 0.016998245850815153 0.0078125
0 0.7727847979393407 0.56875 0.016394594606059697 0.01015625
0 0.8024722979393408 0.56875 0.023544243776222728 0.01171875
0 0.8291531971095039 0.5703125 0.02180414502097818 0.009375
0 0.8511465962796667 0.571875 0.018016294191141213 0.0109375
0 0.9826333946199928 0.575 0.018016294191141213 0.0109375
0 0.9951067700267837 0.4953125 0.009786459946432657 0.01171875
0 0.9750325369416786 0.4953125 0.020360044191141215 0.0109375
0 0.9499141377715155 0.49375 0.016216995850815152 0.0078125
0 0.9247957386013524 0.4921875 0.022762993776222373 0.01171875
0 0.8966707386013525 0.4921875 0.018797544191141213 0.0109375
0 0.8684273394311894 0.490625 0.020300844606059344 0.01015625
0 0.8011214402610264 0.4890625 0.01789789502097818 0.009375
0 0.6603780410908635 0.4875 0.017116645020978184 0.009375
0 0.6417464402610265 0.4890625 0.016335395020978184 0.009375
0 0.6180721419207005 0.4859375 0.021259693361304243 0.0125
0 0.5931905410908634 0.4875 0.020241645020978184 0.009375
0 0.5711971419207005 0.4859375 0.013151195435896667 0.00859375
0 0.5492037427505375 0.484375 0.016335395020978184 0.009375
0 0.5257662427505375 0.484375 0.022762993776222727 0.01171875
0 0.49752284358037446 0.4828125 0.017116645020978184 0.009375
0 0.47252284358037444 0.4828125 0.018016294191141213 0.0109375
0 0.45064784358037446 0.4828125 0.017175844606059698 0.01015625
0 0.42552944441021145 0.48125 0.017235044191141212 0.0109375
0 0.40365444441021137 0.48125 0.016998245850815153 0.0078125
0 0.3800985452400484 0.4796875 0.013991645020978183 0.009375
0 0.35810514606988536 0.478125 0.016335395020978184 0.009375
0 0.5037029112167323 0.54375 0.01615779626573364 0.00703125