0 0.9663461538461539 0.6538461538461539 0.02403846153846154 0.04567307692307692
0 0.9651442307692307 0.12379807692307693 0.016826923076923076 0.0889423076923077
0 0.5096153846153846 0.6634615384615384 0.02403846153846154 0.04567307692307692
0 0.026442307692307692 0.6237980769230769 0.026442307692307692 0.04326923076923077
0 0.003605769230769231 0.6766826923076923 0.007211538461538462 0.04567307692307692
0 0.8233173076923077 0.44471153846153844 0.02403846153846154 0.040865384615384616
0 0.015625 0.6814903846153846 0.014423076923076924 0.03125
0 0.8149038461538461 0.49759615384615385 0.021634615384615384 0.04326923076923077
0 0.8149038461538461 0.5612980769230769 0.02403846153846154 0.040865384615384616
0 0.7740384615384616 0.5072115384615384 0.019230769230769232 0.038461538461538464
0 0.7788461538461539 0.5588942307692307 0.026442307692307692 0.04326923076923077
0 0.8629807692307693 0.96875 0.019230769230769232 0.0625
0 0.7355769230769231 0.5649038461538461 0.02403846153846154 0.036057692307692304
0 0.7019230769230769 0.5637019230769231 0.021634615384615384 0.040865384615384616
0 0.7391826923076923 0.5012019230769231 0.028846153846153848 0.04567307692307692
0 0.7115384615384616 0.43509615384615385 0.026442307692307692 0.04567307692307692
0 0.6526442307692307 0.43990384615384615 0.02403846153846154 0.040865384615384616
0 0.6129807692307693 0.4387019230769231 0.028846153846153848 0.04807692307692308
0 0.5877403846153846 0.4411057692307692 0.019230769230769232 0.04326923076923077
0 0.5564903846153846 0.4375 0.02403846153846154 0.040865384615384616
0 0.5120192307692307 0.4362980769230769 0.026442307692307692 0.04326923076923077
0 0.3425480769230769 0.027644230769230768 0.016826923076923076 0.055288461538461536
0 0.2548076923076923 0.10817307692307693 0.026442307692307692 0.08173076923076923
0 0.2860576923076923 0.7319711538461539 0.021634615384615384 0.04326923076923077
0 0.2644230769230769 0.7331730769230769 0.021634615384615384 0.040865384615384616
0 0.23798076923076922 0.7331730769230769 0.021634615384615384 0.04567307692307692
0 0.20793269230769232 0.7283653846153846 0.026442307692307692 0.038461538461538464
0 0.17908653846153846 0.7271634615384616 0.02403846153846154 0.040865384615384616
0 0.15625 0.7295673076923077 0.021634615384615384 0.040865384615384616
0 0.12980769230769232 0.7283653846153846 0.02403846153846154 0.040865384615384616
0 0.018028846153846152 0.7259615384615384 0.019230769230769232 0.038461538461538464
0 0.003605769230769231 0.7235576923076923 0.007211538461538462 0.038461538461538464
0 0.025240384615384616 0.38100961538461536 0.02403846153846154 0.038461538461538464
0 0.051682692307692304 0.38100961538461536 0.02403846153846154 0.038461538461538464
0 0.078125 0.3798076923076923 0.021634615384615384 0.040865384615384616
0 0.10336538461538461 0.38221153846153844 0.026442307692307692 0.040865384615384616
0 0.13341346153846154 0.38461538461538464 0.019230769230769232 0.038461538461538464
0 0.16346153846153846 0.3798076923076923 0.02403846153846154 0.040865384615384616
0 0.23317307692307693 0.375 0.021634615384615384 0.036057692307692304
0 0.3798076923076923 0.38461538461538464 0.02403846153846154 0.038461538461538464
0 0.40024038461538464 0.3870192307692308 0.021634615384615384 0.038461538461538464
0 0.4230769230769231 0.3858173076923077 0.02403846153846154 0.04326923076923077
0 0.45072115384615385 0.3870192307692308 0.021634615384615384 0.038461538461538464
0 0.4723557692307692 0.3870192307692308 0.016826923076923076 0.03365384615384615
0 0.4951923076923077 0.3858173076923077 0.019230769230769232 0.036057692307692304
0 0.5204326923076923 0.3894230769230769 0.02403846153846154 0.040865384615384616
0 0.5492788461538461 0.38822115384615385 0.02403846153846154 0.03365384615384615
0 0.5745192307692307 0.3870192307692308 0.021634615384615384 0.036057692307692304
0 0.5997596153846154 0.390625 0.021634615384615384 0.03365384615384615
0 0.6237980769230769 0.390625 0.019230769230769232 0.036057692307692304
0 0.6490384615384616 0.38822115384615385 0.021634615384615384 0.038461538461538464
0 0.6730769230769231 0.3870192307692308 0.019230769230769232 0.036057692307692304
0 0.6959134615384616 0.38822115384615385 0.021634615384615384 0.036057692307692304
0 0.21754807692307693 0.6274038461538461 0.021634615384615384 0.040865384615384616
2 0.7632211538461539 0.4326923076923077 0.0673076923076923 0.07932692307692307