0 0.9915865384615384 0.36538461538461536 0.014423076923076924 0.04807692307692308
0 0.6322115384615384 0.07211538461538461 0.014423076923076924 0.07692307692307693
0 0.7259615384615384 0.2848557692307692 0.02403846153846154 0.052884615384615384
0 0.6225961538461539 0.23557692307692307 0.02403846153846154 0.057692307692307696
0 0.8016826923076923 0.5348557692307693 0.02403846153846154 0.04807692307692308
0 0.6430288461538461 0.23317307692307693 0.014423076923076924 0.04326923076923077
0 0.7932692307692307 0.47596153846153844 0.019230769230769232 0.052884615384615384
0 0.796875 0.41586538461538464 0.019230769230769232 0.052884615384615384
0 0.7572115384615384 0.45913461538461536 0.016826923076923076 0.04807692307692308
0 0.765625 0.40865384615384615 0.02403846153846154 0.0625
0 0.7295673076923077 0.3954326923076923 0.021634615384615384 0.052884615384615384
0 0.6971153846153846 0.38461538461538464 0.019230769230769232 0.04326923076923077
0 0.7259615384615384 0.45552884615384615 0.02403846153846154 0.04807692307692308
0 0.6959134615384616 0.5168269230769231 0.021634615384615384 0.057692307692307696
0 0.6382211538461539 0.4963942307692308 0.021634615384615384 0.04807692307692308
0 0.5973557692307693 0.49278846153846156 0.02403846153846154 0.057692307692307696
0 0.5721153846153846 0.4891826923076923 0.014423076923076924 0.04326923076923077
0 0.5408653846153846 0.484375 0.021634615384615384 0.04807692307692308
0 0.4963942307692308 0.47716346153846156 0.02403846153846154 0.04807692307692308
0 0.28966346153846156 0.8317307692307693 0.009615384615384616 0.07211538461538461
0 0.21033653846153846 0.7524038461538461 0.019230769230769232 0.08173076923076923
0 0.2980769230769231 0.171875 0.019230769230769232 0.04807692307692308
0 0.27524038461538464 0.16826923076923078 0.019230769230769232 0.04326923076923077
0 0.24879807692307693 0.16706730769230768 0.016826923076923076 0.04326923076923077
0 0.21754807692307693 0.16706730769230768 0.02403846153846154 0.04807692307692308
0 0.18990384615384615 0.15985576923076922 0.021634615384615384 0.04326923076923077
0 0.1658653846153846 0.15264423076923078 0.019230769230769232 0.04326923076923077
0 0.007211538461538462 0.46634615384615385 0.014423076923076924 0.04807692307692308
0 0.03125 0.47115384615384615 0.019230769230769232 0.04326923076923077
0 0.056490384615384616 0.47475961538461536 0.016826923076923076 0.04807692307692308
0 0.0829326923076923 0.48197115384615385 0.02403846153846154 0.0625
0 0.11298076923076923 0.48197115384615385 0.019230769230769232 0.04326923076923077
0 0.14302884615384615 0.4855769230769231 0.019230769230769232 0.04326923076923077
0 0.21153846153846154 0.49759615384615385 0.019230769230769232 0.04807692307692308
0 0.359375 0.5048076923076923 0.019230769230769232 0.040865384615384616
0 0.3798076923076923 0.5048076923076923 0.016826923076923076 0.04326923076923077
0 0.40384615384615385 0.5132211538461539 0.021634615384615384 0.057692307692307696
0 0.43028846153846156 0.5084134615384616 0.019230769230769232 0.038461538461538464
0 0.453125 0.5168269230769231 0.014423076923076924 0.04326923076923077
0 0.47475961538461536 0.5204326923076923 0.016826923076923076 0.04326923076923077
0 0.5 0.5264423076923077 0.021634615384615384 0.04807692307692308
0 0.5300480769230769 0.5324519230769231 0.019230769230769232 0.04807692307692308
0 0.5552884615384616 0.5336538461538461 0.019230769230769232 0.04326923076923077
0 0.5793269230769231 0.5396634615384616 0.019230769230769232 0.04807692307692308
0 0.6045673076923077 0.5456730769230769 0.016826923076923076 0.04326923076923077
0 0.6286057692307693 0.5504807692307693 0.019230769230769232 0.04326923076923077
0 0.6526442307692307 0.5540865384615384 0.016826923076923076 0.04807692307692308
0 0.6754807692307693 0.5612980769230769 0.019230769230769232 0.04807692307692308
0 0.8052884615384616 0.29927884615384615 0.019230769230769232 0.052884615384615384
2 0.7475961538461539 0.546875 0.0625 0.11057692307692307