0 0.002403846153846154 0.5829326923076923 0.004807692307692308 0.04567307692307692
0 0.09615384615384616 0.036057692307692304 0.014423076923076924 0.07211538461538461
0 0.38100961538461536 0.6850961538461539 0.02403846153846154 0.052884615384615384
0 0.6442307692307693 0.6778846153846154 0.02403846153846154 0.040865384615384616
0 0.7271634615384616 0.7379807692307693 0.02403846153846154 0.040865384615384616
0 0.19831730769230768 0.4098557692307692 0.026442307692307692 0.052884615384615384
0 0.7055288461538461 0.7367788461538461 0.014423076923076924 0.03365384615384615
0 0.203125 0.4651442307692308 0.021634615384615384 0.04567307692307692
0 0.19471153846153846 0.5288461538461539 0.021634615384615384 0.038461538461538464
0 0.23557692307692307 0.484375 0.019230769230769232 0.038461538461538464
0 0.22716346153846154 0.5360576923076923 0.026442307692307692 0.05048076923076923
0 0.07572115384615384 0.9338942307692307 0.014423076923076924 0.0889423076923077
0 0.26322115384615385 0.5480769230769231 0.02403846153846154 0.04567307692307692
0 0.29447115384615385 0.5516826923076923 0.021634615384615384 0.038461538461538464
0 0.2692307692307692 0.484375 0.028846153846153848 0.05048076923076923
0 0.30288461538461536 0.421875 0.026442307692307692 0.05048076923076923
0 0.3605769230769231 0.43990384615384615 0.02403846153846154 0.04807692307692308
0 0.39903846153846156 0.44471153846153844 0.026442307692307692 0.055288461538461536
0 0.42427884615384615 0.45072115384615385 0.016826923076923076 0.038461538461538464
0 0.45552884615384615 0.453125 0.02403846153846154 0.038461538461538464
0 0.5012019230769231 0.46274038461538464 0.02403846153846154 0.04567307692307692
0 0.7259615384615384 0.0889423076923077 0.014423076923076924 0.07692307692307693
0 0.8016826923076923 0.18269230769230768 0.02403846153846154 0.08413461538461539
0 0.6826923076923077 0.7836538461538461 0.019230769230769232 0.038461538461538464
0 0.7055288461538461 0.7848557692307693 0.021634615384615384 0.036057692307692304
0 0.7319711538461539 0.7896634615384616 0.019230769230769232 0.040865384615384616
0 0.7632211538461539 0.7908653846153846 0.02403846153846154 0.038461538461538464
0 0.7896634615384616 0.796875 0.02403846153846154 0.036057692307692304
0 0.8137019230769231 0.8028846153846154 0.019230769230769232 0.038461538461538464
0 0.9495192307692307 0.8245192307692307 0.019230769230769232 0.040865384615384616
0 0.9903846153846154 0.4795673076923077 0.019230769230769232 0.036057692307692304
0 0.9663461538461539 0.47596153846153844 0.021634615384615384 0.036057692307692304
0 0.9411057692307693 0.4699519230769231 0.019230769230769232 0.038461538461538464
0 0.9146634615384616 0.46634615384615385 0.026442307692307692 0.05048076923076923
0 0.8846153846153846 0.46274038461538464 0.019230769230769232 0.036057692307692304
0 0.8545673076923077 0.4567307692307692 0.02403846153846154 0.038461538461538464
0 0.7872596153846154 0.44711538461538464 0.021634615384615384 0.036057692307692304
0 0.6394230769230769 0.4338942307692308 0.021634615384615384 0.036057692307692304
0 0.6189903846153846 0.4326923076923077 0.019230769230769232 0.036057692307692304
0 0.5949519230769231 0.4254807692307692 0.02403846153846154 0.04807692307692308
0 0.5673076923076923 0.4266826923076923 0.021634615384615384 0.038461538461538464
0 0.546875 0.4206730769230769 0.014423076923076924 0.036057692307692304
0 0.5240384615384616 0.4170673076923077 0.019230769230769232 0.038461538461538464
0 0.4987980769230769 0.4110576923076923 0.021634615384615384 0.038461538461538464
0 0.4699519230769231 0.4074519230769231 0.021634615384615384 0.036057692307692304
0 0.44350961538461536 0.4014423076923077 0.021634615384615384 0.038461538461538464
0 0.4206730769230769 0.39663461538461536 0.019230769230769232 0.038461538461538464
0 0.3954326923076923 0.3954326923076923 0.019230769230769232 0.038461538461538464
0 0.3713942307692308 0.3894230769230769 0.021634615384615384 0.040865384615384616
0 0.3473557692307692 0.38341346153846156 0.019230769230769232 0.040865384615384616
0 0.3245192307692308 0.3786057692307692 0.021634615384615384 0.036057692307692304
0 0.5132211538461539 0.671875 0.019230769230769232 0.038461538461538464
2 0.25240384615384615 0.4050480769230769 0.0625 0.08413461538461539