0 0.06370192307692307 0.07692307692307693 0.009615384615384616 0.09134615384615384
0 0.40024038461538464 0.6971153846153846 0.019230769230769232 0.040865384615384616
0 0.7355769230769231 0.6887019230769231 0.02403846153846154 0.04326923076923077
0 0.8064903846153846 0.7475961538461539 0.02403846153846154 0.04326923076923077
0 0.1778846153846154 0.43028846153846156 0.021634615384615384 0.05048076923076923
0 0.7848557692307693 0.7475961538461539 0.01201923076923077 0.036057692307692304
0 0.18629807692307693 0.4879807692307692 0.019230769230769232 0.04567307692307692
0 0.18028846153846154 0.5516826923076923 0.021634615384615384 0.040865384615384616
0 0.22115384615384615 0.5024038461538461 0.016826923076923076 0.038461538461538464
0 0.21153846153846154 0.5564903846153846 0.021634615384615384 0.04567307692307692
0 0.0733173076923077 0.9579326923076923 0.009615384615384616 0.06971153846153846
0 0.24879807692307693 0.5649038461538461 0.021634615384615384 0.040865384615384616
0 0.28125 0.5721153846153846 0.019230769230769232 0.038461538461538464
0 0.2536057692307692 0.5024038461538461 0.026442307692307692 0.04567307692307692
0 0.2848557692307692 0.4375 0.021634615384615384 0.04807692307692308
0 0.34375 0.4543269230769231 0.021634615384615384 0.04567307692307692
0 0.38341346153846156 0.45913461538461536 0.02403846153846154 0.04807692307692308
0 0.40865384615384615 0.4639423076923077 0.016826923076923076 0.04326923076923077
0 0.4411057692307692 0.4639423076923077 0.021634615384615384 0.040865384615384616
0 0.484375 0.46875 0.02403846153846154 0.04326923076923077
0 0.6995192307692307 0.08052884615384616 0.01201923076923077 0.07932692307692307
0 0.7788461538461539 0.171875 0.021634615384615384 0.08173076923076923
0 0.6802884615384616 0.7908653846153846 0.019230769230769232 0.040865384615384616
0 0.7019230769230769 0.7920673076923077 0.019230769230769232 0.040865384615384616
0 0.7283653846153846 0.7932692307692307 0.016826923076923076 0.040865384615384616
0 0.7608173076923077 0.7932692307692307 0.02403846153846154 0.036057692307692304
0 0.7896634615384616 0.7980769230769231 0.021634615384615384 0.040865384615384616
0 0.8125 0.8040865384615384 0.019230769230769232 0.040865384615384616
0 0.9483173076923077 0.8173076923076923 0.019230769230769232 0.04326923076923077
0 0.9723557692307693 0.8173076923076923 0.016826923076923076 0.038461538461538464
0 0.9963942307692307 0.46634615384615385 0.007211538461538462 0.038461538461538464
0 0.9819711538461539 0.46634615384615385 0.021634615384615384 0.038461538461538464
0 0.9543269230769231 0.4639423076923077 0.021634615384615384 0.038461538461538464
0 0.9278846153846154 0.4579326923076923 0.016826923076923076 0.038461538461538464
0 0.9014423076923077 0.45552884615384615 0.02403846153846154 0.04567307692307692
0 0.8713942307692307 0.453125 0.016826923076923076 0.038461538461538464
0 0.8413461538461539 0.4483173076923077 0.021634615384615384 0.040865384615384616
0 0.7716346153846154 0.4423076923076923 0.019230769230769232 0.036057692307692304
0 0.6237980769230769 0.43509615384615385 0.021634615384615384 0.036057692307692304
0 0.6033653846153846 0.43509615384615385 0.019230769230769232 0.038461538461538464
0 0.5793269230769231 0.43028846153846156 0.02403846153846154 0.04567307692307692
0 0.5528846153846154 0.43149038461538464 0.021634615384615384 0.040865384615384616
0 0.5300480769230769 0.42427884615384615 0.014423076923076924 0.038461538461538464
0 0.5072115384615384 0.41947115384615385 0.019230769230769232 0.040865384615384616
0 0.4807692307692308 0.41947115384615385 0.021634615384615384 0.040865384615384616
0 0.4519230769230769 0.41466346153846156 0.021634615384615384 0.038461538461538464
0 0.4254807692307692 0.4098557692307692 0.019230769230769232 0.038461538461538464
0 0.4014423076923077 0.4098557692307692 0.019230769230769232 0.038461538461538464
0 0.3762019230769231 0.4050480769230769 0.016826923076923076 0.04326923076923077
0 0.35336538461538464 0.4014423076923077 0.019230769230769232 0.040865384615384616
0 0.328125 0.3954326923076923 0.016826923076923076 0.040865384615384616
0 0.30649038461538464 0.3942307692307692 0.019230769230769232 0.038461538461538464
0 0.5913461538461539 0.6850961538461539 0.019230769230769232 0.04326923076923077
2 0.234375 0.42908653846153844 0.06009615384615385 0.07932692307692307