0 0.01875 0.5265625 0.01875 0.009375
0 0.0859375 0.4015625 0.0078125 0.0203125
0 0.4265625 0.5421875 0.0171875 0.0078125
0 0.765625 0.5390625 0.021875 0.009375
0 0.8296875 0.553125 0.021875 0.009375
0 0.2 0.4828125 0.0203125 0.0109375
0 0.8078125 0.553125 0.0109375 0.0078125
0 0.209375 0.4953125 0.0171875 0.009375
0 0.2046875 0.5109375 0.01875 0.0078125
0 0.2421875 0.5 0.015625 0.0078125
0 0.234375 0.5109375 0.021875 0.009375
0 0.1109375 0.6078125 0.009375 0.0203125
0 0.2703125 0.5140625 0.0203125 0.0078125
0 0.3 0.5140625 0.0171875 0.0078125
0 0.2734375 0.4984375 0.021875 0.009375
0 0.3015625 0.484375 0.0203125 0.009375
0 0.3578125 0.4875 0.0203125 0.009375
0 0.3953125 0.4875 0.021875 0.0109375
0 0.4203125 0.4890625 0.0140625 0.009375
0 0.45 0.4890625 0.0203125 0.009375
0 0.4921875 0.4890625 0.021875 0.009375
0 0.6890625 0.3984375 0.009375 0.0171875
0 0.765625 0.41875 0.0171875 0.0171875
0 0.68125 0.5625 0.0171875 0.0078125
0 0.703125 0.5625 0.0171875 0.0078125
0 0.728125 0.5640625 0.015625 0.0078125
0 0.7578125 0.5640625 0.0234375 0.0078125
0 0.7859375 0.5640625 0.0203125 0.0078125
0 0.8078125 0.565625 0.015625 0.0078125
0 0.9375 0.5671875 0.0171875 0.009375
0 0.9609375 0.5671875 0.0140625 0.0078125
0 0.984375 0.4875 0.0171875 0.0078125
0 0.9625 0.4859375 0.0203125 0.0078125
0 0.9359375 0.4859375 0.01875 0.0078125
0 0.9109375 0.4859375 0.015625 0.009375
0 0.8859375 0.484375 0.021875 0.009375
0 0.8578125 0.484375 0.015625 0.0078125
0 0.8296875 0.4828125 0.0203125 0.0078125
0 0.7640625 0.4828125 0.0171875 0.0078125
0 0.6234375 0.48125 0.01875 0.0078125
0 0.603125 0.48125 0.015625 0.0078125
0 0.58125 0.4796875 0.0203125 0.009375
0 0.5546875 0.4796875 0.01875 0.0078125
0 0.5328125 0.4796875 0.0109375 0.0078125
0 0.5125 0.478125 0.015625 0.0078125
0 0.4875 0.478125 0.0203125 0.0078125
0 0.459375 0.478125 0.01875 0.0078125
0 0.434375 0.4765625 0.0171875 0.0078125
0 0.4125 0.4765625 0.015625 0.0078125
0 0.3890625 0.4765625 0.015625 0.0078125
0 0.365625 0.475 0.0171875 0.0078125
0 0.3421875 0.4734375 0.0140625 0.0078125
0 0.3203125 0.4734375 0.0171875 0.0078125
0 0.6234375 0.5390625 0.0171875 0.009375