0 0.9951923076923077 0.4230769230769231 0.009615384615384616 0.04807692307692308
0 0.6730769230769231 0.17427884615384615 0.021634615384615384 0.08413461538461539
0 0.6021634615384616 0.3076923076923077 0.028846153846153848 0.05048076923076923
0 0.5084134615384616 0.24639423076923078 0.028846153846153848 0.052884615384615384
0 0.7944711538461539 0.5769230769230769 0.028846153846153848 0.052884615384615384
0 0.53125 0.25 0.019230769230769232 0.04326923076923077
0 0.7920673076923077 0.5180288461538461 0.02403846153846154 0.04807692307692308
0 0.8028846153846154 0.46153846153846156 0.026442307692307692 0.05048076923076923
0 0.7596153846153846 0.4987980769230769 0.02403846153846154 0.04567307692307692
0 0.7728365384615384 0.4495192307692308 0.03125 0.06009615384615385
0 0.9483173076923077 0.08413461538461539 0.016826923076923076 0.06490384615384616
0 0.7379807692307693 0.4326923076923077 0.028846153846153848 0.04567307692307692
0 0.7091346153846154 0.42427884615384615 0.02403846153846154 0.04567307692307692
0 0.7283653846153846 0.4951923076923077 0.03125 0.05048076923076923
0 0.6911057692307693 0.5516826923076923 0.028846153846153848 0.06009615384615385
0 0.6358173076923077 0.5252403846153846 0.028846153846153848 0.04807692307692308
0 0.5973557692307693 0.5180288461538461 0.03125 0.057692307692307696
0 0.5745192307692307 0.5084134615384616 0.021634615384615384 0.04567307692307692
0 0.5432692307692307 0.5012019230769231 0.026442307692307692 0.04567307692307692
0 0.5 0.49038461538461536 0.028846153846153848 0.04567307692307692
0 0.25240384615384615 0.8257211538461539 0.016826923076923076 0.0673076923076923
0 0.18269230769230768 0.734375 0.028846153846153848 0.08173076923076923
0 0.34134615384615385 0.16346153846153846 0.02403846153846154 0.04326923076923077
0 0.31971153846153844 0.1622596153846154 0.02403846153846154 0.04326923076923077
0 0.29447115384615385 0.15504807692307693 0.021634615384615384 0.04567307692307692
0 0.26322115384615385 0.1502403846153846 0.028846153846153848 0.04807692307692308
0 0.23677884615384615 0.14182692307692307 0.028846153846153848 0.04807692307692308
0 0.21394230769230768 0.13341346153846154 0.02403846153846154 0.04326923076923077
0 0.08413461538461539 0.10096153846153846 0.026442307692307692 0.040865384615384616
0 0.015625 0.42788461538461536 0.026442307692307692 0.04567307692307692
0 0.04326923076923077 0.43509615384615385 0.026442307692307692 0.04567307692307692
0 0.0673076923076923 0.4423076923076923 0.02403846153846154 0.04326923076923077
0 0.09254807692307693 0.45072115384615385 0.028846153846153848 0.055288461538461536
0 0.12139423076923077 0.4567307692307692 0.02403846153846154 0.04326923076923077
0 0.15144230769230768 0.46153846153846156 0.026442307692307692 0.04567307692307692
0 0.21754807692307693 0.4795673076923077 0.026442307692307692 0.04807692307692308
0 0.36177884615384615 0.5048076923076923 0.02403846153846154 0.04326923076923077
0 0.38100961538461536 0.5072115384615384 0.021634615384615384 0.04567307692307692
0 0.40384615384615385 0.5168269230769231 0.028846153846153848 0.055288461538461536
0 0.43149038461538464 0.5168269230769231 0.026442307692307692 0.040865384615384616
0 0.4519230769230769 0.5264423076923077 0.016826923076923076 0.040865384615384616
0 0.4735576923076923 0.5348557692307693 0.021634615384615384 0.040865384615384616
0 0.49759615384615385 0.5408653846153846 0.026442307692307692 0.05048076923076923
0 0.5264423076923077 0.5492788461538461 0.026442307692307692 0.04326923076923077
0 0.5516826923076923 0.5552884615384616 0.02403846153846154 0.04567307692307692
0 0.5733173076923077 0.5637019230769231 0.02403846153846154 0.04567307692307692
0 0.5973557692307693 0.5697115384615384 0.021634615384615384 0.04807692307692308
0 0.6213942307692307 0.5757211538461539 0.02403846153846154 0.04326923076923077
0 0.6430288461538461 0.5829326923076923 0.021634615384615384 0.04807692307692308
0 0.6670673076923077 0.5913461538461539 0.021634615384615384 0.04567307692307692
0 0.7007211538461539 0.3137019230769231 0.02403846153846154 0.04567307692307692
2 0.7379807692307693 0.5793269230769231 0.06971153846153846 0.10576923076923077