0 0.055390514097939825 0.406126003628197 0.010073739627037791 0.019831350362819578
0 0.37442208878326766 0.5582639448200076 0.018501546265733637 0.007658732576804894
0 0.6918463871235938 0.5662153763931714 0.023603443361304245 0.013291173683797553
0 0.7595307945921265 0.582678679295729 0.022762993776222727 0.01248264183263199
0 0.16341465641962558 0.48979665389834953 0.020478443361304156 0.013182046279135662
0 0.7392182945921265 0.5819693511654279 0.013269594606059698 0.010592759618646853
0 0.17016156388815837 0.5041319724100038 0.017175844606059653 0.010729168874473949
0 0.16597097135669117 0.5180853450053421 0.020300844606059652 0.010838296279135662
0 0.20429976554783233 0.5084573738612826 0.016335395020978093 0.009920637023308565
0 0.19554007218652814 0.5206845553496284 0.020300844606059697 0.010838296279135662
0 0.06476182363642065 0.6132490228654908 0.012654287967363852 0.023038195916316083
0 0.2313591730163651 0.5235020205032381 0.022762993776222727 0.01248264183263199
0 0.2609282738462021 0.5261012308475242 0.01861994543589667 0.009221232576804895
0 0.2355497655478323 0.5095486479078998 0.023425844606059697 0.010947423683797553
0 0.2632962572494626 0.49485123084752425 0.020300844606059697 0.010838296279135662
0 0.3191910597389735 0.5015030241314351 0.020241645020978184 0.010057046279135663
0 0.3582535597389735 0.5028671166897065 0.022703794191141213 0.011701391832631991
0 0.38157266056881045 0.5052480722246694 0.014050844606059699 0.010620041469812236
0 0.4112601605688105 0.5062847825689556 0.019460395020978183 0.010029764427970277
0 0.4550101605688105 0.5078125662342197 0.022822193361304245 0.013263891832631991
0 0.6570714132681028 0.42557052902557657 0.01061819128671182 0.01673363221398514
0 0.7336572240559835 0.44861121414211935 0.021851689212119395 0.021021828130301047
0 0.6385078995711483 0.5878522742162532 0.019519594606059697 0.010811014427970278
0 0.6603828995711483 0.5886161660488851 0.019519594606059697 0.010811014427970278
0 0.6852645004009853 0.5910516852861788 0.016335395020978184 0.009920637023308388
0 0.7150703995711483 0.5905258956304651 0.023485044191141214 0.011728673683797375
0 0.7415145004009853 0.5930159785700896 0.020182445435896666 0.009275796279135662
0 0.7632711012308222 0.5953423704027216 0.018679145020978182 0.010002482576804894
0 0.8944027020606592 0.6014882213985135 0.018679145020978182 0.010002482576804894
0 0.9162777020606592 0.6022521132311456 0.013814046265733636 0.007495041469812236
0 0.9473160597389736 0.5234376324684392 0.018679145020978182 0.010002482576804894
0 0.9238785597389736 0.5226191769334763 0.01940119543589631 0.009248514427970278
0 0.8989969589091367 0.5201836576961826 0.019519594606059343 0.010811014427970278
0 0.8739969589091366 0.519310638458889 0.01615779626573328 0.007576887023308565
0 0.8491153580792996 0.5168751192215952 0.021922544191141213 0.01167410998146643
0 0.8209903580792994 0.5158929725796398 0.016276195435896666 0.009139387023308566
0 0.7929837572494625 0.5133483259376844 0.01934199585081515 0.008467264427970278
0 0.7257962572494625 0.5110020867374576 0.018679145020978182 0.010002482576804894
0 0.5868521564196255 0.5045834172300114 0.019460395020978183 0.010029764427970277
0 0.5665396564196256 0.5038740890997103 0.017116645020978184 0.009947918874473948
0 0.5432205555897885 0.5014931335647475 0.022762993776222727 0.01248264183263199
0 0.5181021564196255 0.5021826143274538 0.020360044191141215 0.011619546279135662
0 0.49634555558978855 0.4998562224948218 0.010689046265733637 0.0073859140651507
0 0.4761514547599516 0.49758439436452073 0.017175844606059698 0.010729168874474126
0 0.4511514547599516 0.4967113751272271 0.02120049377622273 0.012428078130301046
0 0.4230264547599516 0.4957292284852716 0.021141294191141212 0.011646828130301046
0 0.3981448539301146 0.49329370924797794 0.01861994543589667 0.009221232576804895
0 0.37626985393011464 0.49252981741534596 0.016335395020978184 0.009920637023308565
0 0.3529507531002777 0.4901488618803831 0.01729424377622273 0.012291668874473949
0 0.3295132531002777 0.48933040634542024 0.019519594606059697 0.010811014427970278
0 0.30619415227044067 0.4869494508104574 0.01615779626573364 0.007576887023308565
0 0.2843191522704407 0.4861855589778255 0.017116645020978184 0.009947918874474127
0 0.5543463871235937 0.5614137705880561 0.01807549377622273 0.01231895072563951