0 0.6394230769230769 0.13581730769230768 0.014423076923076924 0.08653846153846154
0 0.5552884615384616 0.2776442307692308 0.026442307692307692 0.04807692307692308
0 0.45072115384615385 0.22716346153846154 0.02403846153846154 0.05048076923076923
0 0.8221153846153846 0.5300480769230769 0.026442307692307692 0.05048076923076923
0 0.4735576923076923 0.2247596153846154 0.01201923076923077 0.036057692307692304
0 0.8137019230769231 0.46634615384615385 0.021634615384615384 0.05048076923076923
0 0.8161057692307693 0.40625 0.021634615384615384 0.05048076923076923
0 0.7752403846153846 0.45072115384615385 0.019230769230769232 0.04567307692307692
0 0.7836538461538461 0.40024038461538464 0.026442307692307692 0.0625
0 0.9110576923076923 0.013221153846153846 0.009615384615384616 0.026442307692307692
0 0.7439903846153846 0.3858173076923077 0.02403846153846154 0.04807692307692308
0 0.7115384615384616 0.38341346153846156 0.019230769230769232 0.04567307692307692
0 0.7427884615384616 0.4519230769230769 0.02403846153846154 0.04807692307692308
0 0.7127403846153846 0.5180288461538461 0.02403846153846154 0.06009615384615385
0 0.6514423076923077 0.5 0.02403846153846154 0.04567307692307692
0 0.6105769230769231 0.49759615384615385 0.026442307692307692 0.052884615384615384
0 0.5841346153846154 0.49158653846153844 0.016826923076923076 0.038461538461538464
0 0.5516826923076923 0.4891826923076923 0.02403846153846154 0.04567307692307692
0 0.5048076923076923 0.484375 0.02403846153846154 0.04807692307692308
0 0.2956730769230769 0.8701923076923077 0.01201923076923077 0.07451923076923077
0 0.21033653846153846 0.7860576923076923 0.021634615384615384 0.08413461538461539
0 0.29086538461538464 0.16466346153846154 0.019230769230769232 0.04807692307692308
0 0.26802884615384615 0.1658653846153846 0.021634615384615384 0.04326923076923077
0 0.2403846153846154 0.16466346153846154 0.016826923076923076 0.04567307692307692
0 0.20793269230769232 0.16346153846153846 0.026442307692307692 0.04567307692307692
0 0.17908653846153846 0.15745192307692307 0.02403846153846154 0.04807692307692308
0 0.15504807692307693 0.15144230769230768 0.019230769230769232 0.04326923076923077
0 0.014423076923076924 0.13822115384615385 0.02403846153846154 0.04326923076923077
0 0.020432692307692308 0.49278846153846156 0.021634615384615384 0.04326923076923077
0 0.046875 0.4987980769230769 0.019230769230769232 0.04326923076923077
0 0.0733173076923077 0.5012019230769231 0.02403846153846154 0.06009615384615385
0 0.10576923076923077 0.5048076923076923 0.019230769230769232 0.04326923076923077
0 0.13581730769230768 0.5048076923076923 0.02403846153846154 0.04807692307692308
0 0.20793269230769232 0.5144230769230769 0.021634615384615384 0.04567307692307692
0 0.36177884615384615 0.5192307692307693 0.021634615384615384 0.04567307692307692
0 0.38221153846153844 0.5192307692307693 0.016826923076923076 0.04567307692307692
0 0.4074519230769231 0.5264423076923077 0.02403846153846154 0.052884615384615384
0 0.4362980769230769 0.5216346153846154 0.02403846153846154 0.04567307692307692
0 0.45913461538461536 0.5288461538461539 0.014423076923076924 0.04567307692307692
0 0.4831730769230769 0.5324519230769231 0.019230769230769232 0.040865384615384616
0 0.5096153846153846 0.5372596153846154 0.021634615384615384 0.04807692307692308
0 0.5408653846153846 0.5396634615384616 0.021634615384615384 0.04326923076923077
0 0.5673076923076923 0.5444711538461539 0.021634615384615384 0.04567307692307692
0 0.5925480769230769 0.5480769230769231 0.019230769230769232 0.04807692307692308
0 0.6189903846153846 0.5492788461538461 0.016826923076923076 0.04567307692307692
0 0.6430288461538461 0.5552884615384616 0.019230769230769232 0.04326923076923077
0 0.6682692307692307 0.5588942307692307 0.016826923076923076 0.04326923076923077
0 0.6935096153846154 0.5625 0.019230769230769232 0.04326923076923077
0 0.6634615384615384 0.2668269230769231 0.019230769230769232 0.04567307692307692
2 0.7668269230769231 0.5384615384615384 0.06490384615384616 0.09615384615384616