0 0.9951923076923077 0.4206730769230769 0.009615384615384616 0.04326923076923077
0 0.8834134615384616 0.9543269230769231 0.016826923076923076 0.09134615384615384
0 0.5697115384615384 0.3076923076923077 0.021634615384615384 0.040865384615384616
0 0.18509615384615385 0.28966346153846156 0.026442307692307692 0.04326923076923077
0 0.1310096153846154 0.2247596153846154 0.028846153846153848 0.04567307692307692
0 0.7956730769230769 0.5997596153846154 0.026442307692307692 0.05048076923076923
0 0.15264423076923078 0.22716346153846154 0.014423076923076924 0.036057692307692304
0 0.7908653846153846 0.5408653846153846 0.02403846153846154 0.04567307692307692
0 0.8028846153846154 0.47836538461538464 0.02403846153846154 0.040865384615384616
0 0.7560096153846154 0.5252403846153846 0.021634615384615384 0.038461538461538464
0 0.7704326923076923 0.4723557692307692 0.026442307692307692 0.04807692307692308
0 0.9350961538461539 0.0733173076923077 0.016826923076923076 0.07451923076923077
0 0.7331730769230769 0.46153846153846156 0.02403846153846154 0.040865384615384616
0 0.7019230769230769 0.453125 0.021634615384615384 0.038461538461538464
0 0.7247596153846154 0.5228365384615384 0.028846153846153848 0.04567307692307692
0 0.6875 0.5853365384615384 0.026442307692307692 0.04567307692307692
0 0.6310096153846154 0.5600961538461539 0.02403846153846154 0.040865384615384616
0 0.5913461538461539 0.5528846153846154 0.028846153846153848 0.05048076923076923
0 0.5673076923076923 0.5456730769230769 0.019230769230769232 0.04326923076923077
0 0.5348557692307693 0.5432692307692307 0.02403846153846154 0.04326923076923077
0 0.49038461538461536 0.5372596153846154 0.026442307692307692 0.04326923076923077
0 0.24759615384615385 0.9158653846153846 0.016826923076923076 0.07692307692307693
0 0.17427884615384615 0.8137019230769231 0.026442307692307692 0.08653846153846154
0 0.3173076923076923 0.19951923076923078 0.021634615384615384 0.040865384615384616
0 0.29447115384615385 0.1971153846153846 0.021634615384615384 0.040865384615384616
0 0.2692307692307692 0.19110576923076922 0.019230769230769232 0.04326923076923077
0 0.23798076923076922 0.18870192307692307 0.026442307692307692 0.040865384615384616
0 0.2091346153846154 0.18509615384615385 0.02403846153846154 0.040865384615384616
0 0.18629807692307693 0.1778846153846154 0.021634615384615384 0.040865384615384616
0 0.04807692307692308 0.15745192307692307 0.021634615384615384 0.04326923076923077
0 0.03125 0.15625 0.009615384615384616 0.036057692307692304
0 0.002403846153846154 0.5084134615384616 0.004807692307692308 0.036057692307692304
0 0.020432692307692308 0.5108173076923077 0.02403846153846154 0.038461538461538464
0 0.04567307692307692 0.5168269230769231 0.021634615384615384 0.040865384615384616
0 0.07211538461538461 0.5228365384615384 0.026442307692307692 0.04326923076923077
0 0.10216346153846154 0.5252403846153846 0.019230769230769232 0.038461538461538464
0 0.1310096153846154 0.5324519230769231 0.02403846153846154 0.040865384615384616
0 0.20072115384615385 0.5432692307692307 0.021634615384615384 0.038461538461538464
0 0.34975961538461536 0.5600961538461539 0.021634615384615384 0.036057692307692304
0 0.36899038461538464 0.5625 0.021634615384615384 0.038461538461538464
0 0.39302884615384615 0.5697115384615384 0.026442307692307692 0.04567307692307692
0 0.421875 0.5721153846153846 0.02403846153846154 0.038461538461538464
0 0.4423076923076923 0.578125 0.016826923076923076 0.038461538461538464
0 0.4651442307692308 0.5829326923076923 0.019230769230769232 0.036057692307692304
0 0.49038461538461536 0.5853365384615384 0.02403846153846154 0.038461538461538464
0 0.5192307692307693 0.5913461538461539 0.02403846153846154 0.038461538461538464
0 0.5444711538461539 0.5973557692307693 0.021634615384615384 0.038461538461538464
0 0.5697115384615384 0.5997596153846154 0.021634615384615384 0.038461538461538464
0 0.5949519230769231 0.6045673076923077 0.019230769230769232 0.040865384615384616
0 0.6177884615384616 0.609375 0.021634615384615384 0.040865384615384616
0 0.6418269230769231 0.6189903846153846 0.019230769230769232 0.038461538461538464
0 0.6658653846153846 0.6225961538461539 0.021634615384615384 0.038461538461538464
0 0.34134615384615385 0.30528846153846156 0.021634615384615384 0.040865384615384616
2 0.7367788461538461 0.6021634615384616 0.0673076923076923 0.08173076923076923