0 0.6778846153846154 0.8197115384615384 0.019230769230769232 0.09375
0 0.5024038461538461 0.7319711538461539 0.026442307692307692 0.05048076923076923
0 0.4026442307692308 0.7932692307692307 0.026442307692307692 0.04807692307692308
0 0.8497596153846154 0.46274038461538464 0.02403846153846154 0.052884615384615384
0 0.4266826923076923 0.7944711538461539 0.014423076923076924 0.036057692307692304
0 0.8425480769230769 0.5228365384615384 0.02403846153846154 0.052884615384615384
0 0.8485576923076923 0.5877403846153846 0.02403846153846154 0.04326923076923077
0 0.8052884615384616 0.5408653846153846 0.021634615384615384 0.04326923076923077
0 0.8173076923076923 0.59375 0.026442307692307692 0.057692307692307696
0 0.7776442307692307 0.609375 0.02403846153846154 0.04807692307692308
0 0.7439903846153846 0.6141826923076923 0.021634615384615384 0.04326923076923077
0 0.7716346153846154 0.5408653846153846 0.026442307692307692 0.04807692307692308
0 0.7379807692307693 0.47596153846153844 0.026442307692307692 0.057692307692307696
0 0.6766826923076923 0.4963942307692308 0.02403846153846154 0.05048076923076923
0 0.6358173076923077 0.5 0.026442307692307692 0.055288461538461536
0 0.6081730769230769 0.5108173076923077 0.019230769230769232 0.038461538461538464
0 0.5757211538461539 0.5120192307692307 0.02403846153846154 0.04326923076923077
0 0.5300480769230769 0.5192307692307693 0.026442307692307692 0.04807692307692308
0 0.2980769230769231 0.1310096153846154 0.01201923076923077 0.07692307692307693
0 0.21634615384615385 0.22235576923076922 0.02403846153846154 0.0889423076923077
0 0.33052884615384615 0.8533653846153846 0.021634615384615384 0.04326923076923077
0 0.3076923076923077 0.8569711538461539 0.021634615384615384 0.038461538461538464
0 0.2800480769230769 0.859375 0.021634615384615384 0.052884615384615384
0 0.24639423076923078 0.8605769230769231 0.026442307692307692 0.04807692307692308
0 0.21754807692307693 0.8677884615384616 0.02403846153846154 0.040865384615384616
0 0.1935096153846154 0.8725961538461539 0.021634615384615384 0.040865384615384616
0 0.04927884615384615 0.8930288461538461 0.021634615384615384 0.040865384615384616
0 0.01201923076923077 0.5336538461538461 0.02403846153846154 0.04326923076923077
0 0.039663461538461536 0.53125 0.02403846153846154 0.040865384615384616
0 0.06610576923076923 0.5264423076923077 0.021634615384615384 0.040865384615384616
0 0.09254807692307693 0.5192307692307693 0.026442307692307692 0.055288461538461536
0 0.12379807692307693 0.5168269230769231 0.021634615384615384 0.040865384615384616
0 0.15625 0.5120192307692307 0.02403846153846154 0.040865384615384616
0 0.2283653846153846 0.5024038461538461 0.021634615384615384 0.04326923076923077
0 0.38461538461538464 0.4891826923076923 0.021634615384615384 0.040865384615384616
0 0.4050480769230769 0.4891826923076923 0.019230769230769232 0.04326923076923077
0 0.42908653846153844 0.4807692307692308 0.026442307692307692 0.052884615384615384
0 0.4579326923076923 0.48197115384615385 0.02403846153846154 0.038461538461538464
0 0.4807692307692308 0.47716346153846156 0.016826923076923076 0.04326923076923077
0 0.5048076923076923 0.47115384615384615 0.021634615384615384 0.040865384615384616
0 0.5324519230769231 0.4651442307692308 0.02403846153846154 0.04807692307692308
0 0.5625 0.4579326923076923 0.021634615384615384 0.040865384615384616
0 0.5901442307692307 0.45552884615384615 0.021634615384615384 0.04326923076923077
0 0.6141826923076923 0.45072115384615385 0.021634615384615384 0.04326923076923077
0 0.6418269230769231 0.44711538461538464 0.019230769230769232 0.04326923076923077
0 0.6658653846153846 0.4411057692307692 0.021634615384615384 0.04326923076923077
0 0.6911057692307693 0.43509615384615385 0.019230769230769232 0.04807692307692308
0 0.7151442307692307 0.4326923076923077 0.021634615384615384 0.04326923076923077
0 0.625 0.7319711538461539 0.021634615384615384 0.040865384615384616
2 0.7908653846153846 0.4579326923076923 0.0673076923076923 0.10336538461538461