0 0.06339245042462863 0.5272242412935727 0.019570206220555518 0.010357645861557074
0 0.4191147701230545 0.5384052442342488 0.018964613477870353 0.02121325870642714
0 0.5974352597554619 0.5133632213943274 0.022763556738935264 0.011302670171816586
0 0.6892905690862952 0.5226762663968018 0.023749858294074146 0.013687363749381376
0 0.24251402243212866 0.47545594414339176 0.021406108294073967 0.013564533016686652
0 0.6689780690862952 0.5237407994134885 0.011621005183796385 0.008385710085908294
0 0.25298263072620275 0.4874646212126132 0.019706907257314832 0.011920145861557074
0 0.24952544005703606 0.5017727826780025 0.019706907257314832 0.011920145861557074
0 0.2860685327997213 0.4888699909548885 0.016513556738935176 0.010975121551297562
0 0.27934964109379534 0.5017794267305372 0.023818208812453712 0.014468613749381376
0 0.16425090433610995 0.6035610119857877 0.011288814514629575 0.02236632293077854
0 0.3155605431673138 0.5030210221625528 0.021982306738935177 0.011261726594251797
0 0.34524804316731383 0.5014651662150877 0.0197752577756944 0.012701395861557075
0 0.3173185327997213 0.48723224785229335 0.0236815077756944 0.012906113749381377
0 0.344213223468888 0.47169577905995796 0.02388655933083328 0.015249863749381375
0 0.40087332657916575 0.4734353414752868 0.02205065725731483 0.01204297659425162
0 0.4383733265791657 0.47147004975217277 0.023818208812453712 0.014468613749381376
0 0.46351002761592497 0.47172235527009676 0.016513556738935266 0.010975121551297562
0 0.49319752761592495 0.47016649932263144 0.02035145622055552 0.010398589439121864
0 0.5355217286526843 0.46951804613412823 0.023818208812453535 0.014468613749381376
0 0.7247414705941658 0.37170026458777944 0.011659961404351904 0.017719766508343414
0 0.8030810840720364 0.3880002939864216 0.01954081192273165 0.01891045228399211
0 0.73087247634361 0.5314847003634282 0.0197752577756944 0.012701395861557075
0 0.7528841773803693 0.5319007801916117 0.018857306738935264 0.011097952283992107
0 0.7778841773803693 0.5305905857095355 0.017363157257314833 0.01179731512886235
0 0.8075716773803693 0.5290347297620703 0.02269520622055552 0.010521420171816587
0 0.8342708784171287 0.5292051481248645 0.0213377577756944 0.012783283016686653
0 0.8577083784171287 0.5279768407979183 0.01722645622055552 0.010234815128862351
0 0.9878059815274064 0.5258677069221489 0.01878895622055552 0.010316702283992108
0 0.9978292502712034 0.44487001244007285 0.0043414994575933005 0.010398589439121864
0 0.979135027615925 0.4446995940772786 0.019501855702175774 0.009576395861557074
0 0.954135027615925 0.44600978855935464 0.016240154665416638 0.007850121551297561
0 0.9289983265791658 0.4457574830414307 0.022968608294073788 0.013646420171816586
0 0.9008733265791659 0.4472314518337662 0.01814440725731501 0.011838258706427318
0 0.8726116255424063 0.4471429206261018 0.022968608294073788 0.013646420171816586
0 0.8068499245056472 0.44901968114155133 0.017158105702175776 0.009453565128862352
0 0.6645257234688879 0.45490891225835883 0.018720605702175774 0.009535452283992284
0 0.645775723468888 0.4558915581199158 0.01644520622055552 0.010193871551297562
0 0.6237640224321287 0.4554754782917323 0.0213377577756944 0.01278328301668683
0 0.5972015224321287 0.45686755992893807 0.02191395622055552 0.010480476594251619
0 0.5768890224321287 0.4579320929456248 0.01332020622055552 0.010030097241038049
0 0.5548773213953695 0.4575160131174414 0.01858390466541664 0.007972952283992108
0 0.5298773213953695 0.4588262075995174 0.020488157257314833 0.011961089439121863
0 0.5031781203586101 0.4586557892367232 0.019570206220555518 0.010357645861557074
0 0.4780414193218509 0.45840348371879924 0.01702140466541664 0.00789106512886235
0 0.4546039193218509 0.45963179104574553 0.0197752577756944 0.012701395861557075
0 0.4310297182850917 0.4592975983726918 0.01644520622055552 0.010193871551297562
0 0.4075922182850917 0.46052590569963814 0.018857306738935087 0.011097952283992286
0 0.38558051724833237 0.46010982587145455 0.017363157257314833 0.01179731512886235
0 0.36214301724833237 0.4613381331984009 0.017363157257314833 0.01179731512886235
0 0.4850719607922212 0.5208215965636696 0.019843608294074146 0.013482645861557074