0 0.6298076923076923 0.054086538461538464 0.021634615384615384 0.09134615384615384
0 0.7199519230769231 0.25240384615384615 0.028846153846153848 0.057692307692307696
0 0.6105769230769231 0.21394230769230768 0.028846153846153848 0.0625
0 0.8425480769230769 0.5 0.028846153846153848 0.055288461538461536
0 0.6310096153846154 0.2091346153846154 0.019230769230769232 0.04567307692307692
0 0.8293269230769231 0.43990384615384615 0.02403846153846154 0.052884615384615384
0 0.8269230769230769 0.3798076923076923 0.026442307692307692 0.057692307692307696
0 0.7908653846153846 0.4254807692307692 0.021634615384615384 0.04567307692307692
0 0.7944711538461539 0.37259615384615385 0.03125 0.06009615384615385
0 0.7560096153846154 0.3641826923076923 0.026442307692307692 0.055288461538461536
0 0.7235576923076923 0.35697115384615385 0.02403846153846154 0.04567307692307692
0 0.7584134615384616 0.4254807692307692 0.028846153846153848 0.052884615384615384
0 0.7331730769230769 0.49038461538461536 0.028846153846153848 0.06490384615384616
0 0.671875 0.4735576923076923 0.026442307692307692 0.05048076923076923
0 0.6322115384615384 0.47475961538461536 0.03125 0.06009615384615385
0 0.6045673076923077 0.4699519230769231 0.019230769230769232 0.04326923076923077
0 0.5733173076923077 0.47115384615384615 0.026442307692307692 0.05048076923076923
0 0.5264423076923077 0.4675480769230769 0.028846153846153848 0.055288461538461536
0 0.3473557692307692 0.8509615384615384 0.016826923076923076 0.07211538461538461
0 0.25841346153846156 0.7764423076923077 0.026442307692307692 0.08413461538461539
0 0.296875 0.17307692307692307 0.02403846153846154 0.04567307692307692
0 0.27403846153846156 0.17307692307692307 0.021634615384615384 0.04326923076923077
0 0.24759615384615385 0.17427884615384615 0.021634615384615384 0.05048076923076923
0 0.21394230769230768 0.17548076923076922 0.028846153846153848 0.052884615384615384
0 0.18509615384615385 0.171875 0.026442307692307692 0.05048076923076923
0 0.16105769230769232 0.16826923076923078 0.021634615384615384 0.05048076923076923
0 0.004807692307692308 0.5 0.009615384615384616 0.04807692307692308
0 0.02403846153846154 0.5024038461538461 0.026442307692307692 0.05048076923076923
0 0.051682692307692304 0.5048076923076923 0.026442307692307692 0.05048076923076923
0 0.078125 0.5060096153846154 0.021634615384615384 0.05048076923076923
0 0.10697115384615384 0.5108173076923077 0.028846153846153848 0.0625
0 0.13581730769230768 0.5084134615384616 0.02403846153846154 0.05048076923076923
0 0.16706730769230768 0.5084134615384616 0.026442307692307692 0.04567307692307692
0 0.23798076923076922 0.515625 0.02403846153846154 0.05048076923076923
0 0.3894230769230769 0.5084134615384616 0.02403846153846154 0.04326923076923077
0 0.4098557692307692 0.5096153846153846 0.021634615384615384 0.04567307692307692
0 0.43509615384615385 0.5132211538461539 0.028846153846153848 0.06009615384615385
0 0.46153846153846156 0.5084134615384616 0.026442307692307692 0.04567307692307692
0 0.4855769230769231 0.5132211538461539 0.019230769230769232 0.04326923076923077
0 0.5084134615384616 0.5132211538461539 0.019230769230769232 0.040865384615384616
0 0.5360576923076923 0.5192307692307693 0.026442307692307692 0.05048076923076923
0 0.5661057692307693 0.5216346153846154 0.02403846153846154 0.055288461538461536
0 0.5925480769230769 0.5216346153846154 0.02403846153846154 0.052884615384615384
0 0.6165865384615384 0.5264423076923077 0.02403846153846154 0.05048076923076923
0 0.6430288461538461 0.5288461538461539 0.021634615384615384 0.05048076923076923
0 0.6682692307692307 0.5300480769230769 0.02403846153846154 0.04567307692307692
0 0.6923076923076923 0.5336538461538461 0.019230769230769232 0.04567307692307692
0 0.7163461538461539 0.5360576923076923 0.021634615384615384 0.04326923076923077
0 0.8052884615384616 0.2548076923076923 0.02403846153846154 0.057692307692307696
2 0.7884615384615384 0.5132211538461539 0.06971153846153846 0.11298076923076923