0 0.6526442307692307 0.9170673076923077 0.009615384615384616 0.08653846153846154
0 0.7007211538461539 0.7295673076923077 0.02403846153846154 0.057692307692307696
0 0.59375 0.7764423076923077 0.02403846153846154 0.055288461538461536
0 0.8257211538461539 0.4699519230769231 0.02403846153846154 0.05048076923076923
0 0.6165865384615384 0.7788461538461539 0.014423076923076924 0.04326923076923077
0 0.8173076923076923 0.5348557692307693 0.019230769230769232 0.04326923076923077
0 0.8209134615384616 0.59375 0.019230769230769232 0.057692307692307696
0 0.78125 0.5516826923076923 0.016826923076923076 0.04807692307692308
0 0.7884615384615384 0.6009615384615384 0.02403846153846154 0.0625
0 0.921875 0.9807692307692307 0.009615384615384616 0.038461538461538464
0 0.7512019230769231 0.6165865384615384 0.02403846153846154 0.05048076923076923
0 0.7199519230769231 0.6237980769230769 0.019230769230769232 0.04807692307692308
0 0.7487980769230769 0.5528846153846154 0.02403846153846154 0.05048076923076923
0 0.7175480769230769 0.49038461538461536 0.02403846153846154 0.06009615384615385
0 0.6574519230769231 0.5108173076923077 0.021634615384615384 0.05048076923076923
0 0.6165865384615384 0.5132211538461539 0.02403846153846154 0.055288461538461536
0 0.5913461538461539 0.5216346153846154 0.016826923076923076 0.04326923076923077
0 0.5600961538461539 0.5252403846153846 0.02403846153846154 0.04326923076923077
0 0.5132211538461539 0.5324519230769231 0.02403846153846154 0.052884615384615384
0 0.3016826923076923 0.1622596153846154 0.009615384615384616 0.07451923076923077
0 0.21995192307692307 0.2439903846153846 0.019230769230769232 0.08653846153846154
0 0.31009615384615385 0.8425480769230769 0.019230769230769232 0.04807692307692308
0 0.28725961538461536 0.84375 0.019230769230769232 0.04326923076923077
0 0.2608173076923077 0.8461538461538461 0.016826923076923076 0.05048076923076923
0 0.2283653846153846 0.8485576923076923 0.02403846153846154 0.04807692307692308
0 0.19951923076923078 0.8545673076923077 0.021634615384615384 0.04807692307692308
0 0.17548076923076922 0.8605769230769231 0.019230769230769232 0.04807692307692308
0 0.010817307692307692 0.5384615384615384 0.019230769230769232 0.04807692307692308
0 0.037259615384615384 0.5336538461538461 0.019230769230769232 0.05048076923076923
0 0.06370192307692307 0.5300480769230769 0.019230769230769232 0.04807692307692308
0 0.09134615384615384 0.5240384615384616 0.02403846153846154 0.057692307692307696
0 0.12139423076923077 0.5216346153846154 0.019230769230769232 0.04807692307692308
0 0.15144230769230768 0.5204326923076923 0.021634615384615384 0.04326923076923077
0 0.22235576923076922 0.5084134615384616 0.019230769230769232 0.05048076923076923
0 0.3737980769230769 0.5012019230769231 0.019230769230769232 0.04326923076923077
0 0.3942307692307692 0.4987980769230769 0.016826923076923076 0.04326923076923077
0 0.4182692307692308 0.49158653846153844 0.02403846153846154 0.057692307692307696
0 0.44591346153846156 0.4951923076923077 0.021634615384615384 0.04326923076923077
0 0.46875 0.4891826923076923 0.014423076923076924 0.04807692307692308
0 0.49158653846153844 0.4831730769230769 0.019230769230769232 0.038461538461538464
0 0.5180288461538461 0.47716346153846156 0.021634615384615384 0.05048076923076923
0 0.5480769230769231 0.4723557692307692 0.021634615384615384 0.04326923076923077
0 0.5733173076923077 0.4699519230769231 0.019230769230769232 0.04326923076923077
0 0.5985576923076923 0.4639423076923077 0.019230769230769232 0.05048076923076923
0 0.6237980769230769 0.46033653846153844 0.019230769230769232 0.05048076923076923
0 0.6490384615384616 0.4579326923076923 0.019230769230769232 0.04326923076923077
0 0.6730769230769231 0.45072115384615385 0.016826923076923076 0.05048076923076923
0 0.6971153846153846 0.44591346153846156 0.019230769230769232 0.04326923076923077
0 0.7896634615384616 0.7235576923076923 0.019230769230769232 0.05048076923076923
2 0.7704326923076923 0.46274038461538464 0.0625 0.10576923076923077