0 0.0028220253321041893 0.5321960698923761 0.005644050664208379 0.014190932588823202
0 0.33804342390688 0.6092167580627705 0.013409682588823201 0.020113446856846906
0 0.2946958382987382 0.5649187944567007 0.02409247146395277 0.01515411910658777
0 0.3926239160489972 0.5804410947043698 0.022420809553293886 0.012737594499482086
0 0.18027377336876077 0.5000856989237615 0.024165246071058542 0.016716619106587772
0 0.3723114160489972 0.5794950248119937 0.013790672249741042 0.011556084160399748
0 0.1889210272977022 0.5161473465663966 0.01933219685684686 0.01337329528527036
0 0.18365133044085535 0.528429022745079 0.02018622146395268 0.014972182588823203
0 0.22158797808349048 0.5208006133156197 0.016915672249741043 0.011701633374611475
0 0.2132660558337495 0.5313742402800903 0.022566358767505613 0.015862594499482085
0 0.0855348540145039 0.6178125463187276 0.010211907981717361 0.018405397642635178
0 0.24905800661953775 0.536173056243525 0.02249358416039975 0.014300094499482085
0 0.27859995740532606 0.5406807737785363 0.01687928494618802 0.010920383374611476
0 0.25127547808349043 0.5221833308506308 0.024764559553293885 0.012846756410140792
0 0.28161794954744324 0.5095035483856423 0.02260274607105863 0.016643844499482086
0 0.3376496257261256 0.516810934241453 0.022529971463952768 0.015081344499482086
0 0.3750768511190198 0.5201200248119937 0.022348034946188023 0.011175094499482086
0 0.3984415765119139 0.5227741439185815 0.01375428494618811 0.01077483416039975
0 0.428129076511914 0.5241568614535927 0.021566784946188022 0.011138707195929066
0 0.4718063019048081 0.5277570504525568 0.022348034946188023 0.011175094499482086
0 0.6725383560814185 0.45411415094789487 0.010102746071058632 0.01606164764263518
0 0.748300335403254 0.47486760669608186 0.021258569892376046 0.021258569892376046
0 0.6575939445850445 0.6068752779123656 0.019295809553294064 0.012592045285270359
0 0.6794689445850445 0.6078941224118475 0.019295809553294064 0.012592045285270359
0 0.7043961699779386 0.6106210161255412 0.016952059553294062 0.012482883374611476
0 0.7340836699779386 0.6120037336605526 0.022311647642635178 0.010393844499482085
0 0.7605733953708327 0.6148034019813522 0.02000428494618802 0.011065932588823203
0 0.7823756207637269 0.6173847464808342 0.019332196856846905 0.01337329528527036
0 0.9638482526905964 0.5538060516909018 0.019332196856846905 0.01337329528527036
0 0.9404835272977022 0.5511519325843139 0.020113446856846906 0.013409682588823201
0 0.9139938019048082 0.5483522642635144 0.018441784946188023 0.010993157981717516
0 0.8905563019048082 0.5472606451569266 0.016952059553293708 0.012482883374611476
0 0.865629076511914 0.5445337514432328 0.023420383374611477 0.017461481803034928
0 0.8359415765119138 0.5431510339082216 0.019295809553293707 0.012592045285270359
0 0.8078893511190198 0.5402785909803162 0.019223034946188024 0.01102954528527036
0 0.7423371257261256 0.5356595574818701 0.02022260876750561 0.015753432588823203
0 0.6017849003332315 0.527547342842343 0.019223034946188024 0.01102954528527036
0 0.5831076749403373 0.5251115475570727 0.014571922249741043 0.011592471463952592
0 0.5597429495474432 0.5224574284504848 0.021675946856846907 0.013482457195929064
0 0.5346701749403373 0.522855534736791 0.019223034946188024 0.01102954528527036
0 0.5128679495474432 0.5202741902373091 0.01293664764263518 0.009957196856846906
0 0.49106572415454897 0.517692845737827 0.015952485731976294 0.007758996071058633
0 0.46770099876165494 0.5150387266312393 0.020858309553293885 0.012664819892376045
0 0.4395759987616549 0.5137287837033337 0.019223034946188024 0.01102954528527036
0 0.41621127336876074 0.511074664596746 0.01687928494618802 0.010920383374611476
0 0.3928465479758666 0.508420545490158 0.018478172249740955 0.011774407981717517
0 0.36940904797586666 0.5073289263835703 0.016952059553293885 0.012482883374611476
0 0.3460443225829725 0.5046748072769823 0.019259422249741042 0.011810795285270358
0 0.3226795971900783 0.5020206881703946 0.015353172249741042 0.01162885876750579
0 0.30080459719007835 0.5010018436709125 0.017696922249741044 0.011738020678164318
0 0.21195611290584404 0.5594992402800903 0.019332196856846905 0.01337329528527036