0 0.0328125 0.5265625 0.0171875 0.009375
0 0.0859375 0.403125 0.0078125 0.0203125
0 0.46875 0.540625 0.0171875 0.0078125
0 0.9046875 0.540625 0.021875 0.009375
0 0.9390625 0.553125 0.0203125 0.009375
0 0.196875 0.48125 0.01875 0.009375
0 0.9171875 0.553125 0.0109375 0.0078125
0 0.203125 0.49375 0.0171875 0.009375
0 0.196875 0.509375 0.0171875 0.009375
0 0.2390625 0.496875 0.015625 0.0078125
0 0.23125 0.509375 0.021875 0.009375
0 0.1109375 0.60625 0.009375 0.0203125
0 0.2703125 0.5109375 0.0203125 0.0078125
0 0.3 0.5109375 0.0171875 0.009375
0 0.271875 0.496875 0.0234375 0.009375
0 0.3015625 0.48125 0.0203125 0.009375
0 0.3578125 0.484375 0.01875 0.009375
0 0.3953125 0.484375 0.021875 0.009375
0 0.4203125 0.4859375 0.0140625 0.009375
0 0.45 0.4859375 0.01875 0.0078125
0 0.4921875 0.4859375 0.021875 0.009375
0 0.6890625 0.3953125 0.009375 0.0171875
0 0.765625 0.4171875 0.0171875 0.0171875
0 0.6828125 0.559375 0.0171875 0.0078125
0 0.703125 0.559375 0.0171875 0.0078125
0 0.728125 0.5609375 0.015625 0.009375
0 0.7578125 0.5625 0.021875 0.0078125
0 0.784375 0.5625 0.01875 0.0078125
0 0.8078125 0.5640625 0.0171875 0.0078125
0 0.83125 0.5640625 0.01875 0.0078125
0 0.9375 0.565625 0.0171875 0.0078125
0 0.959375 0.5671875 0.015625 0.0078125
0 0.984375 0.484375 0.0171875 0.0078125
0 0.9625 0.484375 0.01875 0.0078125
0 0.9359375 0.4828125 0.01875 0.0078125
0 0.9109375 0.4828125 0.015625 0.0078125
0 0.8859375 0.4828125 0.021875 0.009375
0 0.8578125 0.4828125 0.015625 0.0078125
0 0.8296875 0.48125 0.0203125 0.009375
0 0.7625 0.48125 0.0171875 0.0078125
0 0.6234375 0.4765625 0.0171875 0.0078125
0 0.6046875 0.4765625 0.015625 0.0078125
0 0.58125 0.4765625 0.0203125 0.009375
0 0.5546875 0.4765625 0.01875 0.0078125
0 0.534375 0.4765625 0.0125 0.0078125
0 0.5125 0.475 0.015625 0.0078125
0 0.4875 0.475 0.0203125 0.0078125
0 0.459375 0.4734375 0.01875 0.0078125
0 0.4359375 0.4734375 0.0171875 0.0078125
0 0.4125 0.4734375 0.015625 0.0078125
0 0.3890625 0.4734375 0.015625 0.0078125
0 0.3671875 0.471875 0.0171875 0.0078125
0 0.34375 0.471875 0.0140625 0.0078125
0 0.3203125 0.471875 0.0171875 0.0078125
0 0.7328125 0.5375 0.015625 0.009375