0 0.0018363660062159569 0.5299056760025452 0.0036727320124319137 0.009593176002545434
0 0.06774384822353566 0.39162497334499946 0.010393844499481997 0.021984088001272717
0 0.35072751447742057 0.5590692013844522 0.017170383374611475 0.01659715400222712
0 0.5559244367271616 0.5505134560789054 0.023202059553293887 0.011982379336408933
0 0.6428422398703149 0.5640316107574505 0.022348034946188023 0.010410788669636161
0 0.17892959719007834 0.4882828920273624 0.022493584160399795 0.013535788669636162
0 0.6225297398703148 0.5637952534213596 0.010520123035529138 0.007930678668045487
0 0.18764962572612562 0.502454480028635 0.01929580955329393 0.011936926002545433
0 0.18230715426217292 0.5164624360279987 0.02007705955329393 0.011946016669318027
0 0.2203165765119139 0.5059612880330894 0.01609803494618802 0.01033806333545435
0 0.2119218796550671 0.5183703813653622 0.023347608767505613 0.015107379336408933
0 0.08404512862160976 0.6122465560152721 0.012737594499481997 0.022011360001590673
0 0.24771383044085535 0.5219135520369074 0.02000428494618802 0.010383516669318027
0 0.27740133044085535 0.5222589973742708 0.01684289764263518 0.009565904002227298
0 0.2515665765119139 0.5063249147039983 0.025691358767505612 0.015134651336727067
0 0.28034654797586667 0.4925896787078162 0.02000428494618802 0.010383516669318027
0 0.33645099876165496 0.49636920671545226 0.020894696856846907 0.012736357336090798
0 0.37395099876165494 0.496805558720543 0.02327483416039975 0.013544879336408933
0 0.3972429495474432 0.5002032787237246 0.016915672249741043 0.0111284040022273
0 0.4269304495474432 0.5005487240610881 0.020821922249741043 0.011173857336090798
0 0.46911794954744324 0.501039620066815 0.021603172249741044 0.011182948002863569
0 0.6716308275453713 0.4158486494270866 0.012519270678164319 0.017323860001590852
0 0.747247257652995 0.43705203477081345 0.01806079528527036 0.01894999466899989
0 0.6563225430134679 0.5766952427593595 0.01687928494618802 0.010347154002227299
0 0.6781975430134679 0.5769497814289956 0.016733735731976295 0.007222154002227299
0 0.7031975430134679 0.5772406827657227 0.016915672249741043 0.011128404002227121
0 0.7328850430134679 0.5775861281030862 0.023238446856846905 0.012763629336408932
0 0.7593747684063621 0.5794577107733587 0.021603172249741044 0.011182948002863569
0 0.7811769937992562 0.581274749442995 0.017733309553293886 0.011918744668999892
0 0.9122814445850445 0.5859269814608122 0.01684289764263518 0.009565904002227298
0 0.9627951749403373 0.5083474214671757 0.01677012303552914 0.008003404002227122
0 0.9409929495474433 0.5065303827975395 0.021530397642634824 0.009620448002863569
0 0.9144304495474433 0.5062213001272668 0.019186647642634825 0.009593176002545434
0 0.889503224154549 0.5043678987905398 0.015952485731976652 0.0072130633354543505
0 0.864575998761655 0.5025144974538127 0.023238446856846905 0.012763629336408932
0 0.8364509987616551 0.5021872334499946 0.019295809553293707 0.011936926002545433
0 0.8083987733687608 0.5002974694461766 0.01989512303552914 0.008039766669318027
0 0.7412840479758666 0.49795317210372253 0.01684289764263518 0.009565904002227121
0 0.6007318225829724 0.4947543520846325 0.016733735731976295 0.007222154002227121
0 0.5819090479758666 0.49609867608208713 0.016025260339082338 0.008775563335454529
0 0.5586170971900783 0.4927009560789054 0.020931084160399748 0.013517607336090798
0 0.5335443225829725 0.4939725547421784 0.01996789764263518 0.009602266669318026
0 0.5117420971900783 0.4921555160725421 0.013754284946188022 0.010310791335136215
0 0.4899398717971842 0.49033847740290587 0.016025260339082338 0.00877556333545435
0 0.4665023717971842 0.49006575739972413 0.021603172249740864 0.011182948002863569
0 0.43845014640429003 0.48817599339590617 0.017696922249740864 0.011137494668999891
0 0.41345014640429 0.4878850920591791 0.017660534946188022 0.010356244668999893
0 0.3915751464042901 0.48763055338954286 0.016879284946188112 0.010347154002227122
0 0.36664792101139587 0.4857771520528157 0.01606164764263518 0.009556813335454351
0 0.3447729210113959 0.48552261338317954 0.01680651033908216 0.0087846540022273
0 0.32140819561850176 0.48368739337999783 0.014571922249741043 0.011101132001908987
0 0.29960597022560764 0.48187035471036166 0.01606164764263518 0.009556813335454351
0 0.4371744367271616 0.5491316747294517 0.015988873035529316 0.007994313335454351