0 0.9891826923076923 0.4074519230769231 0.021634615384615384 0.04567307692307692
0 0.9290865384615384 0.9555288461538461 0.01201923076923077 0.0889423076923077
0 0.5192307692307693 0.3485576923076923 0.021634615384615384 0.04567307692307692
0 0.015625 0.3401442307692308 0.026442307692307692 0.04326923076923077
0 0.8197115384615384 0.609375 0.021634615384615384 0.040865384615384616
0 0.010817307692307692 0.2764423076923077 0.014423076923076924 0.03365384615384615
0 0.8161057692307693 0.5552884615384616 0.021634615384615384 0.04326923076923077
0 0.8233173076923077 0.4879807692307692 0.021634615384615384 0.040865384615384616
0 0.7764423076923077 0.5396634615384616 0.016826923076923076 0.038461538461538464
0 0.7848557692307693 0.4855769230769231 0.02403846153846154 0.04326923076923077
0 0.9206730769230769 0.055288461538461536 0.01201923076923077 0.09615384615384616
0 0.7415865384615384 0.47596153846153844 0.02403846153846154 0.036057692307692304
0 0.7067307692307693 0.4735576923076923 0.019230769230769232 0.040865384615384616
0 0.7379807692307693 0.5420673076923077 0.026442307692307692 0.04567307692307692
0 0.703125 0.6069711538461539 0.02403846153846154 0.04567307692307692
0 0.6442307692307693 0.5961538461538461 0.02403846153846154 0.040865384615384616
0 0.6021634615384616 0.5925480769230769 0.02403846153846154 0.04807692307692308
0 0.5757211538461539 0.5865384615384616 0.016826923076923076 0.04567307692307692
0 0.5432692307692307 0.5877403846153846 0.021634615384615384 0.040865384615384616
0 0.49759615384615385 0.5841346153846154 0.02403846153846154 0.04326923076923077
0 0.2776442307692308 0.9771634615384616 0.01201923076923077 0.038461538461538464
0 0.19471153846153846 0.8966346153846154 0.021634615384615384 0.08413461538461539
0 0.2980769230769231 0.2536057692307692 0.019230769230769232 0.04326923076923077
0 0.27403846153846156 0.2512019230769231 0.019230769230769232 0.040865384615384616
0 0.24759615384615385 0.24759615384615385 0.016826923076923076 0.04567307692307692
0 0.21394230769230768 0.25 0.02403846153846154 0.038461538461538464
0 0.18509615384615385 0.24639423076923078 0.021634615384615384 0.040865384615384616
0 0.16105769230769232 0.24278846153846154 0.019230769230769232 0.040865384615384616
0 0.1346153846153846 0.24158653846153846 0.021634615384615384 0.040865384615384616
0 0.019230769230769232 0.23197115384615385 0.019230769230769232 0.038461538461538464
0 0.016826923076923076 0.5913461538461539 0.021634615384615384 0.038461538461538464
0 0.04326923076923077 0.5949519230769231 0.019230769230769232 0.040865384615384616
0 0.06971153846153846 0.5961538461538461 0.02403846153846154 0.040865384615384616
0 0.10096153846153846 0.5961538461538461 0.019230769230769232 0.038461538461538464
0 0.12980769230769232 0.6045673076923077 0.021634615384615384 0.040865384615384616
0 0.20192307692307693 0.6177884615384616 0.021634615384615384 0.036057692307692304
0 0.3545673076923077 0.6237980769230769 0.021634615384615384 0.038461538461538464
0 0.375 0.6225961538461539 0.019230769230769232 0.038461538461538464
0 0.40024038461538464 0.6274038461538461 0.02403846153846154 0.04326923076923077
0 0.42788461538461536 0.6286057692307693 0.021634615384615384 0.038461538461538464
0 0.45072115384615385 0.6310096153846154 0.014423076923076924 0.036057692307692304
0 0.47475961538461536 0.6346153846153846 0.016826923076923076 0.036057692307692304
0 0.5012019230769231 0.6334134615384616 0.021634615384615384 0.040865384615384616
0 0.53125 0.6382211538461539 0.021634615384615384 0.03365384615384615
0 0.5576923076923077 0.6430288461538461 0.019230769230769232 0.036057692307692304
0 0.5829326923076923 0.6418269230769231 0.019230769230769232 0.03365384615384615
0 0.6081730769230769 0.6454326923076923 0.016826923076923076 0.036057692307692304
0 0.6334134615384616 0.6490384615384616 0.019230769230769232 0.038461538461538464
0 0.6574519230769231 0.6526442307692307 0.016826923076923076 0.036057692307692304
0 0.6826923076923077 0.6550480769230769 0.019230769230769232 0.036057692307692304
0 0.2127403846153846 0.3545673076923077 0.019230769230769232 0.040865384615384616
2 0.7548076923076923 0.6153846153846154 0.06490384615384616 0.07692307692307693