0 0.0028220253321041893 0.53125 0.005644050664208379 0.01328125
0 0.3366264731210918 0.5890625 0.012628432588823202 0.01953125
0 0.3181333382987382 0.55 0.02327483416039975 0.01328125
0 0.4161341906561031 0.559375 0.024165246071058633 0.015625
0 0.18027377336876077 0.490625 0.019967897642635134 0.009375
0 0.3941864160489972 0.5609375 0.01293664764263509 0.009375
0 0.18743130190480806 0.5046875 0.016842897642635135 0.009375
0 0.18208883044085536 0.51875 0.01851455955329393 0.01171875
0 0.22158797808349048 0.509375 0.01606164764263518 0.009375
0 0.2132660558337495 0.5203125 0.02661815798171734 0.01796875
0 0.0839723540145039 0.6125 0.00943065798171736 0.01796875
0 0.24749550661953776 0.5234375 0.02327483416039975 0.01328125
0 0.2771102320124319 0.525 0.01687928494618802 0.01015625
0 0.2512754780834905 0.509375 0.025727746071058544 0.015625
0 0.2800554495474432 0.4953125 0.021894270678164407 0.0171875
0 0.33608712572612565 0.5 0.020858309553293885 0.01171875
0 0.3735871257261256 0.5 0.02331122146395277 0.0140625
0 0.3985143511190198 0.5015625 0.01609803494618802 0.01015625
0 0.4281290765119139 0.503125 0.020077059553293884 0.01171875
0 0.47024380190480813 0.5046875 0.022420809553294063 0.01171875
0 0.6710486306885244 0.4203125 0.010102746071058632 0.015625
0 0.746737835403254 0.4390625 0.018805657981717516 0.01796875
0 0.6560314445850445 0.575 0.017696922249741044 0.0109375
0 0.6779064445850445 0.575 0.017733309553294063 0.01171875
0 0.7028336699779386 0.5765625 0.01609803494618802 0.01015625
0 0.7325211699779386 0.5765625 0.023238446856846905 0.0125
0 0.7590108953708328 0.578125 0.021603172249740864 0.0109375
0 0.7823756207637269 0.5796875 0.01606164764263518 0.009375
0 0.9623585272977021 0.50625 0.01862372146395259 0.0140625
0 0.9404835272977022 0.50625 0.020113446856846906 0.0125
0 0.9139938019048082 0.5046875 0.019295809553293707 0.01171875
0 0.8889938019048081 0.5046875 0.01609803494618802 0.01015625
0 0.8640665765119138 0.503125 0.02331122146395259 0.0140625
0 0.8360143511190199 0.5015625 0.018441784946188023 0.01015625
0 0.8078893511190198 0.5015625 0.020077059553293707 0.01171875
0 0.7408474003332315 0.4984375 0.017733309553293886 0.01171875
0 0.6018576749403374 0.496875 0.018441784946188023 0.01015625
0 0.5815451749403373 0.496875 0.015280397642635179 0.009375
0 0.5597429495474432 0.4953125 0.022529971463952768 0.0140625
0 0.5331804495474433 0.4953125 0.020894696856846907 0.0125
0 0.5128679495474432 0.4953125 0.01293664764263518 0.009375
0 0.4910657241545491 0.49375 0.015988873035529316 0.0078125
0 0.4661384987616549 0.4921875 0.022457196856846905 0.0125
0 0.43964877336876074 0.490625 0.019223034946188024 0.01015625
0 0.4146487733687607 0.490625 0.019259422249740865 0.0109375
0 0.3928465479758666 0.4890625 0.018478172249740955 0.0109375
0 0.36791932258297255 0.4875 0.016915672249741043 0.0109375
0 0.34448182258297255 0.4875 0.01687928494618802 0.01015625
0 0.3226795971900783 0.4859375 0.01609803494618811 0.01015625
0 0.2993148717971842 0.484375 0.01847817224974104 0.0109375
0 0.23226861290584405 0.5484375 0.017696922249741044 0.0109375