0 0.8978365384615384 0.9615384615384616 0.016826923076923076 0.07692307692307693
0 0.5733173076923077 0.30649038461538464 0.021634615384615384 0.04326923076923077
0 0.1778846153846154 0.2860576923076923 0.028846153846153848 0.04567307692307692
0 0.12139423076923077 0.22115384615384615 0.028846153846153848 0.04807692307692308
0 0.8064903846153846 0.6045673076923077 0.026442307692307692 0.052884615384615384
0 0.14423076923076922 0.22235576923076922 0.016826923076923076 0.036057692307692304
0 0.8028846153846154 0.5456730769230769 0.026442307692307692 0.04807692307692308
0 0.8125 0.4807692307692308 0.02403846153846154 0.04326923076923077
0 0.7668269230769231 0.5276442307692307 0.021634615384615384 0.040865384615384616
0 0.7800480769230769 0.4735576923076923 0.028846153846153848 0.05048076923076923
0 0.9507211538461539 0.07091346153846154 0.014423076923076924 0.0673076923076923
0 0.7427884615384616 0.46153846153846156 0.026442307692307692 0.04326923076923077
0 0.7103365384615384 0.45552884615384615 0.021634615384615384 0.040865384615384616
0 0.7331730769230769 0.5264423076923077 0.028846153846153848 0.04807692307692308
0 0.6959134615384616 0.5901442307692307 0.026442307692307692 0.04807692307692308
0 0.6370192307692307 0.5637019230769231 0.026442307692307692 0.04326923076923077
0 0.5973557692307693 0.5564903846153846 0.028846153846153848 0.052884615384615384
0 0.5721153846153846 0.5492788461538461 0.019230769230769232 0.04326923076923077
0 0.5396634615384616 0.546875 0.026442307692307692 0.04567307692307692
0 0.49278846153846156 0.5420673076923077 0.028846153846153848 0.04567307692307692
0 0.24278846153846154 0.9302884615384616 0.016826923076923076 0.07932692307692307
0 0.16706730769230768 0.8257211538461539 0.028846153846153848 0.0889423076923077
0 0.31490384615384615 0.19471153846153846 0.021634615384615384 0.04326923076923077
0 0.2920673076923077 0.19230769230769232 0.021634615384615384 0.04326923076923077
0 0.2644230769230769 0.18629807692307693 0.021634615384615384 0.04567307692307692
0 0.23197115384615385 0.18389423076923078 0.028846153846153848 0.04326923076923077
0 0.20192307692307693 0.17908653846153846 0.026442307692307692 0.04326923076923077
0 0.17908653846153846 0.17307692307692307 0.021634615384615384 0.04326923076923077
0 0.038461538461538464 0.15264423076923078 0.021634615384615384 0.04567307692307692
0 0.009615384615384616 0.5132211538461539 0.019230769230769232 0.040865384615384616
0 0.03485576923076923 0.5204326923076923 0.021634615384615384 0.04326923076923077
0 0.06129807692307692 0.5264423076923077 0.028846153846153848 0.04567307692307692
0 0.09375 0.5300480769230769 0.019230769230769232 0.040865384615384616
0 0.12259615384615384 0.5360576923076923 0.026442307692307692 0.04326923076923077
0 0.19471153846153846 0.546875 0.021634615384615384 0.040865384615384616
0 0.3473557692307692 0.5637019230769231 0.02403846153846154 0.038461538461538464
0 0.36778846153846156 0.5661057692307693 0.021634615384615384 0.040865384615384616
0 0.3918269230769231 0.5745192307692307 0.026442307692307692 0.04807692307692308
0 0.4206730769230769 0.5769230769230769 0.02403846153846154 0.040865384615384616
0 0.44350961538461536 0.5829326923076923 0.016826923076923076 0.038461538461538464
0 0.4675480769230769 0.5877403846153846 0.021634615384615384 0.038461538461538464
0 0.49278846153846156 0.5901442307692307 0.02403846153846154 0.040865384615384616
0 0.5228365384615384 0.5961538461538461 0.02403846153846154 0.040865384615384616
0 0.5492788461538461 0.6021634615384616 0.02403846153846154 0.040865384615384616
0 0.5745192307692307 0.6057692307692307 0.021634615384615384 0.040865384615384616
0 0.5985576923076923 0.6105769230769231 0.021634615384615384 0.04326923076923077
0 0.6237980769230769 0.6153846153846154 0.021634615384615384 0.04326923076923077
0 0.6478365384615384 0.6237980769230769 0.019230769230769232 0.040865384615384616
0 0.671875 0.6286057692307693 0.021634615384615384 0.040865384615384616
0 0.33774038461538464 0.30288461538461536 0.021634615384615384 0.04326923076923077
2 0.7475961538461539 0.6069711538461539 0.0673076923076923 0.08413461538461539