0 0.018028846153846152 0.6165865384615384 0.020432692307692308 0.04447115384615385
0 0.3701923076923077 0.7379807692307693 0.016826923076923076 0.07932692307692307
0 0.5504807692307693 0.6754807692307693 0.02283653846153846 0.04447115384615385
0 0.640625 0.7283653846153846 0.021634615384615384 0.042067307692307696
0 0.20072115384615385 0.43990384615384615 0.021634615384615384 0.046875
0 0.6201923076923077 0.7307692307692307 0.01201923076923077 0.03485576923076923
0 0.2091346153846154 0.4963942307692308 0.019230769230769232 0.046875
0 0.20552884615384615 0.5540865384615384 0.020432692307692308 0.042067307692307696
0 0.24278846153846154 0.5096153846153846 0.016826923076923076 0.039663461538461536
0 0.23557692307692307 0.5576923076923077 0.02283653846153846 0.04927884615384615
0 0.11057692307692307 0.9459134615384616 0.009615384615384616 0.09014423076923077
0 0.2704326923076923 0.5709134615384616 0.020432692307692308 0.039663461538461536
0 0.3004807692307692 0.5733173076923077 0.018028846153846152 0.039663461538461536
0 0.27283653846153844 0.5096153846153846 0.02403846153846154 0.046875
0 0.3016826923076923 0.4495192307692308 0.021634615384615384 0.051682692307692304
0 0.3581730769230769 0.4675480769230769 0.020432692307692308 0.042067307692307696
0 0.3954326923076923 0.4675480769230769 0.02283653846153846 0.04927884615384615
0 0.41947115384615385 0.47596153846153844 0.015625 0.039663461538461536
0 0.4495192307692308 0.47716346153846156 0.020432692307692308 0.039663461538461536
0 0.49158653846153844 0.48197115384615385 0.02283653846153846 0.042067307692307696
0 0.6887019230769231 0.12259615384615384 0.009615384615384616 0.07211538461538461
0 0.765625 0.203125 0.018028846153846152 0.07692307692307693
0 0.6814903846153846 0.7776442307692307 0.019230769230769232 0.042067307692307696
0 0.703125 0.7788461538461539 0.019230769230769232 0.037259615384615384
0 0.7283653846153846 0.7788461538461539 0.016826923076923076 0.04447115384615385
0 0.7584134615384616 0.7800480769230769 0.02283653846153846 0.039663461538461536
0 0.7848557692307693 0.7860576923076923 0.020432692307692308 0.039663461538461536
0 0.8076923076923077 0.7896634615384616 0.018028846153846152 0.037259615384615384
0 0.9362980769230769 0.8052884615384616 0.019230769230769232 0.039663461538461536
0 0.984375 0.48197115384615385 0.018028846153846152 0.039663461538461536
0 0.9627403846153846 0.4795673076923077 0.020432692307692308 0.037259615384615384
0 0.9362980769230769 0.47716346153846156 0.019230769230769232 0.03485576923076923
0 0.9110576923076923 0.4723557692307692 0.016826923076923076 0.037259615384615384
0 0.8870192307692307 0.46875 0.021634615384615384 0.051682692307692304
0 0.8581730769230769 0.4651442307692308 0.018028846153846152 0.037259615384615384
0 0.8293269230769231 0.46274038461538464 0.020432692307692308 0.039663461538461536
0 0.7632211538461539 0.4543269230769231 0.018028846153846152 0.037259615384615384
0 0.6225961538461539 0.4483173076923077 0.019230769230769232 0.037259615384615384
0 0.6033653846153846 0.4495192307692308 0.015625 0.037259615384615384
0 0.5805288461538461 0.44350961538461536 0.021634615384615384 0.04447115384615385
0 0.5552884615384616 0.44471153846153844 0.020432692307692308 0.037259615384615384
0 0.5336538461538461 0.4411057692307692 0.013221153846153846 0.037259615384615384
0 0.5120192307692307 0.4375 0.018028846153846152 0.037259615384615384
0 0.4879807692307692 0.4338942307692308 0.020432692307692308 0.042067307692307696
0 0.46033653846153844 0.43028846153846156 0.020432692307692308 0.037259615384615384
0 0.43509615384615385 0.4254807692307692 0.019230769230769232 0.037259615384615384
0 0.41346153846153844 0.421875 0.018028846153846152 0.042067307692307696
0 0.3894230769230769 0.41947115384615385 0.015625 0.042067307692307696
0 0.36658653846153844 0.41466346153846156 0.018028846153846152 0.039663461538461536
0 0.3425480769230769 0.4098557692307692 0.015625 0.042067307692307696
0 0.32091346153846156 0.40865384615384615 0.016826923076923076 0.039663461538461536
0 0.4362980769230769 0.6778846153846154 0.018028846153846152 0.039663461538461536
2 0.25240384615384615 0.4338942307692308 0.057692307692307696 0.08653846153846154