0 0.11057692307692307 0.9543269230769231 0.019230769230769232 0.09134615384615384
0 0.3786057692307692 0.3125 0.02403846153846154 0.040865384615384616
0 0.7091346153846154 0.28725961538461536 0.028846153846153848 0.04326923076923077
0 0.7740384615384616 0.21995192307692307 0.028846153846153848 0.04326923076923077
0 0.1875 0.5961538461538461 0.026442307692307692 0.05048076923076923
0 0.7524038461538461 0.22355769230769232 0.016826923076923076 0.036057692307692304
0 0.18870192307692307 0.5396634615384616 0.02403846153846154 0.04567307692307692
0 0.1778846153846154 0.47836538461538464 0.02403846153846154 0.040865384615384616
0 0.22355769230769232 0.5216346153846154 0.021634615384615384 0.038461538461538464
0 0.20793269230769232 0.46875 0.026442307692307692 0.04567307692307692
0 0.03125 0.09014423076923077 0.019230769230769232 0.07211538461538461
0 0.24278846153846154 0.4567307692307692 0.026442307692307692 0.040865384615384616
0 0.27403846153846156 0.4483173076923077 0.021634615384615384 0.038461538461538464
0 0.2536057692307692 0.5180288461538461 0.03125 0.04567307692307692
0 0.2920673076923077 0.5793269230769231 0.026442307692307692 0.04807692307692308
0 0.3473557692307692 0.5564903846153846 0.026442307692307692 0.04567307692307692
0 0.3858173076923077 0.546875 0.028846153846153848 0.04807692307692308
0 0.4110576923076923 0.5396634615384616 0.021634615384615384 0.04326923076923077
0 0.4411057692307692 0.5360576923076923 0.02403846153846154 0.040865384615384616
0 0.4855769230769231 0.5276442307692307 0.028846153846153848 0.04326923076923077
0 0.7367788461538461 0.8858173076923077 0.019230769230769232 0.07932692307692307
0 0.8052884615384616 0.7884615384615384 0.028846153846153848 0.08173076923076923
0 0.6442307692307693 0.1935096153846154 0.02403846153846154 0.040865384615384616
0 0.6658653846153846 0.18870192307692307 0.02403846153846154 0.040865384615384616
0 0.6911057692307693 0.18509615384615385 0.021634615384615384 0.040865384615384616
0 0.7223557692307693 0.1814903846153846 0.026442307692307692 0.036057692307692304
0 0.75 0.17427884615384615 0.026442307692307692 0.040865384615384616
0 0.7728365384615384 0.1658653846153846 0.021634615384615384 0.040865384615384616
0 0.90625 0.13942307692307693 0.02403846153846154 0.04326923076923077
0 0.9302884615384616 0.13581730769230768 0.019230769230769232 0.038461538461538464
0 0.9915865384615384 0.4723557692307692 0.016826923076923076 0.040865384615384616
0 0.9735576923076923 0.47836538461538464 0.02403846153846154 0.038461538461538464
0 0.9471153846153846 0.484375 0.02403846153846154 0.038461538461538464
0 0.921875 0.49158653846153844 0.021634615384615384 0.038461538461538464
0 0.8966346153846154 0.49759615384615385 0.028846153846153848 0.04567307692307692
0 0.8665865384615384 0.5024038461538461 0.021634615384615384 0.038461538461538464
0 0.8377403846153846 0.5108173076923077 0.02403846153846154 0.040865384615384616
0 0.7704326923076923 0.5240384615384616 0.02403846153846154 0.036057692307692304
0 0.625 0.546875 0.02403846153846154 0.036057692307692304
0 0.6045673076923077 0.5480769230769231 0.021634615384615384 0.038461538461538464
0 0.5817307692307693 0.5564903846153846 0.028846153846153848 0.04567307692307692
0 0.5552884615384616 0.5588942307692307 0.02403846153846154 0.040865384615384616
0 0.5336538461538461 0.5661057692307693 0.016826923076923076 0.038461538461538464
0 0.5132211538461539 0.5733173076923077 0.021634615384615384 0.040865384615384616
0 0.48677884615384615 0.5769230769230769 0.026442307692307692 0.040865384615384616
0 0.4579326923076923 0.5841346153846154 0.026442307692307692 0.038461538461538464
0 0.4338942307692308 0.5913461538461539 0.02403846153846154 0.038461538461538464
0 0.4098557692307692 0.5949519230769231 0.021634615384615384 0.038461538461538464
0 0.3870192307692308 0.6009615384615384 0.021634615384615384 0.04326923076923077
0 0.3629807692307692 0.6081730769230769 0.021634615384615384 0.040865384615384616
0 0.3401442307692308 0.6153846153846154 0.021634615384615384 0.040865384615384616
0 0.3173076923076923 0.6189903846153846 0.02403846153846154 0.038461538461538464
0 0.5685096153846154 0.30528846153846156 0.02403846153846154 0.04326923076923077
2 0.24278846153846154 0.5925480769230769 0.0673076923076923 0.08413461538461539