0 0.9050480769230769 0.9759615384615384 0.016826923076923076 0.04807692307692308
0 0.6177884615384616 0.3088942307692308 0.02403846153846154 0.05048076923076923
0 0.3173076923076923 0.3016826923076923 0.028846153846153848 0.04567307692307692
0 0.23557692307692307 0.23197115384615385 0.028846153846153848 0.04807692307692308
0 0.8100961538461539 0.6045673076923077 0.028846153846153848 0.052884615384615384
0 0.25721153846153844 0.23557692307692307 0.016826923076923076 0.036057692307692304
0 0.8064903846153846 0.5444711538461539 0.026442307692307692 0.05048076923076923
0 0.8173076923076923 0.47716346153846156 0.026442307692307692 0.04567307692307692
0 0.7716346153846154 0.5240384615384616 0.021634615384615384 0.04326923076923077
0 0.7848557692307693 0.47115384615384615 0.028846153846153848 0.05048076923076923
0 0.9579326923076923 0.06971153846153846 0.016826923076923076 0.0625
0 0.7463942307692307 0.4567307692307692 0.026442307692307692 0.04326923076923077
0 0.7139423076923077 0.4495192307692308 0.02403846153846154 0.04326923076923077
0 0.7379807692307693 0.5216346153846154 0.028846153846153848 0.04807692307692308
0 0.6995192307692307 0.5865384615384616 0.028846153846153848 0.052884615384615384
0 0.640625 0.5649038461538461 0.026442307692307692 0.04807692307692308
0 0.5985576923076923 0.5600961538461539 0.028846153846153848 0.055288461538461536
0 0.5733173076923077 0.5492788461538461 0.021634615384615384 0.04567307692307692
0 0.5396634615384616 0.546875 0.026442307692307692 0.04567307692307692
0 0.49278846153846156 0.5384615384615384 0.028846153846153848 0.04807692307692308
0 0.2403846153846154 0.9254807692307693 0.016826923076923076 0.08413461538461539
0 0.16466346153846154 0.8245192307692307 0.028846153846153848 0.08653846153846154
0 0.3125 0.19110576923076922 0.02403846153846154 0.04567307692307692
0 0.28966346153846156 0.18870192307692307 0.02403846153846154 0.040865384615384616
0 0.2620192307692308 0.18269230769230768 0.021634615384615384 0.04326923076923077
0 0.2283653846153846 0.17908653846153846 0.028846153846153848 0.04567307692307692
0 0.20072115384615385 0.17307692307692307 0.026442307692307692 0.04326923076923077
0 0.17548076923076922 0.1658653846153846 0.021634615384615384 0.04326923076923077
0 0.036057692307692304 0.14302884615384615 0.016826923076923076 0.04807692307692308
0 0.007211538461538462 0.5084134615384616 0.014423076923076924 0.040865384615384616
0 0.030048076923076924 0.515625 0.021634615384615384 0.04326923076923077
0 0.056490384615384616 0.5204326923076923 0.028846153846153848 0.052884615384615384
0 0.0889423076923077 0.5240384615384616 0.021634615384615384 0.040865384615384616
0 0.11899038461538461 0.5324519230769231 0.026442307692307692 0.04567307692307692
0 0.19230769230769232 0.5444711538461539 0.02403846153846154 0.040865384615384616
0 0.34615384615384615 0.5637019230769231 0.02403846153846154 0.038461538461538464
0 0.36658653846153844 0.5661057692307693 0.021634615384615384 0.038461538461538464
0 0.3918269230769231 0.5721153846153846 0.026442307692307692 0.05048076923076923
0 0.41947115384615385 0.5745192307692307 0.026442307692307692 0.04567307692307692
0 0.44350961538461536 0.5817307692307693 0.016826923076923076 0.038461538461538464
0 0.4675480769230769 0.5865384615384616 0.021634615384615384 0.040865384615384616
0 0.49278846153846156 0.5901442307692307 0.026442307692307692 0.040865384615384616
0 0.5240384615384616 0.5973557692307693 0.02403846153846154 0.040865384615384616
0 0.5504807692307693 0.6045673076923077 0.02403846153846154 0.04326923076923077
0 0.5745192307692307 0.609375 0.021634615384615384 0.04326923076923077
0 0.6009615384615384 0.6141826923076923 0.021634615384615384 0.04567307692307692
0 0.6262019230769231 0.6201923076923077 0.02403846153846154 0.04567307692307692
0 0.6502403846153846 0.6262019230769231 0.019230769230769232 0.040865384615384616
0 0.6754807692307693 0.6334134615384616 0.02403846153846154 0.040865384615384616
0 0.4579326923076923 0.3137019230769231 0.02403846153846154 0.04807692307692308
2 0.7524038461538461 0.6057692307692307 0.07211538461538461 0.0985576923076923