0 0.3913542417321155 0.5578125 0.05217262440943689 0.03984375
0 0.2713889713136955 0.6125 0.06017609736759484 0.0453125
0 0.5158780373782791 0.4546875 0.06658978847458741 0.05
0 0.9753460015400215 0.309375 0.04930799691995702 0.0421875
0 0.3708185085223385 0.4171875 0.05855903366526398 0.04375
0 0.26102186787083287 0.315625 0.05388145734906136 0.06640625
0 0.21292661905195925 0.2359375 0.0504563569862416 0.0578125
0 0.24671628729346104 0.1296875 0.04881201143274536 0.05546875
0 0.0652480324841376 0.1234375 0.060820938111767676 0.04140625
0 0.21313000489414144 0.33125 0.034985124409436796 0.03984375
0 0.15084328130301125 0.203125 0.039109629218760225 0.04609375
0 0.5496428798517324 0.16875 0.05890377404661713 0.03125
0 0.649424625042409 0.1625 0.0542708377489479 0.0328125
0 0.1803125927279074 0.6890625 0.061520342558271414 0.0390625
0 0.19634436441227182 0.8796875 0.051817960344286276 0.0296875
0 0.5577679593327959 0.759375 0.05567957032575279 0.05078125
0 0.6061161792957291 0.8015625 0.06621776624206888 0.06171875
0 0.6543552718540004 0.840625 0.06209326143274545 0.05546875
0 0.7071181733052793 0.875 0.06053076143274545 0.05546875
0 0.8960020469969259 0.4671875 0.03154266587924894 0.053125
0 0.8866121780297845 0.55625 0.03178820253973811 0.06015625
0 0.8829812357416656 0.63125 0.03383185217691818 0.0515625
0 0.8659624052491118 0.7703125 0.034159234390903494 0.0609375
0 0.9143403631463276 0.634375 0.05231895734906118 0.06640625
0 0.9491865890997104 0.603125 0.040654771051391946 0.06796875