0 0.40390880543444635 0.5459523292266095 0.05454365626060227 0.04248016587924912
0 0.20576397131369548 0.606061483124959 0.06093006551642936 0.04660467068857255
0 0.1608532645976063 0.6639483941948847 0.05755952885594055 0.03946429328391084
0 0.7637847693221117 0.3237548591788584 0.06745288402808355 0.054635425497895976
0 0.7173859736759483 0.4286258976534457 0.06500000662342202 0.051428579944399644
0 0.4164583907363236 0.41253962850097003 0.04941964664195542 0.029816474772256463
0 0.27357643157316375 0.3080207980084162 0.049030266242068785 0.0633556610699257
0 0.2270436827542901 0.2298610816736802 0.05212798439090331 0.06268353847458741
0 0.2592708509957919 0.1223561165200705 0.05204613883740707 0.06033978847458736
0 0.08092759618646847 0.12232637858578807 0.061738597367594815 0.04741320253973793
0 0.2272470685964723 0.3252827090783419 0.034176592558271414 0.040208337748947984
0 0.16646828130301125 0.1975595023622527 0.04390625662342194 0.050691969962933084
0 0.5637053798517325 0.14927075826788444 0.05984871515360979 0.037983638837407074
0 0.6651587524470708 0.14259911761637883 0.0566145877489479 0.034749511432745364
0 0.21040686441227185 0.8734126742319516 0.05117311960011346 0.03533978847458741
0 0.5719395867374576 0.7434572678865313 0.05648810217691817 0.053472229581580065
0 0.6202332429980599 0.7824453568166057 0.06298363883740699 0.06072173439090349
0 0.6653473355563313 0.8199800731513417 0.06858879809323426 0.06481895734906154
0 0.7164931733052793 0.8510465346767543 0.05716022477225664 0.05037451143274545
0 0.9100645469969258 0.4359770622667504 0.03954613883740734 0.05990327885594056
0 0.9007292417321155 0.5270385718853973 0.04124504809323426 0.06386409255827133
0 0.8970437357416656 0.6006943266947207 0.04099951143274509 0.056832842558271326
0 0.8784624052491118 0.7405752822296836 0.03410467068857272 0.06049355589778251
0 0.924261000169636 0.6185167437550962 0.05126488883740734 0.060312506623422024
0 0.9633036528020412 0.5717855874944939 0.03577629809323426 0.06367311960011328