0 0.6237980769230769 0.5877403846153846 0.055288461538461536 0.052884615384615384
0 0.8930288461538461 0.7019230769230769 0.06009615384615385 0.052884615384615384
0 0.8485576923076923 0.7247596153846154 0.0625 0.052884615384615384
0 0.2920673076923077 0.3233173076923077 0.06971153846153846 0.0625
0 0.2403846153846154 0.3954326923076923 0.06490384615384616 0.0625
0 0.6189903846153846 0.4098557692307692 0.055288461538461536 0.038461538461538464
0 0.7644230769230769 0.27524038461538464 0.052884615384615384 0.08173076923076923
0 0.8149038461538461 0.17067307692307693 0.04567307692307692 0.07451923076923077
0 0.7836538461538461 0.036057692307692304 0.05048076923076923 0.055288461538461536
0 0.9699519230769231 0.03485576923076923 0.06009615384615385 0.040865384615384616
0 0.8149038461538461 0.296875 0.03365384615384615 0.04807692307692308
0 0.8810096153846154 0.12860576923076922 0.038461538461538464 0.06009615384615385
0 0.46153846153846156 0.0673076923076923 0.06009615384615385 0.038461538461538464
0 0.35336538461538464 0.057692307692307696 0.055288461538461536 0.036057692307692304
0 0.44711538461538464 0.8497596153846154 0.055288461538461536 0.06490384615384616
0 0.3954326923076923 0.9002403846153846 0.0625 0.07451923076923077
0 0.34375 0.953125 0.0625 0.07211538461538461
0 0.28846153846153844 0.9783653846153846 0.06009615384615385 0.03125
0 0.09014423076923077 0.4495192307692308 0.036057692307692304 0.07211538461538461
0 0.10096153846153846 0.5697115384615384 0.036057692307692304 0.08173076923076923
0 0.1045673076923077 0.6658653846153846 0.036057692307692304 0.06971153846153846
0 0.12259615384615384 0.8497596153846154 0.036057692307692304 0.08173076923076923
0 0.0733173076923077 0.6850961538461539 0.052884615384615384 0.08653846153846154
0 0.03485576923076923 0.6286057692307693 0.040865384615384616 0.08413461538461539