0 0.3954326923076923 0.5661057692307693 0.0625 0.057692307692307696
0 0.039663461538461536 0.6646634615384616 0.06490384615384616 0.055288461538461536
0 0.18389423076923078 0.6598557692307693 0.06490384615384616 0.057692307692307696
0 0.7103365384615384 0.37259615384615385 0.07451923076923077 0.0673076923076923
0 0.8713942307692307 0.3942307692307692 0.06971153846153846 0.0673076923076923
0 0.4206730769230769 0.390625 0.06009615384615385 0.040865384615384616
0 0.29927884615384615 0.23076923076923078 0.06009615384615385 0.08653846153846154
0 0.26322115384615385 0.12139423076923077 0.05048076923076923 0.07692307692307693
0 0.3137019230769231 0.010817307692307692 0.05048076923076923 0.021634615384615384
0 0.24519230769230768 0.24639423076923078 0.038461538461538464 0.052884615384615384
0 0.203125 0.06850961538461539 0.04326923076923077 0.0625
0 0.6310096153846154 0.06610576923076923 0.0625 0.04326923076923077
0 0.7403846153846154 0.0733173076923077 0.06009615384615385 0.040865384615384616
0 0.13221153846153846 0.9591346153846154 0.057692307692307696 0.014423076923076924
0 0.5360576923076923 0.8545673076923077 0.0625 0.06971153846153846
0 0.578125 0.9146634615384616 0.0673076923076923 0.07932692307692307
0 0.625 0.9663461538461539 0.0673076923076923 0.0673076923076923
0 0.6766826923076923 0.9951923076923077 0.06009615384615385 0.009615384615384616
0 0.9483173076923077 0.5036057692307693 0.038461538461538464 0.07211538461538461
0 0.9206730769230769 0.6201923076923077 0.04326923076923077 0.08413461538461539
0 0.9050480769230769 0.7175480769230769 0.04326923076923077 0.07211538461538461
0 0.8617788461538461 0.9002403846153846 0.04326923076923077 0.08413461538461539
0 0.9350961538461539 0.7355769230769231 0.055288461538461536 0.09134615384615384
0 0.9723557692307693 0.6899038461538461 0.03125 0.08653846153846154