0 0.4076212492248076 0.5859915024987996 0.056709877390180984 0.047834771370624196
0 0.28925078346253386 0.6314438672260838 0.05978481261535631 0.047290319710950254
0 0.5291376989479525 0.4925752344521676 0.07147328423772628 0.05983786390209147
0 0.9803932819236806 0.3829008846712379 0.039213436152638795 0.04254362012586883
0 0.38298458975636873 0.4441825107971695 0.05885336829088237 0.04488737012586874
0 0.27022616902916285 0.3345688672260838 0.05899307063492083 0.07133147095570588
0 0.2198070619970475 0.25144779129135614 0.052192358111849566 0.06226412427505377
0 0.25049825262089365 0.1480393713752687 0.052092228562200214 0.06070162427505377
0 0.06884773442229637 0.12805506763635793 0.0629098126153563 0.04752711805127641
0 0.22278996452565608 0.34652349295103013 0.03692830351605769 0.042448531743586496
0 0.15676684145441175 0.21401772365499822 0.04045382171465497 0.04893533008391256
0 0.5545639913621268 0.20995291121673235 0.05986515576781102 0.03641201929603186
0 0.6541634731635294 0.2112804581071659 0.052383322794389106 0.02884797303029831
0 0.2004071313953506 0.7009024170163023 0.06618500693983034 0.05010766639160238
0 0.2219979364525678 0.8922378120372805 0.052733776218161756 0.03431672303029813
0 0.5799129611295701 0.7996307178554282 0.05549783081395354 0.05318512220046134
0 0.6294914589701017 0.8453701929603188 0.06806768198597286 0.06735436597668425
0 0.6788696977113349 0.8879846680652097 0.0653734785622003 0.06170801722143935
0 0.7326350478036199 0.9262668406805894 0.06214834901255095 0.059908718881113286
0 0.909626235345147 0.5338462328017826 0.03709828423772628 0.05723308215850498
0 0.9028336196751582 0.6219615394404783 0.03989261721114801 0.06444193091374953
0 0.9013898380583256 0.6964879427598263 0.037729339913252245 0.05494853174358667
0 0.8884263679771152 0.8338928543775438 0.03276123766149865 0.06234663464801571
0 0.9328400971576244 0.7019809261630867 0.05108044108527139 0.06917697510489074
0 0.9667750061646381 0.6734541070768362 0.03779919108527139 0.06817058215850516