0 0.6394230769230769 0.4254807692307692 0.06009615384615385 0.057692307692307696
0 0.8149038461538461 0.3485576923076923 0.0625 0.057692307692307696
0 0.38461538461538464 0.5901442307692307 0.07451923076923077 0.06971153846153846
0 0.11298076923076923 0.6262019230769231 0.0673076923076923 0.0625
0 0.6177884615384616 0.6009615384615384 0.055288461538461536 0.040865384615384616
0 0.7295673076923077 0.7512019230769231 0.057692307692307696 0.08413461538461539
0 0.7668269230769231 0.859375 0.04807692307692308 0.07451923076923077
0 0.7163461538461539 0.9795673076923077 0.04807692307692308 0.040865384615384616
0 0.7836538461538461 0.7355769230769231 0.038461538461538464 0.05048076923076923
0 0.8257211538461539 0.9110576923076923 0.040865384615384616 0.06009615384615385
0 0.40865384615384615 0.9146634615384616 0.0625 0.04326923076923077
0 0.30288461538461536 0.90625 0.057692307692307696 0.038461538461538464
0 0.9879807692307693 0.23557692307692307 0.02403846153846154 0.052884615384615384
0 0.8930288461538461 0.04447115384615385 0.055288461538461536 0.016826923076923076
0 0.5012019230769231 0.14543269230769232 0.06009615384615385 0.06971153846153846
0 0.4579326923076923 0.0889423076923077 0.0673076923076923 0.07932692307692307
0 0.41466346153846156 0.03365384615384615 0.06490384615384616 0.0673076923076923
0 0.3641826923076923 0.009615384615384616 0.06009615384615385 0.019230769230769232
0 0.10096153846153846 0.4879807692307692 0.038461538461538464 0.07451923076923077
0 0.125 0.37259615384615385 0.040865384615384616 0.08173076923076923
0 0.14302884615384615 0.27884615384615385 0.040865384615384616 0.07211538461538461
0 0.18389423076923078 0.10096153846153846 0.04326923076923077 0.08173076923076923
0 0.1141826923076923 0.2644230769230769 0.05048076923076923 0.0889423076923077
0 0.07091346153846154 0.30649038461538464 0.04567307692307692 0.08413461538461539