0 0.40406994007106195 0.5809100544788164 0.05291031603337348 0.04417597091900642
0 0.26992731343138177 0.6353576178365837 0.06265380823145747 0.051862784780976764
0 0.5756439676606817 0.46836576785625417 0.06993071969684657 0.05704195767745475
0 0.9345475768875074 0.39538599782943845 0.06343505823145748 0.051917415102807674
0 0.39382075757477353 0.4447540331914929 0.05648901741285446 0.03819912252816078
0 0.2711468181810801 0.3318719849168628 0.05816770409301446 0.0702303725281607
0 0.2216580732694628 0.2490159262506725 0.041846663274411534 0.055856516091543365
0 0.25202724672063964 0.1452789210548924 0.05056324400710617 0.058801199631682934
0 0.07201219810012065 0.12646394703379288 0.06804067107632768 0.05068269703379284
0 0.2234463025772479 0.342547404963349 0.03971095318850324 0.04480975544788164
0 0.15891905585660823 0.21037976114786483 0.041478171076327675 0.04882526609154336
0 0.5555550384437538 0.20386622528160725 0.06138123530067894 0.04243315445914595
0 0.6568718769783645 0.20628066711962 0.05644807383528967 0.03741787252816078
0 0.13569615558403708 0.7178209205506894 0.06890380823145743 0.05229982735562366
0 0.21625119402779078 0.8884719101591291 0.05496746099041942 0.03887111188449879
0 0.5756527702379296 0.7952889007759751 0.0582938568519765 0.05778500284999168
0 0.6246568362713033 0.8391917200858272 0.061582631162236015 0.061128524137314955
0 0.6736609023046768 0.8830945393956793 0.061336969696846745 0.05644102413731496
0 0.7270249197175314 0.9210751406365165 0.0630223004295413 0.05889403478097677
0 0.9086954850735364 0.525904024312542 0.0348563568519765 0.05614609319506556
0 0.9009449400710619 0.6156549391632481 0.038390792627625105 0.06417711448238919
0 0.8985436363621602 0.6886553965886012 0.04349105042954129 0.057528276735205
0 0.8823940931687082 0.8260789869336751 0.0391720426276251 0.06423174480421992
0 0.9285586849826792 0.6969813488181742 0.05113645409301455 0.06973869963168297
0 0.9642571675698246 0.6652286042660558 0.04801145409301455 0.06952017834435935