0 0.6334134615384616 0.43509615384615385 0.06009615384615385 0.055288461538461536
0 0.8100961538461539 0.3545673076923077 0.0625 0.06009615384615385
0 0.3786057692307692 0.6081730769230769 0.07211538461538461 0.06971153846153846
0 0.10576923076923077 0.6478365384615384 0.0673076923076923 0.0625
0 0.6141826923076923 0.6129807692307693 0.057692307692307696 0.040865384615384616
0 0.7319711538461539 0.7644230769230769 0.057692307692307696 0.08413461538461539
0 0.7692307692307693 0.8713942307692307 0.05048076923076923 0.07451923076923077
0 0.7223557692307693 0.9879807692307693 0.04567307692307692 0.02403846153846154
0 0.7848557692307693 0.7451923076923077 0.036057692307692304 0.05048076923076923
0 0.8293269230769231 0.921875 0.04326923076923077 0.06009615384615385
0 0.4074519230769231 0.9338942307692307 0.0625 0.04326923076923077
0 0.3016826923076923 0.9266826923076923 0.057692307692307696 0.038461538461538464
0 0.9855769230769231 0.23677884615384615 0.028846153846153848 0.055288461538461536
0 0.8834134615384616 0.040865384615384616 0.057692307692307696 0.02403846153846154
0 0.4891826923076923 0.15504807692307693 0.06009615384615385 0.06971153846153846
0 0.44471153846153844 0.0985576923076923 0.0673076923076923 0.07932692307692307
0 0.4014423076923077 0.039663461538461536 0.06490384615384616 0.07211538461538461
0 0.3473557692307692 0.013221153846153846 0.06009615384615385 0.026442307692307692
0 0.09134615384615384 0.5084134615384616 0.038461538461538464 0.07451923076923077
0 0.11538461538461539 0.3918269230769231 0.040865384615384616 0.08413461538461539
0 0.12980769230769232 0.2956730769230769 0.038461538461538464 0.07211538461538461
0 0.16947115384615385 0.11538461538461539 0.040865384615384616 0.08413461538461539
0 0.10096153846153846 0.28125 0.05048076923076923 0.08653846153846154
0 0.056490384615384616 0.3245192307692308 0.04567307692307692 0.08653846153846154