0 0.5997596153846154 0.3894230769230769 0.06009615384615385 0.057692307692307696
0 0.8221153846153846 0.32091346153846156 0.0625 0.055288461538461536
0 0.875 0.24278846153846154 0.06490384615384616 0.052884615384615384
0 0.18629807692307693 0.6730769230769231 0.06971153846153846 0.0625
0 0.24639423076923078 0.5300480769230769 0.0673076923076923 0.0625
0 0.5769230769230769 0.5733173076923077 0.055288461538461536 0.036057692307692304
0 0.7283653846153846 0.7259615384615384 0.052884615384615384 0.08653846153846154
0 0.7740384615384616 0.8377403846153846 0.04807692307692308 0.07692307692307693
0 0.7331730769230769 0.9723557692307693 0.04807692307692308 0.055288461538461536
0 0.9290865384615384 0.9855769230769231 0.06490384615384616 0.028846153846153848
0 0.7800480769230769 0.7067307692307693 0.03365384615384615 0.05048076923076923
0 0.8401442307692307 0.8870192307692307 0.040865384615384616 0.06490384615384616
0 0.39783653846153844 0.9278846153846154 0.06490384615384616 0.040865384615384616
0 0.2860576923076923 0.9290865384615384 0.06009615384615385 0.036057692307692304
0 0.4266826923076923 0.1045673076923077 0.057692307692307696 0.06971153846153846
0 0.3762019230769231 0.04927884615384615 0.0625 0.07451923076923077
0 0.32572115384615385 0.015625 0.06490384615384616 0.03125
0 0.03365384615384615 0.5072115384615384 0.038461538461538464 0.07932692307692307
0 0.05048076923076923 0.38221153846153844 0.038461538461538464 0.08413461538461539
0 0.05889423076923077 0.28125 0.040865384615384616 0.07451923076923077
0 0.08774038461538461 0.0889423076923077 0.038461538461538464 0.08413461538461539
0 0.028846153846153848 0.2548076923076923 0.052884615384615384 0.07932692307692307