0 0.40065115017091985 0.541472446651959 0.05674174498543501 0.04633349855225788
0 0.202196929796091 0.6039125963615088 0.0615429052519918 0.05045807237357547
0 0.15695863763450751 0.6623458345746845 0.06225595909205772 0.04815070967712849
0 0.7617464598834806 0.31499541398208264 0.06551735141192587 0.052983758891340216
0 0.7147470909205775 0.42044920140947006 0.06636679757185995 0.055363896194893056
0 0.41397420110799193 0.40785942597379465 0.050932014185764984 0.03436003742738745
0 0.2717292136444042 0.30496136600621593 0.051864028371529966 0.06639128742738745
0 0.22566054420664755 0.22731155500518 0.04543217194503919 0.059850188998963993
0 0.2585064849563052 0.11938773904174524 0.04373327962517113 0.05508991439185813
0 0.08019962852981448 0.12143404425181299 0.059017298825501066 0.04409891046291672
0 0.22530885471063106 0.32276960421939166 0.03075590650563296 0.03810146753501131
0 0.16528533386094854 0.19570199007520256 0.04520485141192578 0.052037688998963993
0 0.5627226235152495 0.1427694652632089 0.059639424452321774 0.03866654776646965
0 0.6641941953020043 0.1349141158013282 0.05555131802583091 0.03223461124870504
0 0.2052837920285695 0.8713184201828265 0.04930131802583091 0.031943512820281586
0 0.5674989840318684 0.7371016621200558 0.054579851411925874 0.05247433664159917
0 0.6155560508040582 0.77554342390688 0.05538383346523723 0.05329197394515202
0 0.6604426534696252 0.812568234907916 0.06498615399835046 0.06154112158778702
0 0.7113973997087014 0.8430519474805287 0.05931281551854841 0.054255160462916764
0 0.9073437678801817 0.4255604247354496 0.041571386051661816 0.061230752481199247
0 0.8974806860642971 0.5167676215922964 0.04244356426490725 0.06439213978475226
0 0.893367499075563 0.5904962200207199 0.04384693989172774 0.05899616439185813
0 0.8739763045649818 0.7306503391273077 0.04244356426490725 0.06439213978475226
0 0.9204755683550353 0.6080090516999203 0.05253161810497318 0.06252142473094029
0 0.9597821092629776 0.560804411915168 0.04490097453146404 0.06840755169541098