0 0.3713942307692308 0.5733173076923077 0.052884615384615384 0.04927884615384615
0 0.2512019230769231 0.6418269230769231 0.055288461538461536 0.051682692307692304
0 0.4987980769230769 0.44471153846153844 0.0625 0.06009615384615385
0 0.9699519230769231 0.2620192307692308 0.056490384615384616 0.04807692307692308
0 0.35697115384615385 0.39663461538461536 0.054086538461538464 0.04567307692307692
0 0.2512019230769231 0.2692307692307692 0.046875 0.07692307692307693
0 0.20552884615384615 0.17067307692307693 0.040865384615384616 0.0673076923076923
0 0.24158653846153846 0.036057692307692304 0.04326923076923077 0.0673076923076923
0 0.06129807692307692 0.028846153846153848 0.056490384615384616 0.04567307692307692
0 0.20192307692307693 0.28966346153846156 0.03125 0.04567307692307692
0 0.14423076923076922 0.12860576923076922 0.03365384615384615 0.052884615384615384
0 0.5432692307692307 0.08533653846153846 0.056490384615384616 0.03485576923076923
0 0.6442307692307693 0.078125 0.052884615384615384 0.03245192307692308
0 0.15625 0.7355769230769231 0.06009615384615385 0.04807692307692308
0 0.1658653846153846 0.9747596153846154 0.051682692307692304 0.036057692307692304
0 0.53125 0.8257211538461539 0.051682692307692304 0.06009615384615385
0 0.578125 0.8762019230769231 0.056490384615384616 0.0673076923076923
0 0.6262019230769231 0.9266826923076923 0.056490384615384616 0.06610576923076923
0 0.8798076923076923 0.46033653846153844 0.028846153846153848 0.06610576923076923
0 0.8665865384615384 0.5709134615384616 0.027644230769230768 0.07451923076923077
0 0.8605769230769231 0.6634615384615384 0.028846153846153848 0.06370192307692307
0 0.8389423076923077 0.8389423076923077 0.027644230769230768 0.07451923076923077
0 0.8918269230769231 0.6682692307692307 0.039663461538461536 0.07692307692307693
0 0.9278846153846154 0.6286057692307693 0.03365384615384615 0.08173076923076923