0 0.3870192307692308 0.4338942307692308 0.06009615384615385 0.055288461538461536
0 0.11057692307692307 0.30649038461538464 0.0625 0.055288461538461536
0 0.15865384615384615 0.2824519230769231 0.0673076923076923 0.057692307692307696
0 0.7199519230769231 0.71875 0.07451923076923077 0.0673076923076923
0 0.7752403846153846 0.6454326923076923 0.06971153846153846 0.0673076923076923
0 0.3858173076923077 0.6177884615384616 0.06009615384615385 0.04326923076923077
0 0.22956730769230768 0.7524038461538461 0.057692307692307696 0.08653846153846154
0 0.17307692307692307 0.8581730769230769 0.05048076923076923 0.07932692307692307
0 0.1778846153846154 0.7283653846153846 0.036057692307692304 0.052884615384615384
0 0.10336538461538461 0.9002403846153846 0.04326923076923077 0.0625
0 0.5348557692307693 0.9783653846153846 0.06490384615384616 0.04326923076923077
0 0.6454326923076923 0.9855769230769231 0.06009615384615385 0.028846153846153848
0 0.578125 0.16826923076923078 0.06009615384615385 0.06971153846153846
0 0.6322115384615384 0.11778846153846154 0.0673076923076923 0.07932692307692307
0 0.6899038461538461 0.06490384615384616 0.06971153846153846 0.07692307692307693
0 0.7475961538461539 0.036057692307692304 0.06490384615384616 0.04326923076923077
0 0.9314903846153846 0.5949519230769231 0.038461538461538464 0.07692307692307693
0 0.9266826923076923 0.47115384615384615 0.038461538461538464 0.08653846153846154
0 0.9254807692307693 0.3713942307692308 0.040865384615384616 0.07451923076923077
0 0.9146634615384616 0.17908653846153846 0.038461538461538464 0.08653846153846154
0 0.9567307692307693 0.35216346153846156 0.057692307692307696 0.09134615384615384
0 0.9867788461538461 0.41225961538461536 0.026442307692307692 0.0889423076923077