0 0.6069711538461539 0.4206730769230769 0.06009615384615385 0.055288461538461536
0 0.8173076923076923 0.3629807692307692 0.06009615384615385 0.055288461538461536
0 0.8701923076923077 0.2920673076923077 0.0625 0.052884615384615384
0 0.2091346153846154 0.6754807692307693 0.0673076923076923 0.06009615384615385
0 0.2692307692307692 0.5420673076923077 0.06490384615384616 0.06009615384615385
0 0.5793269230769231 0.59375 0.052884615384615384 0.038461538461538464
0 0.7175480769230769 0.7427884615384616 0.052884615384615384 0.08413461538461539
0 0.7560096153846154 0.8497596153846154 0.04807692307692308 0.07451923076923077
0 0.7139423076923077 0.9747596153846154 0.04807692307692308 0.05048076923076923
0 0.8990384615384616 0.9891826923076923 0.0625 0.021634615384615384
0 0.765625 0.7259615384615384 0.03365384615384615 0.05048076923076923
0 0.8173076923076923 0.8966346153846154 0.040865384615384616 0.0625
0 0.40024038461538464 0.9206730769230769 0.06009615384615385 0.040865384615384616
0 0.29447115384615385 0.9194711538461539 0.057692307692307696 0.038461538461538464
0 0.8425480769230769 0.025240384615384616 0.052884615384615384 0.019230769230769232
0 0.453125 0.14783653846153846 0.057692307692307696 0.0673076923076923
0 0.4074519230769231 0.09254807692307693 0.06009615384615385 0.07211538461538461
0 0.3629807692307692 0.038461538461538464 0.06490384615384616 0.07451923076923077
0 0.06971153846153846 0.5132211538461539 0.038461538461538464 0.07692307692307693
0 0.0889423076923077 0.39663461538461536 0.038461538461538464 0.07932692307692307
0 0.10096153846153846 0.3004807692307692 0.040865384615384616 0.07211538461538461
0 0.1346153846153846 0.12139423076923077 0.038461538461538464 0.07932692307692307
0 0.07451923076923077 0.27524038461538464 0.05048076923076923 0.07692307692307693
0 0.028846153846153848 0.33052884615384615 0.038461538461538464 0.08413461538461539