0 0.37259615384615385 0.5444711538461539 0.06009615384615385 0.057692307692307696
0 0.027644230769230768 0.6550480769230769 0.055288461538461536 0.055288461538461536
0 0.16706730769230768 0.6442307692307693 0.0625 0.057692307692307696
0 0.6802884615384616 0.34134615384615385 0.07211538461538461 0.06490384615384616
0 0.8413461538461539 0.35697115384615385 0.0673076923076923 0.06490384615384616
0 0.39302884615384615 0.36899038461538464 0.057692307692307696 0.038461538461538464
0 0.2668269230769231 0.21514423076923078 0.057692307692307696 0.08413461538461539
0 0.22596153846153846 0.10697115384615384 0.04807692307692308 0.07451923076923077
0 0.27283653846153844 0.002403846153846154 0.04567307692307692 0.004807692307692308
0 0.21394230769230768 0.23197115384615385 0.036057692307692304 0.052884615384615384
0 0.16466346153846154 0.05889423076923077 0.040865384615384616 0.06009615384615385
0 0.5901442307692307 0.040865384615384616 0.0625 0.040865384615384616
0 0.6995192307692307 0.04447115384615385 0.057692307692307696 0.038461538461538464
0 0.125 0.9555288461538461 0.057692307692307696 0.04326923076923077
0 0.5240384615384616 0.8245192307692307 0.057692307692307696 0.0673076923076923
0 0.5685096153846154 0.8834134615384616 0.06490384615384616 0.07692307692307693
0 0.6153846153846154 0.9387019230769231 0.06490384615384616 0.07211538461538461
0 0.6658653846153846 0.9759615384615384 0.0625 0.04807692307692308
0 0.9206730769230769 0.46274038461538464 0.036057692307692304 0.07211538461538461
0 0.8978365384615384 0.5805288461538461 0.040865384615384616 0.08173076923076923
0 0.8846153846153846 0.6778846153846154 0.040865384615384616 0.06971153846153846
0 0.8485576923076923 0.859375 0.038461538461538464 0.08413461538461539
0 0.9146634615384616 0.6923076923076923 0.052884615384615384 0.0889423076923077
0 0.9591346153846154 0.6478365384615384 0.04326923076923077 0.08413461538461539