0 0.3816116534052714 0.5252776532512969 0.0538750223211343 0.047616585249814845
0 0.2606912272685332 0.590627834118519 0.06179661647693564 0.05455009043361088
0 0.5079365998345489 0.41094316823703797 0.06974548417168744 0.06304609561740726
0 0.973428058237644 0.22448365617250188 0.05314388352471191 0.04405208784171286
0 0.3635320348997408 0.38601966361888956 0.057767635551659244 0.04717708784171286
0 0.25550925486796866 0.293752834118519 0.04955571509696392 0.06830023213953691
0 0.20880580438150131 0.21802966418453745 0.04708923417168744 0.06106393058439803
0 0.24445120373287824 0.10849883930231527 0.05338014448011297 0.0639544847314351
0 0.06309210957707687 0.118106159566389 0.05687729139585782 0.04085873732333321
0 0.2073444902574721 0.3136155662580559 0.03507047524323372 0.04285117280870363
0 0.14729556006354422 0.1905485046181484 0.03278127232113435 0.04577112125356475
0 0.5466955422066367 0.12117803920777884 0.05834433400953163 0.03552668836009247
0 0.6465864480508354 0.10617917285518641 0.052053423701106105 0.032636134213055445
0 0.16827763067709994 0.6753923963240744 0.06327729586008468 0.04999929147037037
0 0.1809800024290414 0.8651971901035189 0.05373865462638263 0.039804085249814845
0 0.5445049399298652 0.7128966475018529 0.05639605032431163 0.05797788680495355
0 0.5921163254815245 0.7509831163990752 0.061946620941162676 0.06314384043361106
0 0.639673163955283 0.7859445852962976 0.06272787094116268 0.06321219095199063
0 0.6918356818121904 0.8158084510832421 0.055573890015886106 0.05556578628657398
0 0.8878422881461517 0.3902248163045387 0.03219093709378669 0.05664027073518518
0 0.8768968798663209 0.48038092459861287 0.036233554788538666 0.0647945233270832
0 0.8719560097359373 0.5559277287456498 0.03450741355483657 0.055282822290324066
0 0.8525083547025176 0.6969040432602794 0.03623355478853831 0.0647945233270832
0 0.9032605568138379 0.5563187080104647 0.04959662540538971 0.0706439821395369
0 0.9386525860348313 0.5219245841650018 0.0339579886359143 0.06849572177194432