0 0.6790865384615384 0.5961538461538461 0.0673076923076923 0.0625
0 0.7512019230769231 0.6502403846153846 0.0673076923076923 0.0625
0 0.8149038461538461 0.6310096153846154 0.07932692307692307 0.07211538461538461
0 0.7920673076923077 0.2932692307692308 0.05048076923076923 0.07932692307692307
0 0.8521634615384616 0.2764423076923077 0.06490384615384616 0.09134615384615384
0 0.9170673076923077 0.171875 0.055288461538461536 0.08173076923076923
0 0.9038461538461539 0.30528846153846156 0.038461538461538464 0.05048076923076923
0 0.9831730769230769 0.13581730769230768 0.03365384615384615 0.06009615384615385
0 0.5540865384615384 0.03125 0.0673076923076923 0.04807692307692308
0 0.4411057692307692 0.015625 0.06490384615384616 0.03125
0 0.3016826923076923 0.24639423076923078 0.0673076923076923 0.0625
0 0.5877403846153846 0.5877403846153846 0.07451923076923077 0.06971153846153846
0 0.8870192307692307 0.8088942307692307 0.07692307692307693 0.06490384615384616
0 0.46634615384615385 0.8521634615384616 0.06009615384615385 0.0673076923076923
0 0.40865384615384615 0.9014423076923077 0.07451923076923077 0.08413461538461539
0 0.34615384615384615 0.9495192307692307 0.07211538461538461 0.07692307692307693
0 0.1346153846153846 0.4014423076923077 0.040865384615384616 0.07692307692307693
0 0.1310096153846154 0.5276442307692307 0.040865384615384616 0.0889423076923077
0 0.125 0.6274038461538461 0.038461538461538464 0.07211538461538461
0 0.125 0.828125 0.040865384615384616 0.07932692307692307
0 0.09014423076923077 0.6189903846153846 0.052884615384615384 0.09375
0 0.056490384615384616 0.5817307692307693 0.04807692307692308 0.09134615384615384
0 0.052884615384615384 0.7788461538461539 0.04567307692307692 0.08653846153846154