0 0.36875 0.5568328247427898 0.0578125 0.04408634328594587
0 0.3015625 0.5892544393023662 0.05625 0.04329600292686635
0 0.19375 0.5901897045258726 0.06796875 0.05273918061996348
0 0.2890625 0.3001192164297293 0.040625 0.054923849336070064
0 0.25 0.3139544574527388 0.04921875 0.06278634631100796
0 0.2046875 0.23244083703942992 0.040625 0.056486349336070066
0 0.240625 0.12796241529826113 0.04375 0.050254530054229286
0 0.059375 0.12222043364502548 0.06015625 0.04409997882456525
0 0.2 0.3277260659621911 0.03203125 0.03612385236113216
0 0.14375 0.20239881303532484 0.0328125 0.04081589754067201
0 0.5421875 0.16721685460062735 0.0578125 0.033148843285945875
0 0.6421875 0.16311113758172288 0.0546875 0.030786912567786606
0 0.6859375 0.36649066763595217 0.05625 0.04642100292686617
0 0.509375 0.5310884570599553 0.06015625 0.044881228824565154
0 0.215625 0.6684419695529872 0.06328125 0.04333690954272455
0 0.165625 0.8775260780624394 0.0546875 0.033130662567786476
0 0.53125 0.75934072208707 0.053125 0.05187157220870695
0 0.578125 0.8018009328594585 0.05703125 0.05345679810640611
0 0.625 0.8411361436318471 0.0578125 0.05033634328594587
0 0.6734375 0.8773554447633153 0.0578125 0.04955509328594587
0 0.875 0.46915310108458586 0.02734375 0.05328408128389341
0 0.865625 0.5581610589301083 0.0328125 0.06034714754067192
0 0.8578125 0.6315531071347101 0.03203125 0.05253010236113216
0 0.8375 0.7720599324666751 0.03515625 0.05567328307929138
0 0.890625 0.6270565046753821 0.046875 0.06746021077238851
0 0.925 0.6053814925751337 0.040625 0.06664259933607006
0 0.9078125 0.7459064986252579 0.0390625 0.06038350897699054