0 0.40441252849991594 0.5248417927135187 0.06354332995351371 0.05334801166892955
0 0.3425352413731506 0.5613211687765347 0.060254438988021165 0.05074917015366047
0 0.12851630003934095 0.6243625290877352 0.06895744963168289 0.05301317182065048
0 0.27107659654926025 0.21358504150557076 0.04846463317182241 0.059885054092584246
0 0.267164628732347 0.29247531605137794 0.055987556068300214 0.06749026000193963
0 0.21784233590559854 0.21635909726514493 0.04444912252816078 0.05800368969849794
0 0.24645937278026228 0.10873804483955063 0.049081992206329875 0.05760507697140151
0 0.0646630695619536 0.11572085272515673 0.05948961448238903 0.039811670153660515
0 0.2198197351689643 0.31205423453804854 0.03616137512605082 0.039460983789142465
0 0.15304786238870208 0.18864842757052636 0.03988730866619035 0.048309825304411594
0 0.5505348675844821 0.12005921361608532 0.061560212873234654 0.036096738790112326
0 0.6502070856534969 0.10720878512747505 0.05692734319506556 0.03649535151720871
0 0.5978133312140216 0.36919834422102915 0.05356739641337427 0.0439889871231224
0 0.6530906930985205 0.4181143342190895 0.06254355866619044 0.050159238790112325
0 0.36982971489004707 0.5920929366543821 0.0690120799535137 0.05379442182065049
0 0.2237952210942334 0.8632977412060082 0.057927114482389006 0.03968412439602602
0 0.5810071515322798 0.713139533919527 0.05433222091900643 0.054926487123122314
0 0.6291604282674849 0.7500657069481255 0.06263639381548422 0.06259546591129492
0 0.6805479656463518 0.7882992884614548 0.06832366510280767 0.06616687606301604
0 0.7312799391632481 0.8171578699747843 0.06136347091900642 0.05550044303247788
0 0.9043254111675353 0.3928919672399293 0.033456992206329875 0.056329619395056166
0 0.901287528499916 0.4842822417857365 0.04421417574646931 0.06575241681968062
0 0.8999542574646939 0.5551049248162746 0.037253981562668056 0.055085983789142465
0 0.888021976037912 0.6990780654231582 0.03434750284999168 0.05795589227387339
0 0.9306579542463854 0.5447415096635839 0.041034545424638226 0.06471607530441155
0 0.9622685871661062 0.5248755487532587 0.03963593639013112 0.0669322795467771
0 0.9534613057393241 0.668593597844873 0.039417415102807496 0.06380727954677709