0 0.3641826923076923 0.5709134615384616 0.056490384615384616 0.052884615384615384
0 0.29927884615384615 0.609375 0.052884615384615384 0.051682692307692304
0 0.21153846153846154 0.07692307692307693 0.04567307692307692 0.07091346153846154
0 0.2439903846153846 0.2668269230769231 0.04567307692307692 0.07451923076923077
0 0.19831730769230768 0.1658653846153846 0.040865384615384616 0.07091346153846154
0 0.234375 0.036057692307692304 0.042067307692307696 0.06370192307692307
0 0.054086538461538464 0.026442307692307692 0.05889423076923077 0.04567307692307692
0 0.1935096153846154 0.2848557692307692 0.03245192307692308 0.04567307692307692
0 0.5360576923076923 0.08173076923076923 0.056490384615384616 0.03245192307692308
0 0.6358173076923077 0.078125 0.052884615384615384 0.03245192307692308
0 0.453125 0.4651442307692308 0.052884615384615384 0.052884615384615384
0 0.7295673076923077 0.3894230769230769 0.06129807692307692 0.05889423076923077
0 0.43509615384615385 0.5889423076923077 0.0625 0.056490384615384616
0 0.15985576923076922 0.9735576923076923 0.054086538461538464 0.036057692307692304
0 0.5252403846153846 0.8233173076923077 0.04567307692307692 0.055288461538461536
0 0.5721153846153846 0.8737980769230769 0.054086538461538464 0.06610576923076923
0 0.6189903846153846 0.9242788461538461 0.06009615384615385 0.06610576923076923
0 0.6670673076923077 0.9675480769230769 0.056490384615384616 0.06370192307692307
0 0.8689903846153846 0.4579326923076923 0.028846153846153848 0.06610576923076923
0 0.8533653846153846 0.6574519230769231 0.028846153846153848 0.06610576923076923
0 0.8305288461538461 0.8341346153846154 0.03125 0.0733173076923077
0 0.8858173076923077 0.6394230769230769 0.03245192307692308 0.07692307692307693
0 0.9170673076923077 0.6274038461538461 0.03125 0.07692307692307693
0 0.8990384615384616 0.8040865384615384 0.027644230769230768 0.07091346153846154