0 0.6322115384615384 0.5817307692307693 0.0625 0.057692307692307696
0 0.6971153846153846 0.6274038461538461 0.057692307692307696 0.055288461538461536
0 0.8064903846153846 0.6382211538461539 0.06971153846153846 0.0625
0 0.734375 0.26322115384615385 0.04567307692307692 0.07451923076923077
0 0.7728365384615384 0.2824519230769231 0.052884615384615384 0.07932692307692307
0 0.8269230769230769 0.18389423076923078 0.04567307692307692 0.07451923076923077
0 0.7992788461538461 0.04927884615384615 0.04807692307692308 0.0625
0 0.9771634615384616 0.052884615384615384 0.04567307692307692 0.04807692307692308
0 0.8221153846153846 0.30528846153846156 0.036057692307692304 0.04807692307692308
0 0.8918269230769231 0.1502403846153846 0.036057692307692304 0.052884615384615384
0 0.49038461538461536 0.07451923076923077 0.06009615384615385 0.040865384615384616
0 0.38822115384615385 0.0625 0.055288461538461536 0.036057692307692304
0 0.32572115384615385 0.3173076923076923 0.057692307692307696 0.055288461538461536
0 0.49038461538461536 0.5384615384615384 0.06490384615384616 0.057692307692307696
0 0.7764423076923077 0.7355769230769231 0.0673076923076923 0.057692307692307696
0 0.8100961538461539 0.9903846153846154 0.057692307692307696 0.019230769230769232
0 0.4483173076923077 0.8269230769230769 0.052884615384615384 0.0625
0 0.39663461538461536 0.8762019230769231 0.0625 0.07211538461538461
0 0.3449519230769231 0.9230769230769231 0.06009615384615385 0.06490384615384616
0 0.29447115384615385 0.9591346153846154 0.0625 0.06009615384615385
0 0.12379807692307693 0.43149038461538464 0.03365384615384615 0.06971153846153846
0 0.12620192307692307 0.5444711538461539 0.036057692307692304 0.07692307692307693
0 0.12740384615384615 0.6382211538461539 0.03365384615384615 0.0673076923076923
0 0.13701923076923078 0.8185096153846154 0.03365384615384615 0.06971153846153846
0 0.09615384615384616 0.6298076923076923 0.04326923076923077 0.08413461538461539
0 0.06129807692307692 0.5985576923076923 0.038461538461538464 0.08413461538461539
0 0.06850961538461539 0.7800480769230769 0.036057692307692304 0.07692307692307693