0 0.6442307692307693 0.43149038461538464 0.057692307692307696 0.055288461538461536
0 0.7139423076923077 0.3918269230769231 0.055288461538461536 0.05048076923076923
0 0.8245192307692307 0.3894230769230769 0.0673076923076923 0.057692307692307696
0 0.71875 0.7596153846153846 0.04326923076923077 0.07211538461538461
0 0.7596153846153846 0.7439903846153846 0.05048076923076923 0.07692307692307693
0 0.8040865384615384 0.8473557692307693 0.04326923076923077 0.07211538461538461
0 0.7644230769230769 0.9747596153846154 0.04326923076923077 0.05048076923076923
0 0.9495192307692307 0.984375 0.057692307692307696 0.03125
0 0.8112980769230769 0.7259615384615384 0.03365384615384615 0.04807692307692308
0 0.8653846153846154 0.8870192307692307 0.03365384615384615 0.05048076923076923
0 0.4579326923076923 0.9290865384615384 0.057692307692307696 0.038461538461538464
0 0.3557692307692308 0.9314903846153846 0.055288461538461536 0.03125
0 0.31490384615384615 0.6706730769230769 0.055288461538461536 0.052884615384615384
0 0.5 0.46274038461538464 0.0625 0.055288461538461536
0 0.8016826923076923 0.28966346153846156 0.06490384615384616 0.055288461538461536
0 0.859375 0.02403846153846154 0.055288461538461536 0.036057692307692304
0 0.4831730769230769 0.17067307692307693 0.05048076923076923 0.06009615384615385
0 0.4362980769230769 0.11538461538461539 0.057692307692307696 0.0673076923076923
0 0.38822115384615385 0.06370192307692307 0.057692307692307696 0.0625
0 0.3389423076923077 0.026442307692307692 0.057692307692307696 0.052884615384615384
0 0.12379807692307693 0.5384615384615384 0.028846153846153848 0.0673076923076923
0 0.13581730769230768 0.42427884615384615 0.03365384615384615 0.07692307692307693
0 0.14543269230769232 0.33052884615384615 0.028846153846153848 0.0673076923076923
0 0.17067307692307693 0.15144230769230768 0.03125 0.06971153846153846
0 0.11298076923076923 0.33533653846153844 0.040865384615384616 0.08413461538461539
0 0.07692307692307693 0.3641826923076923 0.036057692307692304 0.08413461538461539
0 0.09975961538461539 0.18269230769230768 0.03365384615384615 0.07451923076923077