0 0.36658653846153844 0.5709134615384616 0.055288461538461536 0.052884615384615384
0 0.3004807692307692 0.6081730769230769 0.052884615384615384 0.04807692307692308
0 0.13701923076923078 0.640625 0.06610576923076923 0.05889423076923077
0 0.27283653846153844 0.21153846153846154 0.040865384615384616 0.0673076923076923
0 0.24759615384615385 0.265625 0.04567307692307692 0.07451923076923077
0 0.20192307692307693 0.1658653846153846 0.040865384615384616 0.06971153846153846
0 0.23798076923076922 0.03485576923076923 0.042067307692307696 0.06610576923076923
0 0.057692307692307696 0.026442307692307692 0.05889423076923077 0.04447115384615385
0 0.19831730769230768 0.2848557692307692 0.03125 0.04567307692307692
0 0.140625 0.12620192307692307 0.03365384615384615 0.051682692307692304
0 0.5396634615384616 0.07932692307692307 0.056490384615384616 0.03245192307692308
0 0.640625 0.07572115384615384 0.054086538461538464 0.03245192307692308
0 0.6262019230769231 0.3641826923076923 0.052884615384615384 0.052884615384615384
0 0.5649038461538461 0.4987980769230769 0.06009615384615385 0.056490384615384616
0 0.2704326923076923 0.6814903846153846 0.0625 0.052884615384615384
0 0.1622596153846154 0.9711538461538461 0.052884615384615384 0.03485576923076923
0 0.5288461538461539 0.8221153846153846 0.04567307692307692 0.055288461538461536
0 0.5745192307692307 0.8737980769230769 0.055288461538461536 0.0673076923076923
0 0.6225961538461539 0.9242788461538461 0.05889423076923077 0.06610576923076923
0 0.6706730769230769 0.9675480769230769 0.05889423076923077 0.06370192307692307
0 0.8725961538461539 0.45552884615384615 0.027644230769230768 0.06610576923076923
0 0.8617788461538461 0.5673076923076923 0.03125 0.07451923076923077
0 0.8569711538461539 0.6574519230769231 0.027644230769230768 0.0625
0 0.8353365384615384 0.8341346153846154 0.027644230769230768 0.07091346153846154
0 0.8894230769230769 0.6502403846153846 0.03485576923076923 0.078125
0 0.9230769230769231 0.6262019230769231 0.03245192307692308 0.078125
0 0.9038461538461539 0.8040865384615384 0.03125 0.07451923076923077