0 0.6262019230769231 0.4675480769230769 0.06490384615384616 0.0625
0 0.703125 0.43149038461538464 0.06490384615384616 0.0625
0 0.984375 0.36538461538461536 0.03125 0.0625
0 0.7283653846153846 0.9651442307692307 0.057692307692307696 0.06971153846153846
0 0.7295673076923077 0.8161057692307693 0.057692307692307696 0.08653846153846154
0 0.7704326923076923 0.9302884615384616 0.05048076923076923 0.08173076923076923
0 0.7836538461538461 0.7992788461538461 0.038461538461538464 0.052884615384615384
0 0.8341346153846154 0.9747596153846154 0.04326923076923077 0.05048076923076923
0 0.38822115384615385 0.9819711538461539 0.06490384615384616 0.02403846153846154
0 0.2776442307692308 0.9759615384615384 0.0625 0.016826923076923076
0 0.45072115384615385 0.6069711538461539 0.0625 0.0625
0 0.26802884615384615 0.5973557692307693 0.07211538461538461 0.0673076923076923
0 0.6129807692307693 0.41225961538461536 0.07451923076923077 0.0673076923076923
0 0.890625 0.046875 0.057692307692307696 0.03365384615384615
0 0.47115384615384615 0.171875 0.055288461538461536 0.0673076923076923
0 0.4254807692307692 0.11298076923076923 0.0673076923076923 0.07932692307692307
0 0.3762019230769231 0.05048076923076923 0.07211538461538461 0.08173076923076923
0 0.32572115384615385 0.018028846153846152 0.06971153846153846 0.036057692307692304
0 0.052884615384615384 0.5444711538461539 0.038461538461538464 0.07932692307692307
0 0.09014423076923077 0.3245192307692308 0.03365384615384615 0.06971153846153846
0 0.13341346153846154 0.12860576923076922 0.038461538461538464 0.07932692307692307
0 0.055288461538461536 0.33533653846153844 0.04326923076923077 0.0889423076923077
0 0.02283653846153846 0.3545673076923077 0.03125 0.0889423076923077
0 0.055288461538461536 0.15504807692307693 0.038461538461538464 0.08173076923076923