0 0.3671875 0.5578125 0.0546875 0.040625
0 0.296875 0.590625 0.053125 0.0390625
0 0.24375 0.5703125 0.0640625 0.0453125
0 0.3 0.33125 0.0375 0.053125
0 0.2484375 0.315625 0.046875 0.0609375
0 0.203125 0.234375 0.040625 0.0546875
0 0.2390625 0.128125 0.0421875 0.05
0 0.0578125 0.1234375 0.0578125 0.0375
0 0.2 0.3296875 0.028125 0.0328125
0 0.1421875 0.203125 0.0328125 0.040625
0 0.540625 0.165625 0.05625 0.028125
0 0.6421875 0.1625 0.053125 0.0234375
0 0.7421875 0.3421875 0.053125 0.040625
0 0.4515625 0.5609375 0.059375 0.04375
0 0.159375 0.690625 0.0625 0.040625
0 0.1640625 0.8796875 0.053125 0.0265625
0 0.5296875 0.759375 0.0453125 0.0453125
0 0.5765625 0.8 0.0578125 0.053125
0 0.625 0.840625 0.05625 0.0484375
0 0.671875 0.8734375 0.0578125 0.05
0 0.875 0.4671875 0.0265625 0.0515625
0 0.8640625 0.55625 0.0265625 0.0609375
0 0.8578125 0.628125 0.0265625 0.0484375
0 0.8359375 0.771875 0.0265625 0.0546875
0 0.8890625 0.6265625 0.0375 0.0640625
0 0.9234375 0.6015625 0.0328125 0.0625
0 0.90625 0.74375 0.03125 0.0578125