0 0.6141826923076923 0.5913461538461539 0.0625 0.057692307692307696
0 0.6814903846153846 0.6346153846153846 0.06009615384615385 0.057692307692307696
0 0.9591346153846154 0.7355769230769231 0.06009615384615385 0.06009615384615385
0 0.7800480769230769 0.12259615384615384 0.052884615384615384 0.07932692307692307
0 0.7584134615384616 0.27283653846153844 0.052884615384615384 0.08413461538461539
0 0.8137019230769231 0.16947115384615385 0.04567307692307692 0.07692307692307693
0 0.7824519230769231 0.038461538461538464 0.04807692307692308 0.05048076923076923
0 0.9723557692307693 0.036057692307692304 0.055288461538461536 0.028846153846153848
0 0.8088942307692307 0.2956730769230769 0.036057692307692304 0.04807692307692308
0 0.8822115384615384 0.12740384615384615 0.038461538461538464 0.0625
0 0.4567307692307692 0.06009615384615385 0.0625 0.038461538461538464
0 0.35096153846153844 0.04807692307692308 0.06009615384615385 0.038461538461538464
0 0.46634615384615385 0.4338942307692308 0.06009615384615385 0.057692307692307696
0 0.2920673076923077 0.41947115384615385 0.0673076923076923 0.0625
0 0.5949519230769231 0.6418269230769231 0.06971153846153846 0.0625
0 0.42788461538461536 0.8509615384615384 0.05048076923076923 0.0625
0 0.3762019230769231 0.9014423076923077 0.06009615384615385 0.07211538461538461
0 0.32211538461538464 0.9555288461538461 0.0673076923076923 0.07451923076923077
0 0.26802884615384615 0.9747596153846154 0.06490384615384616 0.028846153846153848
0 0.08173076923076923 0.4411057692307692 0.036057692307692304 0.07451923076923077
0 0.08774038461538461 0.6550480769230769 0.03125 0.0673076923076923
0 0.09975961538461539 0.8473557692307693 0.03365384615384615 0.07692307692307693
0 0.052884615384615384 0.640625 0.038461538461538464 0.08413461538461539
0 0.019230769230769232 0.6177884615384616 0.038461538461538464 0.08653846153846154
0 0.030048076923076924 0.8125 0.03365384615384615 0.07692307692307693