0 0.3717729225267357 0.5590510200509067 0.06044259631100797 0.04991873134149962
0 0.265232031036188 0.6078146893698164 0.058071575233769046 0.04520395934118149
0 0.4503524404807166 0.481835086728179 0.06985395774732642 0.05627781934277234
0 0.34762741628021976 0.41188511871417965 0.05337953005422928 0.04436816534054504
0 0.2528694281840765 0.3154635573679075 0.04958690954272456 0.06385396200668154
0 0.20644894613805734 0.23679311736154415 0.0409386173882468 0.0543789646721816
0 0.24456709055547138 0.13097946936663485 0.04954600292686617 0.05682271200668154
0 0.06335345199178982 0.12262043467536324 0.06196418969514968 0.04290566267504507
0 0.20277852459328027 0.33050675469445323 0.036955099336070066 0.04105226133831792
0 0.14726484367872933 0.20328972668681727 0.03383009933607006 0.041015898671227013
0 0.5443580122966402 0.17040778540736023 0.05563692164297294 0.029551687340863265
0 0.6475011930147994 0.1684827534213596 0.054074421642972936 0.029533506007317856
0 0.974304066649562 0.2652604927991303 0.048664758976990186 0.03962612133990877
0 0.21488659739116245 0.6666078866963623 0.06274543969514967 0.042914753341817755
0 0.16521280855633447 0.8785442653564534 0.05646816861791084 0.03815452800763595
0 0.5299661758463854 0.7640305160725421 0.05499657220870695 0.053761346674090583
0 0.5766048265103153 0.8052009560789054 0.06284997882456533 0.06088350334181776
0 0.6232434771742452 0.8463713960852687 0.06126020774732641 0.05617782200827222
0 0.6746059892744937 0.8813463800922685 0.05811248184962743 0.05223520934118149
0 0.8801126633533535 0.47433495345317633 0.032349412567786826 0.05506021733768165
0 0.8670854225267357 0.5648145027848128 0.03159997882456515 0.06051987667090888
0 0.8604081756499937 0.638179277450631 0.02919714149054755 0.05033635467059074
0 0.8361616336919078 0.7769690574474494 0.03472497882456551 0.060556239337999786
0 0.8916581756499937 0.6385429041215398 0.04960963544042372 0.06776021200668154
0 0.9277593021134269 0.6108360747930851 0.03317611436318444 0.06288180800445424
0 0.9081820794371815 0.7528053987905399 0.03630565954272456 0.06369942067154533