0 0.365625 0.5546875 0.0546875 0.040625
0 0.3015625 0.5859375 0.053125 0.040625
0 0.0328125 0.65 0.0640625 0.0421875
0 0.2359375 0.1984375 0.0453125 0.05625
0 0.246875 0.3125 0.0453125 0.059375
0 0.2015625 0.2328125 0.0390625 0.05625
0 0.2375 0.128125 0.0421875 0.05
0 0.05625 0.1203125 0.059375 0.034375
0 0.1984375 0.3265625 0.0296875 0.034375
0 0.1390625 0.1984375 0.0328125 0.0453125
0 0.5390625 0.1640625 0.05625 0.025
0 0.6390625 0.159375 0.0546875 0.025
0 0.5125 0.44375 0.0515625 0.040625
0 0.6765625 0.440625 0.059375 0.04375
0 0.3828125 0.59375 0.0625 0.0453125
0 0.1625 0.8765625 0.05 0.0265625
0 0.528125 0.7578125 0.0453125 0.0453125
0 0.5734375 0.796875 0.053125 0.0515625
0 0.621875 0.8390625 0.0578125 0.053125
0 0.6703125 0.8734375 0.0578125 0.05
0 0.871875 0.4640625 0.028125 0.053125
0 0.85625 0.6234375 0.025 0.0484375
0 0.834375 0.7671875 0.0265625 0.0546875
0 0.8875 0.6140625 0.03125 0.0609375
0 0.9203125 0.6 0.03125 0.0625
0 0.9015625 0.74375 0.0265625 0.05625