0 0.32165366452447086 0.5749145326698765 0.057286212577315164 0.04391697394515219
0 0.24866270361414564 0.604452175350113 0.05975750833494971 0.04558863585581072
0 0.1971957984633946 0.5816653387085138 0.07146028288075694 0.05547305810555194
0 0.2729602993814785 0.34522272456432457 0.04515287439602602 0.05736088978475227
0 0.22267325695782386 0.3271961625298313 0.05438435318419872 0.06557365012383451
0 0.18399313635481968 0.24383569892376147 0.04515287439602602 0.05736088978475227
0 0.22860374787396812 0.13925951488719618 0.052901601517208796 0.05694351282028158
0 0.04773638514687171 0.12613016046291672 0.06249987106204611 0.041046685070022584
0 0.17308784513911304 0.33900264970954974 0.03580982530441159 0.03824701674922304
0 0.12560655150751038 0.20974748924663303 0.04191630409258425 0.04631422787409347
0 0.5271051496907393 0.19080501405862665 0.062436098183228775 0.04026543507002258
0 0.6289227412060083 0.1924103635205074 0.05601075500096986 0.02829197394515206
0 0.7142549790780367 0.3767554383752823 0.06261144136548787 0.05194779776646961
0 0.4057735730092018 0.5819693614535928 0.0656088956078534 0.05053084698068133
0 0.10299977512553538 0.6980480099247974 0.06847880409258425 0.047551396194893056
0 0.09225423845175659 0.8873288337461152 0.05827475666795978 0.03695849855225788
0 0.4677002617896158 0.7840455918088857 0.05317266848667064 0.05072990012383442
0 0.5112590720911179 0.8268538300220614 0.06721919303247788 0.06072348428423417
0 0.55638038239262 0.869734842842343 0.06624662439602602 0.05834334698068133
0 0.6005769214822948 0.9047305810555187 0.06195773712312232 0.05347391046291676
0 0.836863818467274 0.5079412799792802 0.039620351517208975 0.05632492865988183
0 0.8186562102821053 0.5964943577295392 0.039604376063016034 0.06566354135632899
0 0.8065391054309169 0.6680782593011158 0.035395237123122314 0.052236742142117265
0 0.7729298957285395 0.8108094148016338 0.04150171591129492 0.06030395326698752
0 0.8379166511885515 0.6679712514432328 0.053268263335919386 0.07096962551672874
0 0.8743323833107037 0.6445722927995617 0.044355648941833435 0.0666631151776464
0 0.8455382193659611 0.7859592721213973 0.042346738790112325 0.06112159057054036