0 0.6262019230769231 0.5360576923076923 0.0625 0.06009615384615385
0 0.7403846153846154 0.5949519230769231 0.0625 0.057692307692307696
0 0.5360576923076923 0.43509615384615385 0.07211538461538461 0.06490384615384616
0 0.6418269230769231 0.33774038461538464 0.057692307692307696 0.055288461538461536
0 0.7355769230769231 0.20432692307692307 0.055288461538461536 0.08413461538461539
0 0.7800480769230769 0.09615384615384616 0.04567307692307692 0.07451923076923077
0 0.7908653846153846 0.22235576923076922 0.038461538461538464 0.05048076923076923
0 0.8425480769230769 0.051682692307692304 0.038461538461538464 0.057692307692307696
0 0.41466346153846156 0.02283653846153846 0.06009615384615385 0.038461538461538464
0 0.30649038461538464 0.025240384615384616 0.057692307692307696 0.03365384615384615
0 0.7980769230769231 0.6706730769230769 0.06971153846153846 0.057692307692307696
0 0.8653846153846154 0.953125 0.06009615384615385 0.040865384615384616
0 0.46875 0.8149038461538461 0.055288461538461536 0.0673076923076923
0 0.421875 0.8713942307692307 0.0673076923076923 0.07692307692307693
0 0.37259615384615385 0.9266826923076923 0.06490384615384616 0.07211538461538461
0 0.32091346153846156 0.9711538461538461 0.06009615384615385 0.057692307692307696
0 0.07692307692307693 0.4423076923076923 0.03365384615384615 0.07451923076923077
0 0.09495192307692307 0.5612980769230769 0.036057692307692304 0.08173076923076923
0 0.10697115384615384 0.6586538461538461 0.03365384615384615 0.06971153846153846
0 0.14182692307692307 0.84375 0.036057692307692304 0.07932692307692307
0 0.07572115384615384 0.6622596153846154 0.04567307692307692 0.08653846153846154
0 0.03365384615384615 0.625 0.040865384615384616 0.08653846153846154
0 0.06370192307692307 0.8149038461538461 0.040865384615384616 0.08653846153846154