0 0.41090374396026 0.558941932049634 0.06138378121376693 0.04442270934118149
0 0.34939215911295074 0.5894464973742709 0.06261144136548787 0.049900550007954084
0 0.13590348608435227 0.632231792011454 0.06873389560785333 0.04841077534213589
0 0.27381936364518034 0.2373385573679075 0.05491051166892955 0.060738052673454314
0 0.27082165152690707 0.31535446936663486 0.05757312606301594 0.06467157467377245
0 0.22056681788754579 0.23515789202736234 0.0516579659112951 0.059139190006363404
0 0.24795875212603188 0.1308885626989076 0.04802278288075694 0.052852827339272455
0 0.06607102333785922 0.12096702800763601 0.05983725666795978 0.03503861867440872
0 0.22365960910325242 0.330415848026726 0.03580982530441155 0.03710055800445433
0 0.15538835697722053 0.2016181386855446 0.0428888727290361 0.04732953333863614
0 0.5524548045516262 0.17033506007317845 0.06387105242559432 0.03664657200827235
0 0.6520721672787226 0.16681116542008692 0.05438448212215263 0.0256090746737724
0 0.6026771715307864 0.422243005410542 0.0531886439408634 0.03964430267345413
0 0.6585762272903606 0.4759679894175416 0.06911653288075695 0.05309827534213589
0 0.37707062002327596 0.622549898710998 0.07042394136548787 0.04999145667568143
0 0.23405317003297435 0.8784533586887264 0.05736596091032524 0.03344884667409076
0 0.589857146695115 0.7623952907383604 0.054926487123122314 0.051372143340227085
0 0.638485836393613 0.8035475494111782 0.06162289727484325 0.05691361867440854
0 0.6903670718497456 0.846298670751087 0.06988180742656418 0.06247327534213589
0 0.7414830327600708 0.8796747920909957 0.06540160151720861 0.055396572008272214
0 0.909756090017457 0.47420768411835823 0.03883910151720897 0.055087489337999784
0 0.9077787439602603 0.5647235961170856 0.043383080305381586 0.06294544267186346
0 0.907268303053814 0.6349633707829037 0.029081464244305265 0.05029090133672724
0 0.8969999669985569 0.7768963321132676 0.036622897274843066 0.05662271733768165
0 0.9378805742656414 0.6275144974538126 0.04976062606301603 0.06458066800604527
0 0.9692900709316616 0.610708805458267 0.04923446757828494 0.06769657733927233
0 0.9621467348764042 0.7526781294557217 0.03850426166892973 0.060547148671227013