0 0.375 0.5546875 0.0546875 0.0421875
0 0.26875 0.6046875 0.0546875 0.040625
0 0.453125 0.4765625 0.0640625 0.0453125
0 0.35 0.4078125 0.05 0.0390625
0 0.2546875 0.3125 0.0453125 0.0609375
0 0.2078125 0.234375 0.0390625 0.053125
0 0.2453125 0.128125 0.0421875 0.0515625
0 0.0640625 0.121875 0.0578125 0.0328125
0 0.2046875 0.328125 0.03125 0.0359375
0 0.1484375 0.2015625 0.0328125 0.040625
0 0.5453125 0.1640625 0.0546875 0.025
0 0.6484375 0.1609375 0.0515625 0.0234375
0 0.9765625 0.2546875 0.0453125 0.034375
0 0.21875 0.6640625 0.0609375 0.040625
0 0.1703125 0.8765625 0.053125 0.028125
0 0.534375 0.7578125 0.0484375 0.046875
0 0.58125 0.7984375 0.0578125 0.0546875
0 0.628125 0.8390625 0.05625 0.05
0 0.6796875 0.8734375 0.053125 0.0453125
0 0.8828125 0.4640625 0.0265625 0.053125
0 0.8703125 0.5546875 0.028125 0.059375
0 0.8640625 0.628125 0.028125 0.05
0 0.840625 0.7671875 0.0296875 0.0578125
0 0.8953125 0.628125 0.0390625 0.0625
0 0.93125 0.6 0.0328125 0.0625
0 0.9125 0.7421875 0.034375 0.0625