0 0.3713942307692308 0.5697115384615384 0.054086538461538464 0.04927884615384615
0 0.28846153846153844 0.6177884615384616 0.054086538461538464 0.051682692307692304
0 0.34975961538461536 0.5276442307692307 0.0625 0.05889423076923077
0 0.32572115384615385 0.34615384615384615 0.04567307692307692 0.06370192307692307
0 0.25240384615384615 0.265625 0.046875 0.07451923076923077
0 0.20673076923076922 0.1658653846153846 0.039663461538461536 0.06971153846153846
0 0.24158653846153846 0.03245192307692308 0.042067307692307696 0.06370192307692307
0 0.06129807692307692 0.027644230769230768 0.06009615384615385 0.04927884615384615
0 0.203125 0.2848557692307692 0.03125 0.04807692307692308
0 0.1466346153846154 0.12620192307692307 0.03365384615384615 0.04927884615384615
0 0.5444711538461539 0.07932692307692307 0.055288461538461536 0.036057692307692304
0 0.6466346153846154 0.07572115384615384 0.052884615384615384 0.03485576923076923
0 0.8617788461538461 0.24158653846153846 0.054086538461538464 0.04927884615384615
0 0.33653846153846156 0.6418269230769231 0.06009615384615385 0.052884615384615384
0 0.04807692307692308 0.7896634615384616 0.06129807692307692 0.04927884615384615
0 0.16826923076923078 0.9723557692307693 0.054086538461538464 0.036057692307692304
0 0.5324519230769231 0.8221153846153846 0.04927884615384615 0.05889423076923077
0 0.5793269230769231 0.8725961538461539 0.05889423076923077 0.06971153846153846
0 0.6274038461538461 0.9230769230769231 0.056490384615384616 0.06370192307692307
0 0.6778846153846154 0.9651442307692307 0.056490384615384616 0.0625
0 0.8798076923076923 0.45552884615384615 0.027644230769230768 0.06610576923076923
0 0.8689903846153846 0.5673076923076923 0.028846153846153848 0.07692307692307693
0 0.8629807692307693 0.6586538461538461 0.027644230769230768 0.06009615384615385
0 0.8389423076923077 0.8341346153846154 0.028846153846153848 0.07091346153846154
0 0.8918269230769231 0.6586538461538461 0.038461538461538464 0.08052884615384616
0 0.9278846153846154 0.625 0.03365384615384615 0.08173076923076923
0 0.9098557692307693 0.8028846153846154 0.03245192307692308 0.07451923076923077