0 0.6225961538461539 0.4050480769230769 0.0625 0.057692307692307696
0 0.6995192307692307 0.35096153846153844 0.06009615384615385 0.055288461538461536
0 0.6995192307692307 0.41225961538461536 0.07211538461538461 0.06490384615384616
0 0.7007211538461539 0.6622596153846154 0.04567307692307692 0.07211538461538461
0 0.7704326923076923 0.7163461538461539 0.055288461538461536 0.08173076923076923
0 0.8257211538461539 0.8173076923076923 0.04567307692307692 0.07451923076923077
0 0.7992788461538461 0.953125 0.04807692307692308 0.057692307692307696
0 0.9783653846153846 0.9471153846153846 0.04326923076923077 0.04326923076923077
0 0.8221153846153846 0.6911057692307693 0.036057692307692304 0.05048076923076923
0 0.8930288461538461 0.8545673076923077 0.036057692307692304 0.052884615384615384
0 0.47716346153846156 0.9326923076923077 0.06009615384615385 0.040865384615384616
0 0.3701923076923077 0.9447115384615384 0.057692307692307696 0.038461538461538464
0 0.18990384615384615 0.7512019230769231 0.0625 0.057692307692307696
0 0.59375 0.36538461538461536 0.0673076923076923 0.0625
0 0.8882211538461539 0.1814903846153846 0.06971153846153846 0.06009615384615385
0 0.4338942307692308 0.14903846153846154 0.057692307692307696 0.0625
0 0.38100961538461536 0.10096153846153846 0.0625 0.07451923076923077
0 0.3269230769230769 0.051682692307692304 0.06490384615384616 0.06971153846153846
0 0.27163461538461536 0.027644230769230768 0.06009615384615385 0.03125
0 0.09735576923076923 0.5625 0.03365384615384615 0.07211538461538461
0 0.09975961538461539 0.4423076923076923 0.03365384615384615 0.07932692307692307
0 0.0985576923076923 0.3473557692307692 0.036057692307692304 0.0673076923076923
0 0.109375 0.15865384615384615 0.036057692307692304 0.07451923076923077
0 0.06610576923076923 0.35096153846153844 0.04326923076923077 0.08653846153846154
0 0.03125 0.3870192307692308 0.038461538461538464 0.08413461538461539
0 0.039663461538461536 0.19951923076923078 0.038461538461538464 0.08173076923076923