0 0.37740384615384615 0.5492788461538461 0.06490384615384616 0.0625
0 0.2608173076923077 0.5985576923076923 0.06490384615384616 0.06009615384615385
0 0.47115384615384615 0.4579326923076923 0.07451923076923077 0.06971153846153846
0 0.375 0.3545673076923077 0.057692307692307696 0.057692307692307696
0 0.2920673076923077 0.21995192307692307 0.057692307692307696 0.08413461538461539
0 0.25721153846153844 0.11298076923076923 0.04807692307692308 0.07451923076923077
0 0.3088942307692308 0.008413461538461538 0.05048076923076923 0.016826923076923076
0 0.23798076923076922 0.234375 0.038461538461538464 0.052884615384615384
0 0.19951923076923078 0.06370192307692307 0.040865384615384616 0.057692307692307696
0 0.6165865384615384 0.06610576923076923 0.0625 0.040865384615384616
0 0.7223557692307693 0.07451923076923077 0.057692307692307696 0.038461538461538464
0 0.20072115384615385 0.6694711538461539 0.06971153846153846 0.06009615384615385
0 0.11658653846153846 0.9375 0.06009615384615385 0.04567307692307692
0 0.5120192307692307 0.8305288461538461 0.06009615384615385 0.0673076923076923
0 0.5528846153846154 0.8894230769230769 0.06971153846153846 0.07932692307692307
0 0.5949519230769231 0.9459134615384616 0.0673076923076923 0.07211538461538461
0 0.6418269230769231 0.9819711538461539 0.0625 0.036057692307692304
0 0.9158653846153846 0.4963942307692308 0.038461538461538464 0.07451923076923077
0 0.8894230769230769 0.609375 0.038461538461538464 0.08173076923076923
0 0.8713942307692307 0.7043269230769231 0.038461538461538464 0.06971153846153846
0 0.8257211538461539 0.8810096153846154 0.040865384615384616 0.07932692307692307
0 0.9026442307692307 0.7091346153846154 0.05048076923076923 0.08653846153846154
0 0.9459134615384616 0.6766826923076923 0.04567307692307692 0.08653846153846154
0 0.9026442307692307 0.8581730769230769 0.04567307692307692 0.08653846153846154