0 0.6454326923076923 0.5576923076923077 0.057692307692307696 0.052884615384615384
0 0.7247596153846154 0.6045673076923077 0.057692307692307696 0.052884615384615384
0 0.7223557692307693 0.5444711538461539 0.0673076923076923 0.057692307692307696
0 0.7055288461538461 0.2980769230769231 0.040865384615384616 0.0673076923076923
0 0.7704326923076923 0.23918269230769232 0.05048076923076923 0.07692307692307693
0 0.8173076923076923 0.13701923076923078 0.038461538461538464 0.07211538461538461
0 0.7824519230769231 0.015625 0.04567307692307692 0.03125
0 0.9699519230769231 0.007211538461538462 0.06009615384615385 0.014423076923076924
0 0.8221153846153846 0.2608173076923077 0.03365384615384615 0.04807692307692308
0 0.8810096153846154 0.09495192307692307 0.03365384615384615 0.052884615384615384
0 0.4651442307692308 0.04567307692307692 0.057692307692307696 0.036057692307692304
0 0.359375 0.040865384615384616 0.055288461538461536 0.03365384615384615
0 0.19471153846153846 0.24519230769230768 0.057692307692307696 0.052884615384615384
0 0.6201923076923077 0.5973557692307693 0.0625 0.057692307692307696
0 0.9230769230769231 0.7584134615384616 0.0673076923076923 0.055288461538461536
0 0.8569711538461539 0.9783653846153846 0.057692307692307696 0.038461538461538464
0 0.47716346153846156 0.8221153846153846 0.052884615384615384 0.057692307692307696
0 0.42788461538461536 0.8725961538461539 0.057692307692307696 0.0673076923076923
0 0.3786057692307692 0.9254807692307693 0.057692307692307696 0.06490384615384616
0 0.3269230769230769 0.96875 0.057692307692307696 0.0625
0 0.11778846153846154 0.4375 0.028846153846153848 0.0673076923076923
0 0.12740384615384615 0.5552884615384616 0.028846153846153848 0.07692307692307693
0 0.1346153846153846 0.6502403846153846 0.028846153846153848 0.06490384615384616
0 0.15745192307692307 0.8353365384615384 0.028846153846153848 0.07211538461538461
0 0.10096153846153846 0.6478365384615384 0.038461538461538464 0.08173076923076923
0 0.06490384615384616 0.6153846153846154 0.03365384615384615 0.08173076923076923
0 0.08413461538461539 0.7992788461538461 0.03365384615384615 0.07692307692307693