0 0.6141826923076923 0.46153846153846156 0.052884615384615384 0.07692307692307693
0 0.6862980769230769 0.38341346153846156 0.0625 0.057692307692307696
0 0.7824519230769231 0.7307692307692307 0.055288461538461536 0.08173076923076923
0 0.8413461538461539 0.8293269230769231 0.052884615384615384 0.07692307692307693
0 0.8173076923076923 0.9519230769230769 0.04807692307692308 0.038461538461538464
0 0.9891826923076923 0.9411057692307693 0.021634615384615384 0.021634615384615384
0 0.8329326923076923 0.7043269230769231 0.038461538461538464 0.05048076923076923
0 0.5024038461538461 0.9543269230769231 0.06490384615384616 0.04326923076923077
0 0.39903846153846156 0.96875 0.057692307692307696 0.040865384615384616
0 0.7728365384615384 0.38100961538461536 0.057692307692307696 0.057692307692307696
0 0.05889423076923077 0.8209134615384616 0.06009615384615385 0.057692307692307696
0 0.3425480769230769 0.5865384615384616 0.0673076923076923 0.06490384615384616
0 0.8377403846153846 0.22115384615384615 0.0625 0.052884615384615384
0 0.43028846153846156 0.18269230769230768 0.055288461538461536 0.06490384615384616
0 0.38100961538461536 0.13701923076923078 0.0625 0.07692307692307693
0 0.3233173076923077 0.08774038461538461 0.0673076923076923 0.07692307692307693
0 0.2692307692307692 0.052884615384615384 0.06490384615384616 0.0673076923076923
0 0.11778846153846154 0.5985576923076923 0.03365384615384615 0.07211538461538461
0 0.11057692307692307 0.3918269230769231 0.036057692307692304 0.06971153846153846
0 0.1141826923076923 0.203125 0.040865384615384616 0.07932692307692307
0 0.08052884615384616 0.44471153846153844 0.036057692307692304 0.08413461538461539
0 0.04807692307692308 0.42908653846153844 0.040865384615384616 0.08413461538461539
0 0.04807692307692308 0.24278846153846154 0.038461538461538464 0.07932692307692307