0 0.39663461538461536 0.5060096153846154 0.052884615384615384 0.07932692307692307
0 0.31009615384615385 0.5697115384615384 0.0625 0.06009615384615385
0 0.27884615384615385 0.1971153846153846 0.055288461538461536 0.08413461538461539
0 0.2403846153846154 0.08533653846153846 0.052884615384615384 0.07932692307692307
0 0.22355769230769232 0.21514423076923078 0.038461538461538464 0.052884615384615384
0 0.609375 0.026442307692307692 0.06490384615384616 0.04326923076923077
0 0.7175480769230769 0.03245192307692308 0.06009615384615385 0.036057692307692304
0 0.22115384615384615 0.5564903846153846 0.06009615384615385 0.06009615384615385
0 0.6995192307692307 0.43028846153846156 0.06971153846153846 0.0673076923076923
0 0.12379807692307693 0.703125 0.06490384615384616 0.055288461538461536
0 0.12139423076923077 0.9507211538461539 0.057692307692307696 0.040865384615384616
0 0.53125 0.8245192307692307 0.055288461538461536 0.06490384615384616
0 0.5721153846153846 0.8810096153846154 0.06490384615384616 0.07932692307692307
0 0.6189903846153846 0.9423076923076923 0.06971153846153846 0.07932692307692307
0 0.6670673076923077 0.9771634615384616 0.06490384615384616 0.04567307692307692
0 0.9302884615384616 0.46274038461538464 0.036057692307692304 0.07211538461538461
0 0.8966346153846154 0.6742788461538461 0.036057692307692304 0.07211538461538461
0 0.8545673076923077 0.8653846153846154 0.040865384615384616 0.08173076923076923
0 0.9362980769230769 0.6262019230769231 0.038461538461538464 0.08653846153846154
0 0.9675480769230769 0.6490384615384616 0.040865384615384616 0.0889423076923077
0 0.9302884615384616 0.8389423076923077 0.038461538461538464 0.08173076923076923