0 0.6538461538461539 0.5829326923076923 0.05048076923076923 0.07692307692307693
0 0.7367788461538461 0.6538461538461539 0.06009615384615385 0.055288461538461536
0 0.7944711538461539 0.2824519230769231 0.05048076923076923 0.08173076923076923
0 0.8413461538461539 0.17307692307692307 0.04807692307692308 0.07692307692307693
0 0.8016826923076923 0.03485576923076923 0.05048076923076923 0.06971153846153846
0 0.9795673076923077 0.02283653846153846 0.021634615384615384 0.04567307692307692
0 0.8497596153846154 0.30408653846153844 0.036057692307692304 0.05048076923076923
0 0.47475961538461536 0.08774038461538461 0.06490384615384616 0.038461538461538464
0 0.36778846153846156 0.08533653846153846 0.057692307692307696 0.036057692307692304
0 0.828125 0.6454326923076923 0.055288461538461536 0.055288461538461536
0 0.03125 0.2824519230769231 0.0625 0.055288461538461536
0 0.35697115384615385 0.4879807692307692 0.06490384615384616 0.0625
0 0.9146634615384616 0.8016826923076923 0.06009615384615385 0.05048076923076923
0 0.4987980769230769 0.8942307692307693 0.05048076923076923 0.0625
0 0.453125 0.9471153846153846 0.06009615384615385 0.07451923076923077
0 0.40024038461538464 0.984375 0.06490384615384616 0.03125
0 0.12259615384615384 0.5036057692307693 0.03125 0.07211538461538461
0 0.14302884615384615 0.7175480769230769 0.03365384615384615 0.06971153846153846
0 0.17067307692307693 0.9122596153846154 0.036057692307692304 0.07932692307692307
0 0.1045673076923077 0.6670673076923077 0.03125 0.08653846153846154
0 0.07211538461538461 0.6875 0.036057692307692304 0.08653846153846154
0 0.09615384615384616 0.8798076923076923 0.03365384615384615 0.07932692307692307