0 0.3701923076923077 0.5673076923076923 0.056490384615384616 0.052884615384615384
0 0.3016826923076923 0.6081730769230769 0.054086538461538464 0.051682692307692304
0 0.24759615384615385 0.265625 0.046875 0.07451923076923077
0 0.20192307692307693 0.16466346153846154 0.042067307692307696 0.07091346153846154
0 0.23677884615384615 0.03245192307692308 0.040865384615384616 0.06490384615384616
0 0.056490384615384616 0.026442307692307692 0.06009615384615385 0.04567307692307692
0 0.19831730769230768 0.2860576923076923 0.03245192307692308 0.04807692307692308
0 0.5396634615384616 0.08052884615384616 0.056490384615384616 0.03485576923076923
0 0.6394230769230769 0.07451923076923077 0.051682692307692304 0.03125
0 0.39903846153846156 0.4987980769230769 0.051682692307692304 0.051682692307692304
0 0.7884615384615384 0.35216346153846156 0.06009615384615385 0.056490384615384616
0 0.49278846153846156 0.5516826923076923 0.0625 0.055288461538461536
0 0.16346153846153846 0.9735576923076923 0.052884615384615384 0.03485576923076923
0 0.5288461538461539 0.8221153846153846 0.04567307692307692 0.05889423076923077
0 0.5733173076923077 0.8725961538461539 0.052884615384615384 0.06370192307692307
0 0.6213942307692307 0.9230769230769231 0.05889423076923077 0.0673076923076923
0 0.6694711538461539 0.9663461538461539 0.05889423076923077 0.06610576923076923
0 0.8725961538461539 0.45552884615384615 0.026442307692307692 0.06370192307692307
0 0.8557692307692307 0.65625 0.028846153846153848 0.06610576923076923
0 0.8353365384615384 0.8341346153846154 0.03125 0.0733173076923077
0 0.8894230769230769 0.6298076923076923 0.027644230769230768 0.07692307692307693
0 0.9182692307692307 0.6286057692307693 0.03125 0.078125
0 0.9014423076923077 0.8064903846153846 0.027644230769230768 0.0733173076923077