0 0.3713942307692308 0.5649038461538461 0.054086538461538464 0.06009615384615385
0 0.3004807692307692 0.6081730769230769 0.052884615384615384 0.04927884615384615
0 0.24519230769230768 0.265625 0.04567307692307692 0.07451923076923077
0 0.20072115384615385 0.1658653846153846 0.042067307692307696 0.07091346153846154
0 0.23677884615384615 0.03485576923076923 0.042067307692307696 0.06610576923076923
0 0.055288461538461536 0.027644230769230768 0.05889423076923077 0.04447115384615385
0 0.19471153846153846 0.28725961538461536 0.03245192307692308 0.04807692307692308
0 0.5372596153846154 0.08173076923076923 0.055288461538461536 0.03245192307692308
0 0.6358173076923077 0.078125 0.052884615384615384 0.03245192307692308
0 0.3389423076923077 0.5336538461538461 0.051682692307692304 0.051682692307692304
0 0.8401442307692307 0.3173076923076923 0.05889423076923077 0.056490384615384616
0 0.5456730769230769 0.5192307692307693 0.06009615384615385 0.055288461538461536
0 0.036057692307692304 0.7932692307692307 0.056490384615384616 0.04567307692307692
0 0.16105769230769232 0.9735576923076923 0.052884615384615384 0.03485576923076923
0 0.5276442307692307 0.8221153846153846 0.046875 0.056490384615384616
0 0.5709134615384616 0.875 0.054086538461538464 0.06610576923076923
0 0.6189903846153846 0.9230769230769231 0.055288461538461536 0.06610576923076923
0 0.6670673076923077 0.9675480769230769 0.056490384615384616 0.06370192307692307
0 0.8689903846153846 0.45913461538461536 0.027644230769230768 0.06610576923076923
0 0.8521634615384616 0.6574519230769231 0.03245192307692308 0.06370192307692307
0 0.8305288461538461 0.8377403846153846 0.03125 0.0733173076923077
0 0.8858173076923077 0.625 0.028846153846153848 0.07692307692307693
0 0.9170673076923077 0.6286057692307693 0.03245192307692308 0.08052884615384616
0 0.8990384615384616 0.8052884615384616 0.027644230769230768 0.0733173076923077