0 0.3762019230769231 0.546875 0.057692307692307696 0.07211538461538461
0 0.29927884615384615 0.6081730769230769 0.057692307692307696 0.055288461538461536
0 0.23317307692307693 0.25 0.052884615384615384 0.08413461538461539
0 0.17908653846153846 0.14903846153846154 0.04807692307692308 0.07451923076923077
0 0.21033653846153846 0.027644230769230768 0.04567307692307692 0.028846153846153848
0 0.025240384615384616 0.027644230769230768 0.05048076923076923 0.01201923076923077
0 0.1814903846153846 0.2764423076923077 0.03365384615384615 0.04807692307692308
0 0.5192307692307693 0.04447115384615385 0.0625 0.038461538461538464
0 0.6225961538461539 0.03125 0.057692307692307696 0.038461538461538464
0 0.2776442307692308 0.5661057692307693 0.057692307692307696 0.055288461538461536
0 0.9038461538461539 0.23557692307692307 0.06490384615384616 0.06009615384615385
0 0.6045673076923077 0.46153846153846156 0.0673076923076923 0.06490384615384616
0 0.0985576923076923 0.7884615384615384 0.0625 0.05048076923076923
0 0.1814903846153846 0.9879807692307693 0.055288461538461536 0.02403846153846154
0 0.5492788461538461 0.8209134615384616 0.052884615384615384 0.06490384615384616
0 0.5985576923076923 0.8725961538461539 0.06490384615384616 0.07451923076923077
0 0.6514423076923077 0.9230769230769231 0.06490384615384616 0.07451923076923077
0 0.8870192307692307 0.41947115384615385 0.03365384615384615 0.07211538461538461
0 0.8822115384615384 0.6274038461538461 0.03125 0.0673076923076923
0 0.8689903846153846 0.8161057692307693 0.03365384615384615 0.07451923076923077
0 0.9146634615384616 0.5841346153846154 0.03365384615384615 0.08173076923076923
0 0.9483173076923077 0.5949519230769231 0.038461538461538464 0.08413461538461539
0 0.9387019230769231 0.7824519230769231 0.036057692307692304 0.07692307692307693