0 0.33852699570458683 0.5725512512605077 0.05430571969684665 0.05594935124083733
0 0.26131604251608354 0.6094942403647444 0.06031005823145748 0.051698893815484225
0 0.23033379466379014 0.33288818169855416 0.05582395409301446 0.07006648156266806
0 0.18919753957540747 0.2500321230323638 0.04423135685197641 0.0568016570570359
0 0.22905897896910082 0.14774835719292198 0.04402663896415202 0.05289540705703599
0 0.0482184147447496 0.12726162252816073 0.05899654172311404 0.04148801349365332
0 0.17943303595736287 0.3465793411013786 0.02992651741285455 0.036341691585911204
0 0.5208436872459867 0.2057893582013282 0.05846427521477064 0.03133176349365332
0 0.6195268487113761 0.2079852787520175 0.05213238805964089 0.029332220919006426
0 0.2442856727738083 0.5753706126408036 0.05204717887824373 0.04255884059717552
0 0.8686593102676223 0.39163828495620373 0.06680571969684657 0.05682343639013112
0 0.5649124332892579 0.5319255233041359 0.06832727611928177 0.056151447033792934
0 0.05295690864031414 0.7250871173323807 0.05817434814554916 0.04065213317182241
0 0.11631564450681994 0.8926131069408203 0.054063380257724794 0.03647273156266806
0 0.47887095545181085 0.797212033695696 0.05422383254171699 0.05438685124083733
0 0.5220543894184373 0.8410055923618863 0.06236388116223601 0.06118315445914604
0 0.5668003233850637 0.8849084116717384 0.06470763116223602 0.06134704542463858
0 0.6135181931273389 0.9211079916252523 0.06536605042954129 0.05905792574646966
0 0.8363713534610746 0.528952614657616 0.03321196969684692 0.05447433255140375
0 0.8124757507929694 0.6856725082209987 0.0346516389641522 0.05223984319506556
0 0.7846296325210323 0.8280021198533962 0.03177230042954129 0.05670882190774194
0 0.8484884938955645 0.6568262423815568 0.0352657926276251 0.06395859319506556
0 0.877684670964786 0.6682771946111298 0.03608798620519025 0.06479447351689646
0 0.8530454398479786 0.8092628275308507 0.0366235747398008 0.06016160383872737