0 0.378125 0.5328125 0.04375 0.0546875
0 0.303125 0.5859375 0.053125 0.040625
0 0.24375 0.3140625 0.0453125 0.059375
0 0.1984375 0.234375 0.0421875 0.0546875
0 0.234375 0.1296875 0.04375 0.0515625
0 0.053125 0.125 0.053125 0.034375
0 0.19375 0.3296875 0.03125 0.0359375
0 0.534375 0.1671875 0.0578125 0.0265625
0 0.634375 0.1625 0.0515625 0.025
0 0.21875 0.58125 0.05 0.040625
0 0.946875 0.303125 0.0578125 0.040625
0 0.65 0.459375 0.059375 0.0453125
0 0.140625 0.696875 0.0546875 0.0359375
0 0.159375 0.88125 0.05 0.0265625
0 0.5265625 0.759375 0.0453125 0.0453125
0 0.56875 0.7984375 0.053125 0.053125
0 0.61875 0.840625 0.0578125 0.053125
0 0.6671875 0.8734375 0.0546875 0.0484375
0 0.865625 0.4671875 0.025 0.0515625
0 0.8515625 0.625 0.028125 0.05
0 0.8296875 0.76875 0.0296875 0.0578125
0 0.8859375 0.5875 0.0265625 0.0625
0 0.915625 0.603125 0.0296875 0.0625
0 0.896875 0.7453125 0.028125 0.0578125