0 0.44471153846153844 0.4495192307692308 0.040865384615384616 0.052884615384615384
0 0.08052884615384616 0.0829326923076923 0.021634615384615384 0.09615384615384616
0 0.125 0.9350961538461539 0.02403846153846154 0.10817307692307693
0 0.01201923076923077 0.49759615384615385 0.02403846153846154 0.04807692307692308
0 0.21875 0.43028846153846156 0.02403846153846154 0.0985576923076923
0 0.39903846153846156 0.7103365384615384 0.038461538461538464 0.04807692307692308
0 0.46274038461538464 0.7536057692307693 0.036057692307692304 0.055288461538461536
0 0.4230769230769231 0.765625 0.03125 0.04807692307692308
0 0.38461538461538464 0.7776442307692307 0.036057692307692304 0.057692307692307696
0 0.7932692307692307 0.6442307692307693 0.040865384615384616 0.057692307692307696
0 0.7524038461538461 0.6694711538461539 0.03365384615384615 0.057692307692307696
0 0.5685096153846154 0.6598557692307693 0.036057692307692304 0.055288461538461536
0 0.45552884615384615 0.6346153846153846 0.036057692307692304 0.052884615384615384
0 0.7103365384615384 0.6826923076923077 0.03365384615384615 0.052884615384615384
0 0.6766826923076923 0.6911057692307693 0.03125 0.04807692307692308
0 0.6442307692307693 0.6959134615384616 0.036057692307692304 0.04807692307692308
0 0.5949519230769231 0.7139423076923077 0.036057692307692304 0.04567307692307692
0 0.9771634615384616 0.7463942307692307 0.02403846153846154 0.10096153846153846
0 0.9891826923076923 0.8533653846153846 0.021634615384615384 0.09134615384615384
0 0.921875 0.8052884615384616 0.02403846153846154 0.11057692307692307
0 0.9350961538461539 0.9290865384615384 0.016826923076923076 0.06971153846153846
0 0.9795673076923077 0.3918269230769231 0.03125 0.06009615384615385
0 0.9074519230769231 0.2439903846153846 0.038461538461538464 0.08173076923076923
0 0.3329326923076923 0.33533653846153844 0.038461538461538464 0.052884615384615384
0 0.37259615384615385 0.33413461538461536 0.036057692307692304 0.04567307692307692
0 0.4387019230769231 0.33533653846153844 0.03365384615384615 0.04567307692307692
0 0.47475961538461536 0.3269230769230769 0.03365384615384615 0.04567307692307692
0 0.5144230769230769 0.3173076923076923 0.03125 0.052884615384615384
0 0.5576923076923077 0.3016826923076923 0.040865384615384616 0.055288461538461536
0 0.59375 0.2920673076923077 0.03125 0.052884615384615384
0 0.640625 0.28125 0.03365384615384615 0.04807692307692308
0 0.6682692307692307 0.27524038461538464 0.02403846153846154 0.04567307692307692
0 0.6983173076923077 0.2608173076923077 0.038461538461538464 0.055288461538461536
0 0.7427884615384616 0.24879807692307693 0.036057692307692304 0.055288461538461536
0 0.8173076923076923 0.22355769230769232 0.028846153846153848 0.05048076923076923
3 0.42427884615384615 0.5673076923076923 0.04326923076923077 0.0673076923076923