0 0.15144230769230768 0.8413461538461539 0.02403846153846154 0.10336538461538461
0 0.3798076923076923 0.53125 0.036057692307692304 0.05048076923076923
0 0.140625 0.9326923076923077 0.019230769230769232 0.09375
0 0.054086538461538464 0.10817307692307693 0.021634615384615384 0.0985576923076923
0 0.014423076923076924 0.5540865384615384 0.026442307692307692 0.04326923076923077
0 0.2439903846153846 0.8161057692307693 0.021634615384615384 0.0889423076923077
0 0.3605769230769231 0.30288461538461536 0.036057692307692304 0.04567307692307692
0 0.39903846153846156 0.24759615384615385 0.03365384615384615 0.04807692307692308
0 0.36177884615384615 0.2439903846153846 0.03125 0.04807692307692308
0 0.3233173076923077 0.24158653846153846 0.03365384615384615 0.05048076923076923
0 0.7247596153846154 0.30408653846153844 0.038461538461538464 0.052884615384615384
0 0.6826923076923077 0.2860576923076923 0.03125 0.04807692307692308
0 0.5492788461538461 0.3329326923076923 0.03365384615384615 0.05048076923076923
0 0.43509615384615385 0.36658653846153844 0.03365384615384615 0.04326923076923077
0 0.6418269230769231 0.27884615384615385 0.03125 0.04326923076923077
0 0.609375 0.27884615384615385 0.028846153846153848 0.04326923076923077
0 0.5757211538461539 0.2776442307692308 0.03365384615384615 0.04807692307692308
0 0.5300480769230769 0.26802884615384615 0.03365384615384615 0.04326923076923077
0 0.8810096153846154 0.1814903846153846 0.021634615384615384 0.09375
0 0.8774038461538461 0.07932692307692307 0.019230769230769232 0.08173076923076923
0 0.8209134615384616 0.13341346153846154 0.021634615384615384 0.10336538461538461
0 0.8137019230769231 0.025240384615384616 0.016826923076923076 0.05048076923076923
0 0.8786057692307693 0.6430288461538461 0.036057692307692304 0.06490384615384616
0 0.3401442307692308 0.6610576923076923 0.036057692307692304 0.04807692307692308
0 0.37740384615384615 0.6514423076923077 0.03365384615384615 0.04807692307692308
0 0.4375 0.6442307692307693 0.03125 0.04326923076923077
0 0.4723557692307692 0.6466346153846154 0.03125 0.04326923076923077
0 0.5120192307692307 0.6502403846153846 0.028846153846153848 0.04807692307692308
0 0.5540865384615384 0.65625 0.036057692307692304 0.04807692307692308
0 0.5901442307692307 0.6622596153846154 0.03125 0.05048076923076923
0 0.6346153846153846 0.6682692307692307 0.03125 0.04567307692307692
0 0.6610576923076923 0.6670673076923077 0.021634615384615384 0.04567307692307692
0 0.6911057692307693 0.6730769230769231 0.036057692307692304 0.05048076923076923
0 0.734375 0.6826923076923077 0.036057692307692304 0.04807692307692308
0 0.8088942307692307 0.6899038461538461 0.028846153846153848 0.04807692307692308
3 0.42427884615384615 0.43509615384615385 0.040865384615384616 0.06009615384615385