0 0.12141772961253587 0.43670135873015836 0.016466085972519594 0.02990754549649317
0 0.22287727804232552 0.5409301789036538 0.01651155007914227 0.03147004549649317
0 0.2707070242814018 0.5051137924141742 0.03213655007914227 0.03247134099298634
0 0.11347353431053168 0.602526617829457 0.019591085972519594 0.030107804595791876
0 0.014651890060321537 0.4997601681063122 0.029303780120643073 0.012158840992986341
0 0.440304121932404 0.4115874306016968 0.03255408722616089 0.02002140576781102
0 0.4173667271052534 0.39590187384643666 0.028534176959604095 0.015864831893687814
0 0.38152015531849875 0.39507985348837105 0.02529551669304748 0.011758322794389108
0 0.34562811942512145 0.39582033313030546 0.029360891066226812 0.01747739666851249
0 0.7307927296125358 0.39765083436692317 0.03333533722616089 0.020071470542635694
0 0.6903495860390266 0.39400420265780545 0.026994409012915454 0.01654595234403846
0 0.6849801244396864 0.41774209130675344 0.029429087226160888 0.019821146668512313
0 0.5427471603330638 0.42841638032484164 0.03175010517284953 0.019190090992986342
0 0.6513325501456493 0.3949449413990386 0.02851144490629274 0.015083581893687813
0 0.6185655142522719 0.39548516194167427 0.02451426669304748 0.011708258019564433
0 0.5873609783588947 0.3959252529346607 0.029315426959604096 0.01591489666851249
0 0.54213940657214 0.395704009874491 0.029315426959604096 0.01591489666851249
0 0.8352816528112162 0.3441672840900679 0.013295621865896834 0.028144786397194643
0 0.8394068631569154 0.3095920249907693 0.014630801332783605 0.020432415946843818
0 0.8062353473217977 0.48483185688445707 0.030855194906292738 0.015233776218161665
0 0.328064883215175 0.5170339990771493 0.031636444906292735 0.015283840992986342
0 0.3640478473217977 0.5131685194352149 0.03253135517284953 0.019240155767811018
0 0.42503081142842036 0.5077009669988914 0.026076766693047482 0.011808387569213786
0 0.45936034732179765 0.5070606169066064 0.026994409012915454 0.01654595234403846
0 0.49525238321517495 0.506320137264672 0.027639266693047303 0.011908517118863138
0 0.5357864550019296 0.5068417689737897 0.03248589106622681 0.017677655767811017
0 0.570115990895307 0.5062014188815046 0.02860237311953817 0.018208581893687813
0 0.6137750626820616 0.5065227914913236 0.028556909012915455 0.016646081893687815
0 0.6403375626820615 0.5048205891472851 0.019113712852981378 0.013701554595791875
0 0.6683716344688163 0.5061432572535974 0.033244409012915456 0.016946470542635695
0 0.7120307062555709 0.5064646298634164 0.03080973079967002 0.013671276218161665
0 0.7806443139357029 0.5067464296788462 0.025409176959604096 0.015664572794389108
0 0.008776968939958656 0.47868620450350685 0.01755393787991731 0.019971340992986343
0 0.5655026987337235 0.4503519370801019 0.03570181927947225 0.021002914867109722