0 0.5671875 0.5078125 0.03125 0.0125
0 0.121875 0.6125 0.0109375 0.025
0 0.0859375 0.403125 0.0203125 0.028125
0 0.0203125 0.503125 0.0296875 0.0109375
0 0.21875 0.5078125 0.0140625 0.0234375
0 0.253125 0.63125 0.0125 0.0265625
0 0.3421875 0.434375 0.0296875 0.0109375
0 0.415625 0.421875 0.03125 0.0125
0 0.378125 0.4203125 0.0234375 0.0125
0 0.3421875 0.41875 0.028125 0.0125
0 0.7265625 0.44375 0.0328125 0.0140625
0 0.6875 0.4390625 0.025 0.0125
0 0.4453125 0.4421875 0.028125 0.0125
0 0.3765625 0.453125 0.0265625 0.0109375
0 0.6484375 0.4359375 0.025 0.0109375
0 0.61875 0.434375 0.0234375 0.0109375
0 0.5859375 0.434375 0.028125 0.009375
0 0.540625 0.43125 0.028125 0.0109375
0 0.8875 0.4125 0.0109375 0.025
0 0.8890625 0.3828125 0.0109375 0.0234375
0 0.83125 0.396875 0.0109375 0.0265625
0 0.75625 0.4828125 0.03125 0.015625
0 0.8640625 0.5 0.025 0.0140625
0 0.971875 0.5171875 0.034375 0.015625
0 0.86875 0.5515625 0.028125 0.0203125
0 0.3328125 0.5375 0.0296875 0.0109375
0 0.36875 0.5375 0.0265625 0.0109375
0 0.428125 0.5359375 0.0234375 0.0109375
0 0.4625 0.5375 0.025 0.0109375
0 0.5 0.5390625 0.025 0.0109375
0 0.5390625 0.540625 0.0296875 0.0125
0 0.575 0.54375 0.0234375 0.0125
0 0.6171875 0.5453125 0.025 0.0125
0 0.64375 0.5453125 0.0171875 0.0109375
0 0.671875 0.5484375 0.028125 0.0109375
0 0.7140625 0.5515625 0.0296875 0.0125
0 0.784375 0.55625 0.0234375 0.0125
0 0.346875 0.4703125 0.03125 0.015625