0 0.4796875 0.5078125 0.03125 0.0125
0 0.121875 0.6125 0.0109375 0.025
0 0.0921875 0.390625 0.0125 0.0265625
0 0.0203125 0.503125 0.0296875 0.0109375
0 0.2109375 0.4453125 0.0140625 0.025
0 0.23125 0.5890625 0.0140625 0.0234375
0 0.353125 0.4375 0.0296875 0.0109375
0 0.41875 0.425 0.0296875 0.0125
0 0.3796875 0.421875 0.025 0.0125
0 0.34375 0.4203125 0.028125 0.0125
0 0.7296875 0.446875 0.0328125 0.0140625
0 0.6890625 0.440625 0.0265625 0.0125
0 0.490625 0.446875 0.0265625 0.0109375
0 0.4 0.45625 0.028125 0.0125
0 0.65 0.4375 0.0265625 0.0125
0 0.61875 0.4359375 0.025 0.0125
0 0.5875 0.4359375 0.028125 0.0109375
0 0.5421875 0.4328125 0.0296875 0.0109375
0 0.8890625 0.4140625 0.0125 0.025
0 0.8921875 0.384375 0.0125 0.0234375
0 0.834375 0.3984375 0.0109375 0.0296875
0 0.85625 0.4984375 0.0296875 0.015625
0 0.9578125 0.515625 0.025 0.0125
0 0.8703125 0.553125 0.0296875 0.021875
0 0.3328125 0.540625 0.0296875 0.0125
0 0.36875 0.5390625 0.028125 0.0109375
0 0.4296875 0.5375 0.0265625 0.0109375
0 0.4625 0.5390625 0.025 0.0109375
0 0.5 0.540625 0.025 0.0109375
0 0.540625 0.5421875 0.0296875 0.0125
0 0.575 0.5453125 0.025 0.0125
0 0.6171875 0.546875 0.0265625 0.0125
0 0.64375 0.5484375 0.0171875 0.0109375
0 0.6734375 0.55 0.0328125 0.0109375
0 0.715625 0.5546875 0.028125 0.0125
0 0.7859375 0.55625 0.0234375 0.0125
0 0.3734375 0.4734375 0.0328125 0.015625