0 0.23557692307692307 0.5408653846153846 0.036057692307692304 0.05048076923076923
0 0.8497596153846154 0.9266826923076923 0.021634615384615384 0.09134615384615384
0 0.9915865384615384 0.296875 0.016826923076923076 0.04567307692307692
0 0.9435096153846154 0.16947115384615385 0.028846153846153848 0.10096153846153846
0 0.9266826923076923 0.07692307692307693 0.021634615384615384 0.08173076923076923
0 0.9819711538461539 0.5540865384615384 0.03365384615384615 0.04567307692307692
0 0.7367788461538461 0.7079326923076923 0.028846153846153848 0.11298076923076923
0 0.7992788461538461 0.43149038461538464 0.02403846153846154 0.10096153846153846
0 0.6838942307692307 0.2956730769230769 0.036057692307692304 0.04807692307692308
0 0.6105769230769231 0.24639423076923078 0.03365384615384615 0.04807692307692308
0 0.6478365384615384 0.24158653846153846 0.03125 0.04807692307692308
0 0.6862980769230769 0.23918269230769232 0.03365384615384615 0.04567307692307692
0 0.28846153846153844 0.2932692307692308 0.036057692307692304 0.05048076923076923
0 0.3317307692307692 0.2776442307692308 0.03125 0.05048076923076923
0 0.6382211538461539 0.3016826923076923 0.03365384615384615 0.04807692307692308
0 0.6658653846153846 0.35096153846153844 0.03125 0.04807692307692308
0 0.3713942307692308 0.2704326923076923 0.03125 0.04807692307692308
0 0.4026442307692308 0.2692307692307692 0.028846153846153848 0.04567307692307692
0 0.4362980769230769 0.2692307692307692 0.03365384615384615 0.04326923076923077
0 0.48197115384615385 0.2620192307692308 0.03365384615384615 0.04326923076923077
0 0.13822115384615385 0.16706730769230768 0.021634615384615384 0.09134615384615384
0 0.14543269230769232 0.06971153846153846 0.019230769230769232 0.08173076923076923
0 0.4206730769230769 0.37740384615384615 0.036057692307692304 0.05048076923076923
0 0.3076923076923077 0.4098557692307692 0.03125 0.04567307692307692
0 0.203125 0.44471153846153844 0.040865384615384616 0.0625
0 0.07692307692307693 0.5060096153846154 0.038461538461538464 0.06009615384615385
0 0.11177884615384616 0.6514423076923077 0.036057692307692304 0.07692307692307693
0 0.6586538461538461 0.6538461538461539 0.03365384615384615 0.04326923076923077
0 0.6237980769230769 0.6478365384615384 0.03125 0.04567307692307692
0 0.5625 0.6370192307692307 0.03125 0.04567307692307692
0 0.5288461538461539 0.6358173076923077 0.03125 0.05048076923076923
0 0.49158653846153844 0.640625 0.028846153846153848 0.04807692307692308
0 0.4483173076923077 0.6466346153846154 0.036057692307692304 0.04567307692307692
0 0.41346153846153844 0.6514423076923077 0.03125 0.052884615384615384
0 0.3701923076923077 0.6526442307692307 0.026442307692307692 0.04326923076923077
0 0.3425480769230769 0.6514423076923077 0.021634615384615384 0.04326923076923077
0 0.3112980769230769 0.6586538461538461 0.036057692307692304 0.04807692307692308
0 0.2692307692307692 0.6658653846153846 0.036057692307692304 0.05048076923076923
0 0.1971153846153846 0.6778846153846154 0.028846153846153848 0.05048076923076923
3 0.6838942307692307 0.41586538461538464 0.040865384615384616 0.0625