0 0.7190464868825586 0.4640975348578514 0.03202792797373259 0.017028962873234653
0 0.15241226481086273 0.6040869304380464 0.015413638059640888 0.026764595792955603
0 0.07696080619529251 0.4211758774718392 0.029189533016686763 0.022279191585911205
0 0.11800853007601071 0.3665540794493107 0.0179211623699004 0.030053486758448232
0 0.04816077679665035 0.5000328509887357 0.028657266508343392 0.012122941585911207
0 0.2217886273170487 0.3718428769676362 0.018579581637205765 0.027764367080279052
0 0.27832631162235943 0.5529400576577841 0.021128049525030158 0.03183450804577177
0 0.25004418136463463 0.5219849886000336 0.0179211623699004 0.030053486758448145
0 0.36026462912607105 0.41077470096906515 0.031164790818602926 0.015411832551403748
0 0.436172031885033 0.39292092942964024 0.028861984396167807 0.016029191585911207
0 0.3985901447299033 0.39398068487752186 0.026559177973732594 0.016646550620418577
0 0.36257075757477353 0.39493117968174174 0.02980700870642732 0.01920882190774211
0 0.7482559520568495 0.39305306134095497 0.03293200870642732 0.01942734319506556
0 0.7089477905914603 0.39109707743249833 0.025696040818602838 0.015029420298587759
0 0.41988529059146024 0.4113102965099193 0.02738137155129756 0.01748243094224957
0 0.3814778878324983 0.4265418126014627 0.02795790366347308 0.013630811264080478
0 0.6697215162812007 0.3907035935240417 0.02561415366347326 0.013466920298587759
0 0.638389629126071 0.3913263063972764 0.025777927973732774 0.01659192029858776
0 0.607139629126071 0.3935115192705111 0.03202792797373277 0.017028962873234653
0 0.5616633548158114 0.3935550779367014 0.030424484396167628 0.01613845222957293
0 0.9059113217991248 0.349095975687458 0.016976138059640888 0.026873856436617417
0 0.9059998530067892 0.32086171504379624 0.012865170171816587 0.022694454827462972
0 0.6651911465389256 0.4239531360986886 0.03202792797373277 0.017028962873234833
0 0.7721781309350934 0.4305859123296907 0.02664106512886235 0.018209050620418665
0 0.876040115331261 0.4374372098480162 0.0370429765942518 0.023606744804219915
0 0.996036445046888 0.4516968157804304 0.007927109906223962 0.01864609319506556
0 0.8960936657608023 0.49092284276773707 0.02927142017181623 0.023841691585911207
0 0.35941918136463463 0.5143367435437123 0.03112384724103805 0.014630582551403749
0 0.39535668136463464 0.5118237487394923 0.028984815128862352 0.018372941585911205
0 0.45464979420950496 0.5061093442803463 0.02655917797373277 0.016646550620418664
0 0.48746229420950493 0.5038148707634499 0.02729948439616763 0.015919930942249572
0 0.5251260685197644 0.5043176153155683 0.024791960085908293 0.012631039976756853
0 0.5658329556748941 0.5030393385803632 0.029766065128862353 0.018427571907742114
0 0.6019342299851537 0.5036513437761432 0.02347512155129756 0.01720927933309504
0 0.6441217299851536 0.5007013063972764 0.024914790818602837 0.014974789976756853
0 0.6707661171402834 0.500406375455027 0.016938516508343326 0.011303486758448144
0 0.7006173914505429 0.501455423225454 0.031001016508343325 0.012286832551403748
0 0.7414061657608024 0.5017396464902488 0.03202792797373259 0.017028962873234833
0 0.8119643272261918 0.5015104175254708 0.02417448439616763 0.015701409654926123
0 0.35425364653892555 0.4456960041873739 0.035316702283992106 0.0203724841605581