0 0.296875 0.5588942307692307 0.036057692307692304 0.052884615384615384
0 0.8990384615384616 0.8725961538461539 0.016826923076923076 0.09375
0 0.9314903846153846 0.21514423076923078 0.03365384615384615 0.07211538461538461
0 0.8774038461538461 0.04567307692307692 0.019230769230769232 0.09134615384615384
0 0.9795673076923077 0.484375 0.03125 0.040865384615384616
0 0.7752403846153846 0.08774038461538461 0.021634615384615384 0.09375
0 0.7608173076923077 0.7331730769230769 0.021634615384615384 0.10576923076923077
0 0.78125 0.6165865384615384 0.021634615384615384 0.10096153846153846
0 0.6454326923076923 0.265625 0.03365384615384615 0.04807692307692308
0 0.5637019230769231 0.22596153846153846 0.03365384615384615 0.05048076923076923
0 0.6021634615384616 0.21875 0.028846153846153848 0.05048076923076923
0 0.6394230769230769 0.21033653846153846 0.03125 0.04807692307692308
0 0.2512019230769231 0.31850961538461536 0.036057692307692304 0.055288461538461536
0 0.29086538461538464 0.29927884615384615 0.028846153846153848 0.05048076923076923
0 0.5865384615384616 0.28365384615384615 0.03125 0.05048076923076923
0 0.6286057692307693 0.32572115384615385 0.03125 0.04567307692307692
0 0.3293269230769231 0.28365384615384615 0.028846153846153848 0.04567307692307692
0 0.36177884615384615 0.2800480769230769 0.026442307692307692 0.04567307692307692
0 0.39302884615384615 0.27524038461538464 0.03365384615384615 0.04567307692307692
0 0.43990384615384615 0.2620192307692308 0.03365384615384615 0.04326923076923077
0 0.08413461538461539 0.21514423076923078 0.016826923076923076 0.09134615384615384
0 0.07692307692307693 0.11658653846153846 0.016826923076923076 0.07932692307692307
0 0.34375 0.4026442307692308 0.036057692307692304 0.052884615384615384
0 0.23677884615384615 0.4543269230769231 0.028846153846153848 0.05048076923076923
0 0.1346153846153846 0.5108173076923077 0.038461538461538464 0.0625
0 0.014423076923076924 0.5961538461538461 0.021634615384615384 0.06009615384615385
0 0.12620192307692307 0.6995192307692307 0.03365384615384615 0.08173076923076923
0 0.671875 0.625 0.03365384615384615 0.04567307692307692
0 0.6334134615384616 0.625 0.028846153846153848 0.04567307692307692
0 0.5721153846153846 0.6213942307692307 0.028846153846153848 0.04807692307692308
0 0.5396634615384616 0.6262019230769231 0.028846153846153848 0.04807692307692308
0 0.5012019230769231 0.6358173076923077 0.026442307692307692 0.04567307692307692
0 0.46033653846153844 0.6478365384615384 0.03125 0.04807692307692308
0 0.4254807692307692 0.6574519230769231 0.026442307692307692 0.05048076923076923
0 0.38221153846153844 0.6622596153846154 0.026442307692307692 0.04567307692307692
0 0.3545673076923077 0.6706730769230769 0.021634615384615384 0.04326923076923077
0 0.32572115384615385 0.6802884615384616 0.03365384615384615 0.04567307692307692
0 0.2848557692307692 0.6935096153846154 0.03365384615384615 0.05048076923076923
0 0.21394230769230768 0.7127403846153846 0.028846153846153848 0.05048076923076923
3 0.6586538461538461 0.3858173076923077 0.036057692307692304 0.055288461538461536