0 0.6262019230769231 0.4567307692307692 0.036057692307692304 0.052884615384615384
0 0.09134615384615384 0.1310096153846154 0.016826923076923076 0.09134615384615384
0 0.08052884615384616 0.8173076923076923 0.028846153846153848 0.0889423076923077
0 0.013221153846153846 0.515625 0.026442307692307692 0.04326923076923077
0 0.21153846153846154 0.6959134615384616 0.019230769230769232 0.08653846153846154
0 0.22355769230769232 0.1778846153846154 0.021634615384615384 0.10096153846153846
0 0.203125 0.16706730769230768 0.021634615384615384 0.0985576923076923
0 0.34375 0.734375 0.03365384615384615 0.04807692307692308
0 0.4254807692307692 0.7728365384615384 0.03125 0.04807692307692308
0 0.3870192307692308 0.78125 0.028846153846153848 0.04567307692307692
0 0.34975961538461536 0.7896634615384616 0.03125 0.04567307692307692
0 0.7367788461538461 0.6814903846153846 0.036057692307692304 0.057692307692307696
0 0.6971153846153846 0.7043269230769231 0.028846153846153848 0.04807692307692308
0 0.4230769230769231 0.7115384615384616 0.03125 0.04807692307692308
0 0.3701923076923077 0.6730769230769231 0.03125 0.04567307692307692
0 0.6586538461538461 0.7151442307692307 0.028846153846153848 0.04567307692307692
0 0.6274038461538461 0.7199519230769231 0.026442307692307692 0.04807692307692308
0 0.5949519230769231 0.7235576923076923 0.03125 0.04567307692307692
0 0.5480769230769231 0.7367788461538461 0.03365384615384615 0.04567307692307692
0 0.9038461538461539 0.7836538461538461 0.016826923076923076 0.09134615384615384
0 0.9110576923076923 0.8834134615384616 0.016826923076923076 0.08173076923076923
0 0.8497596153846154 0.8329326923076923 0.016826923076923076 0.09134615384615384
0 0.6995192307692307 0.5733173076923077 0.036057692307692304 0.052884615384615384
0 0.8052884615384616 0.515625 0.028846153846153848 0.052884615384615384
0 0.9086538461538461 0.4543269230769231 0.038461538461538464 0.0673076923076923
0 0.8605769230769231 0.29927884615384615 0.03365384615384615 0.07692307692307693
0 0.31850961538461536 0.375 0.03365384615384615 0.04807692307692308
0 0.3545673076923077 0.3762019230769231 0.03125 0.04567307692307692
0 0.4170673076923077 0.37740384615384615 0.028846153846153848 0.04326923076923077
0 0.45072115384615385 0.3737980769230769 0.028846153846153848 0.04807692307692308
0 0.4879807692307692 0.36538461538461536 0.026442307692307692 0.04567307692307692
0 0.5288461538461539 0.3545673076923077 0.03365384615384615 0.04567307692307692
0 0.5625 0.3449519230769231 0.028846153846153848 0.05048076923076923
0 0.6057692307692307 0.33533653846153844 0.028846153846153848 0.04567307692307692
0 0.6334134615384616 0.3317307692307692 0.019230769230769232 0.040865384615384616
0 0.6622596153846154 0.32211538461538464 0.03365384615384615 0.04807692307692308
0 0.703125 0.3088942307692308 0.03125 0.04807692307692308
0 0.7740384615384616 0.28966346153846156 0.026442307692307692 0.04567307692307692
3 0.33774038461538464 0.6129807692307693 0.038461538461538464 0.057692307692307696