0 0.4326923076923077 0.5649038461538461 0.038461538461538464 0.05048076923076923
0 0.018028846153846152 0.9314903846153846 0.019230769230769232 0.08653846153846154
0 0.03125 0.10216346153846154 0.021634615384615384 0.10336538461538461
0 0.1502403846153846 0.31490384615384615 0.021634615384615384 0.09615384615384616
0 0.14302884615384615 0.8545673076923077 0.021634615384615384 0.09375
0 0.30649038461538464 0.2956730769230769 0.036057692307692304 0.04807692307692308
0 0.38100961538461536 0.25 0.036057692307692304 0.055288461538461536
0 0.3401442307692308 0.2403846153846154 0.03125 0.05048076923076923
0 0.3004807692307692 0.22716346153846154 0.036057692307692304 0.055288461538461536
0 0.71875 0.3485576923076923 0.040865384615384616 0.057692307692307696
0 0.6766826923076923 0.32572115384615385 0.03365384615384615 0.05048076923076923
0 0.4567307692307692 0.33533653846153844 0.03365384615384615 0.04807692307692308
0 0.3557692307692308 0.36538461538461536 0.036057692307692304 0.05048076923076923
0 0.6334134615384616 0.3125 0.03365384615384615 0.05048076923076923
0 0.5997596153846154 0.30649038461538464 0.03125 0.055288461538461536
0 0.5649038461538461 0.3016826923076923 0.03365384615384615 0.04567307692307692
0 0.515625 0.2848557692307692 0.036057692307692304 0.04807692307692308
0 0.9014423076923077 0.23557692307692307 0.019230769230769232 0.10096153846153846
0 0.9098557692307693 0.12620192307692307 0.019230769230769232 0.09375
0 0.84375 0.17427884615384615 0.019230769230769232 0.11538461538461539
0 0.8473557692307693 0.5516826923076923 0.036057692307692304 0.0625
0 0.9555288461538461 0.6237980769230769 0.03125 0.055288461538461536
0 0.8509615384615384 0.7560096153846154 0.038461538461538464 0.0889423076923077
0 0.265625 0.6790865384615384 0.036057692307692304 0.05048076923076923
0 0.30408653846153844 0.6790865384615384 0.036057692307692304 0.04807692307692308
0 0.3713942307692308 0.6742788461538461 0.03125 0.04567307692307692
0 0.4074519230769231 0.6790865384615384 0.03125 0.04567307692307692
0 0.4483173076923077 0.6887019230769231 0.03125 0.04807692307692308
0 0.49158653846153844 0.7007211538461539 0.036057692307692304 0.05048076923076923
0 0.5300480769230769 0.7139423076923077 0.03125 0.055288461538461536
0 0.5757211538461539 0.7223557692307693 0.03365384615384615 0.05048076923076923
0 0.6045673076923077 0.7271634615384616 0.02403846153846154 0.04807692307692308
0 0.6370192307692307 0.734375 0.038461538461538464 0.04807692307692308
0 0.6814903846153846 0.7524038461538461 0.036057692307692304 0.055288461538461536
0 0.7584134615384616 0.7668269230769231 0.028846153846153848 0.055288461538461536
3 0.3233173076923077 0.42908653846153844 0.040865384615384616 0.0673076923076923