0 0.12860576923076922 0.6021634615384616 0.03365384615384615 0.11538461538461539
0 0.2692307692307692 0.20192307692307693 0.038461538461538464 0.12259615384615384
0 0.3701923076923077 0.5168269230769231 0.04567307692307692 0.07211538461538461
0 0.08052884615384616 0.8942307692307693 0.028846153846153848 0.09615384615384616
0 0.1622596153846154 0.013221153846153846 0.026442307692307692 0.026442307692307692
0 0.020432692307692308 0.46153846153846156 0.040865384615384616 0.05048076923076923
0 0.4675480769230769 0.2764423076923077 0.040865384615384616 0.05048076923076923
0 0.4987980769230769 0.21995192307692307 0.038461538461538464 0.055288461538461536
0 0.45913461538461536 0.20673076923076922 0.036057692307692304 0.052884615384615384
0 0.41947115384615385 0.1935096153846154 0.040865384615384616 0.057692307692307696
0 0.8341346153846154 0.3449519230769231 0.04567307692307692 0.0625
0 0.7920673076923077 0.31850961538461536 0.036057692307692304 0.05048076923076923
0 0.6814903846153846 0.3605769230769231 0.038461538461538464 0.06009615384615385
0 0.5432692307692307 0.36538461538461536 0.038461538461538464 0.04807692307692308
0 0.7512019230769231 0.30288461538461536 0.036057692307692304 0.04807692307692308
0 0.7163461538461539 0.29447115384615385 0.03125 0.05048076923076923
0 0.6814903846153846 0.28725961538461536 0.038461538461538464 0.04807692307692308
0 0.6322115384615384 0.2668269230769231 0.038461538461538464 0.05048076923076923
0 0.9699519230769231 0.18509615384615385 0.026442307692307692 0.10817307692307693
0 0.9879807692307693 0.07572115384615384 0.014423076923076924 0.038461538461538464
0 0.9122596153846154 0.71875 0.040865384615384616 0.055288461538461536
0 0.34975961538461536 0.6442307692307693 0.040865384615384616 0.05048076923076923
0 0.3918269230769231 0.6442307692307693 0.038461538461538464 0.04567307692307692
0 0.45913461538461536 0.6490384615384616 0.036057692307692304 0.05048076923076923
0 0.49399038461538464 0.65625 0.036057692307692304 0.05048076923076923
0 0.5348557692307693 0.6670673076923077 0.036057692307692304 0.055288461538461536
0 0.5793269230769231 0.6838942307692307 0.040865384615384616 0.055288461538461536
0 0.6153846153846154 0.6995192307692307 0.036057692307692304 0.055288461538461536
0 0.6610576923076923 0.7127403846153846 0.036057692307692304 0.04807692307692308
0 0.6911057692307693 0.7175480769230769 0.028846153846153848 0.052884615384615384
0 0.7223557692307693 0.7295673076923077 0.040865384615384616 0.05048076923076923
0 0.765625 0.7487980769230769 0.040865384615384616 0.057692307692307696
0 0.8425480769230769 0.7752403846153846 0.03365384615384615 0.055288461538461536
3 0.5288461538461539 0.43990384615384615 0.04567307692307692 0.07211538461538461