0 0.5048076923076923 0.5072115384615384 0.040865384615384616 0.055288461538461536
0 0.12379807692307693 0.07211538461538461 0.02403846153846154 0.10096153846153846
0 0.009615384615384616 0.8894230769230769 0.019230769230769232 0.10576923076923077
0 0.13701923076923078 0.8533653846153846 0.026442307692307692 0.10096153846153846
0 0.22115384615384615 0.27283653846153844 0.026442307692307692 0.09134615384615384
0 0.30288461538461536 0.7536057692307693 0.038461538461538464 0.05048076923076923
0 0.3737980769230769 0.8112980769230769 0.038461538461538464 0.052884615384615384
0 0.3329326923076923 0.8173076923076923 0.03365384615384615 0.05048076923076923
0 0.28966346153846156 0.8197115384615384 0.038461538461538464 0.055288461538461536
0 0.7235576923076923 0.7704326923076923 0.04326923076923077 0.0625
0 0.6778846153846154 0.7896634615384616 0.03365384615384615 0.055288461538461536
0 0.44471153846153844 0.7403846153846154 0.036057692307692304 0.05048076923076923
0 0.35697115384615385 0.6935096153846154 0.036057692307692304 0.05048076923076923
0 0.6334134615384616 0.7908653846153846 0.03365384615384615 0.04567307692307692
0 0.5985576923076923 0.7896634615384616 0.03365384615384615 0.052884615384615384
0 0.5637019230769231 0.7896634615384616 0.036057692307692304 0.04567307692307692
0 0.5120192307692307 0.7956730769230769 0.036057692307692304 0.05048076923076923
0 0.8846153846153846 0.9074519230769231 0.021634615384615384 0.10336538461538461
0 0.8737980769230769 0.984375 0.021634615384615384 0.03125
0 0.8173076923076923 0.9519230769230769 0.02403846153846154 0.09615384615384616
0 0.84375 0.6033653846153846 0.040865384615384616 0.0673076923076923
0 0.9639423076923077 0.5492788461538461 0.036057692307692304 0.0625
0 0.9194711538461539 0.3870192307692308 0.040865384615384616 0.0889423076923077
0 0.32572115384615385 0.3701923076923077 0.038461538461538464 0.052884615384615384
0 0.36538461538461536 0.3786057692307692 0.036057692307692304 0.05048076923076923
0 0.43028846153846156 0.390625 0.036057692307692304 0.052884615384615384
0 0.4675480769230769 0.390625 0.036057692307692304 0.052884615384615384
0 0.5096153846153846 0.3858173076923077 0.03365384615384615 0.05048076923076923
0 0.5540865384615384 0.38341346153846156 0.038461538461538464 0.05048076923076923
0 0.59375 0.3786057692307692 0.03125 0.05048076923076923
0 0.640625 0.3786057692307692 0.03365384615384615 0.04567307692307692
0 0.6706730769230769 0.3798076923076923 0.02403846153846154 0.04567307692307692
0 0.703125 0.3762019230769231 0.038461538461538464 0.05048076923076923
0 0.7487980769230769 0.36778846153846156 0.036057692307692304 0.055288461538461536
0 0.828125 0.359375 0.03125 0.055288461538461536
3 0.3329326923076923 0.6237980769230769 0.04326923076923077 0.0673076923076923