0 0.41346153846153844 0.4362980769230769 0.038461538461538464 0.05048076923076923
0 0.9495192307692307 0.13701923076923078 0.02403846153846154 0.09375
0 0.9002403846153846 0.8605769230769231 0.036057692307692304 0.10096153846153846
0 0.9927884615384616 0.5348557692307693 0.014423076923076924 0.040865384615384616
0 0.7944711538461539 0.5985576923076923 0.028846153846153848 0.09375
0 0.8173076923076923 0.11778846153846154 0.026442307692307692 0.10336538461538461
0 0.8389423076923077 0.0733173076923077 0.02403846153846154 0.06971153846153846
0 0.6478365384615384 0.7319711538461539 0.038461538461538464 0.04807692307692308
0 0.5637019230769231 0.7680288461538461 0.038461538461538464 0.052884615384615384
0 0.6009615384615384 0.7800480769230769 0.03125 0.04807692307692308
0 0.6382211538461539 0.7932692307692307 0.036057692307692304 0.04807692307692308
0 0.25240384615384615 0.6526442307692307 0.040865384615384616 0.057692307692307696
0 0.29086538461538464 0.6790865384615384 0.03365384615384615 0.052884615384615384
0 0.5564903846153846 0.7007211538461539 0.036057692307692304 0.05048076923076923
0 0.6225961538461539 0.6694711538461539 0.03365384615384615 0.04326923076923077
0 0.33052884615384615 0.6911057692307693 0.03365384615384615 0.04807692307692308
0 0.36177884615384615 0.6983173076923077 0.03125 0.05048076923076923
0 0.39302884615384615 0.7067307692307693 0.036057692307692304 0.04807692307692308
0 0.43990384615384615 0.7235576923076923 0.036057692307692304 0.04807692307692308
0 0.07451923076923077 0.7451923076923077 0.02403846153846154 0.09134615384615384
0 0.06009615384615385 0.8449519230769231 0.02403846153846154 0.08413461538461539
0 0.12620192307692307 0.7992788461538461 0.02403846153846154 0.09615384615384616
0 0.2692307692307692 0.5276442307692307 0.040865384615384616 0.0625
0 0.16466346153846154 0.4579326923076923 0.03365384615384615 0.055288461538461536
0 0.06370192307692307 0.3894230769230769 0.04326923076923077 0.06490384615384616
0 0.15384615384615385 0.2536057692307692 0.038461538461538464 0.08413461538461539
0 0.7007211538461539 0.3701923076923077 0.036057692307692304 0.05048076923076923
0 0.6622596153846154 0.36899038461538464 0.03365384615384615 0.04807692307692308
0 0.6009615384615384 0.36538461538461536 0.03125 0.05048076923076923
0 0.5661057692307693 0.3581730769230769 0.03125 0.04807692307692308
0 0.5288461538461539 0.3485576923076923 0.03125 0.05048076923076923
0 0.4891826923076923 0.3329326923076923 0.038461538461538464 0.05048076923076923
0 0.4543269230769231 0.31971153846153844 0.03125 0.05048076923076923
0 0.4110576923076923 0.31009615384615385 0.03365384615384615 0.04807692307692308
0 0.38221153846153844 0.30528846153846156 0.021634615384615384 0.040865384615384616
0 0.3545673076923077 0.2920673076923077 0.036057692307692304 0.04326923076923077
0 0.31490384615384615 0.27283653846153844 0.038461538461538464 0.05048076923076923
0 0.24278846153846154 0.2512019230769231 0.03125 0.05048076923076923
3 0.6598557692307693 0.6105769230769231 0.04326923076923077 0.0625