0 0.134375 0.4453125 0.015625 0.0296875
0 0.2390625 0.55625 0.015625 0.0296875
0 0.2859375 0.5234375 0.0296875 0.028125
0 0.13125 0.6109375 0.015625 0.0265625
0 0.028125 0.5015625 0.03125 0.0109375
0 0.453125 0.440625 0.03125 0.0140625
0 0.4296875 0.4234375 0.028125 0.0109375
0 0.39375 0.4203125 0.025 0.0109375
0 0.3578125 0.41875 0.028125 0.0125
0 0.74375 0.4453125 0.0328125 0.0140625
0 0.703125 0.4390625 0.0265625 0.0125
0 0.6984375 0.4625 0.028125 0.0140625
0 0.55625 0.4640625 0.0296875 0.0125
0 0.6640625 0.4375 0.028125 0.0109375
0 0.63125 0.4359375 0.0234375 0.0109375
0 0.6 0.434375 0.028125 0.0109375
0 0.5546875 0.43125 0.028125 0.0109375
0 0.846875 0.3984375 0.0125 0.0265625
0 0.85 0.3640625 0.0109375 0.01875
0 0.821875 0.5375 0.0296875 0.0125
0 0.34375 0.5390625 0.03125 0.0109375
0 0.3796875 0.5375 0.03125 0.0109375
0 0.440625 0.5359375 0.0265625 0.009375
0 0.475 0.5375 0.0265625 0.0109375
0 0.5109375 0.5390625 0.0265625 0.0109375
0 0.5515625 0.5421875 0.03125 0.0125
0 0.5859375 0.54375 0.0265625 0.0125
0 0.6296875 0.546875 0.0265625 0.0109375
0 0.65625 0.546875 0.01875 0.0125
0 0.684375 0.55 0.0328125 0.0109375
0 0.728125 0.553125 0.0296875 0.0109375
0 0.796875 0.5578125 0.0234375 0.0109375
0 0.015625 0.4796875 0.0296875 0.0140625
0 0.5796875 0.4875 0.034375 0.015625