0 0.5049578963639707 0.5078125 0.031319851172019145 0.01328125
0 0.08106171653746612 0.6125 0.013320822794389153 0.025
0 0.06362959438907242 0.396875 0.018839637569213787 0.02578125
0 0.0017075913805826015 0.503125 0.003415182761165203 0.015625
0 0.1763694262827602 0.36875 0.018839637569213787 0.02578125
0 0.18919319401993218 0.534375 0.020402137569213784 0.02578125
0 0.3158138556478394 0.4359375 0.03136991594684391 0.0140625
0 0.388489892045034 0.4234375 0.03220123072166849 0.01484375
0 0.35109002159468333 0.421875 0.02600129549649317 0.015625
0 0.3153527806939819 0.41875 0.02990754549649317 0.015625
0 0.6996882078995927 0.44375 0.0329824807216685 0.01484375
0 0.6593635965485408 0.4390625 0.02678254549649317 0.015625
0 0.4310383374492421 0.4421875 0.029026165946843818 0.0140625
0 0.3536748010520475 0.4546875 0.02990754549649317 0.015625
0 0.6220638556478394 0.4359375 0.025750971622369966 0.01171875
0 0.5909139851974887 0.434375 0.025801036397194464 0.0125
0 0.5581014851974887 0.434375 0.028976101172019143 0.01328125
0 0.5130893738464367 0.4296875 0.028875971622369788 0.01171875
0 0.8611659284422284 0.4109375 0.015714637569213607 0.02578125
0 0.8660932603359164 0.3828125 0.015564443244739578 0.0234375
0 0.8072794648394233 0.3984375 0.01268976711886296 0.02734375
0 0.7578220805094118 0.4875 0.029857480721668495 0.01484375
0 0.8629706554632692 0.5046875 0.02600129549649317 0.015625
0 0.8334042689737895 0.5515625 0.030358128469914904 0.02265625
0 0.29670530537098416 0.5390625 0.03147004549649317 0.015625
0 0.3343054349206335 0.5375 0.02975735117201923 0.01328125
0 0.3937805644702828 0.5359375 0.025650842072720614 0.01015625
0 0.4280554349206335 0.5375 0.02678254549649317 0.015625
0 0.4654553053709842 0.5390625 0.025851101172019143 0.01328125
0 0.5058800462716856 0.5421875 0.03205103639719464 0.0125
0 0.5401549167220363 0.54375 0.025119915946843818 0.0140625
0 0.5822422871723869 0.5453125 0.02340722162236979 0.01171875
0 0.6087046576227376 0.546875 0.018769786397194642 0.0125
0 0.6382920280730883 0.5484375 0.028926036397194467 0.0125
0 0.6787167689737896 0.5515625 0.02960715684754529 0.0109375
0 0.7487288803248416 0.55625 0.025069851172019143 0.01328125
0 0.32444837600590504 0.471875 0.036407869370616554 0.01953125