0 0.37740384615384615 0.5564903846153846 0.038461538461538464 0.057692307692307696
0 0.8930288461538461 0.9639423076923077 0.021634615384615384 0.07211538461538461
0 0.9939903846153846 0.25721153846153844 0.01201923076923077 0.09615384615384616
0 0.8497596153846154 0.36778846153846156 0.02403846153846154 0.09375
0 0.7608173076923077 0.9110576923076923 0.02403846153846154 0.10576923076923077
0 0.7800480769230769 0.9254807692307693 0.026442307692307692 0.10336538461538461
0 0.7163461538461539 0.30649038461538464 0.036057692307692304 0.052884615384615384
0 0.6370192307692307 0.2548076923076923 0.036057692307692304 0.052884615384615384
0 0.6778846153846154 0.25 0.03125 0.04807692307692308
0 0.7175480769230769 0.24759615384615385 0.036057692307692304 0.04807692307692308
0 0.2956730769230769 0.30528846153846156 0.040865384615384616 0.0625
0 0.3401442307692308 0.28725961538461536 0.03125 0.05048076923076923
0 0.6298076923076923 0.31971153846153844 0.036057692307692304 0.052884615384615384
0 0.6790865384615384 0.36778846153846156 0.03365384615384615 0.04807692307692308
0 0.38341346153846156 0.28125 0.03365384615384615 0.04807692307692308
0 0.4170673076923077 0.2800480769230769 0.03125 0.05048076923076923
0 0.45072115384615385 0.28125 0.036057692307692304 0.04807692307692308
0 0.5012019230769231 0.27283653846153844 0.036057692307692304 0.04807692307692308
0 0.1346153846153846 0.171875 0.02403846153846154 0.0985576923076923
0 0.14182692307692307 0.06610576923076923 0.019230769230769232 0.08653846153846154
0 0.19831730769230768 0.12740384615384615 0.02403846153846154 0.0985576923076923
0 0.3173076923076923 0.42427884615384615 0.038461538461538464 0.057692307692307696
0 0.19831730769230768 0.46875 0.03365384615384615 0.055288461538461536
0 0.07932692307692307 0.5180288461538461 0.04326923076923077 0.07211538461538461
0 0.10817307692307693 0.6875 0.036057692307692304 0.08173076923076923
0 0.6899038461538461 0.6887019230769231 0.036057692307692304 0.052884615384615384
0 0.6514423076923077 0.6826923076923077 0.03365384615384615 0.04807692307692308
0 0.5877403846153846 0.6706730769230769 0.03125 0.04567307692307692
0 0.5504807692307693 0.6694711538461539 0.03125 0.05048076923076923
0 0.5096153846153846 0.6730769230769231 0.03125 0.05048076923076923
0 0.46634615384615385 0.6802884615384616 0.036057692307692304 0.04807692307692308
0 0.42908653846153844 0.6838942307692307 0.03125 0.052884615384615384
0 0.38221153846153844 0.6875 0.03125 0.04807692307692308
0 0.35216346153846156 0.6875 0.021634615384615384 0.04567307692307692
0 0.31971153846153844 0.6935096153846154 0.036057692307692304 0.052884615384615384
0 0.2764423076923077 0.7007211538461539 0.036057692307692304 0.052884615384615384
0 0.19831730769230768 0.7115384615384616 0.028846153846153848 0.05048076923076923
3 0.7055288461538461 0.4362980769230769 0.04326923076923077 0.0625