0 0.484375 0.5420673076923077 0.036057692307692304 0.05048076923076923
0 0.8569711538461539 0.9447115384615384 0.016826923076923076 0.0985576923076923
0 0.9170673076923077 0.12259615384615384 0.019230769230769232 0.10096153846153846
0 0.9795673076923077 0.5432692307692307 0.036057692307692304 0.04567307692307692
0 0.78125 0.31971153846153844 0.019230769230769232 0.09615384615384616
0 0.7415865384615384 0.8485576923076923 0.019230769230769232 0.09375
0 0.6298076923076923 0.28966346153846156 0.036057692307692304 0.04567307692307692
0 0.5612980769230769 0.23677884615384615 0.03365384615384615 0.052884615384615384
0 0.6021634615384616 0.23076923076923078 0.028846153846153848 0.05048076923076923
0 0.6418269230769231 0.22235576923076922 0.03365384615384615 0.052884615384615384
0 0.22355769230769232 0.30528846153846156 0.038461538461538464 0.055288461538461536
0 0.2668269230769231 0.2860576923076923 0.03125 0.05048076923076923
0 0.4795673076923077 0.3137019230769231 0.03125 0.04567307692307692
0 0.5769230769230769 0.35096153846153844 0.03365384615384615 0.05048076923076923
0 0.3088942307692308 0.27524038461538464 0.03125 0.05048076923076923
0 0.34375 0.27283653846153844 0.028846153846153848 0.052884615384615384
0 0.37740384615384615 0.27163461538461536 0.03365384615384615 0.04326923076923077
0 0.4266826923076923 0.2608173076923077 0.03365384615384615 0.04567307692307692
0 0.054086538461538464 0.1778846153846154 0.016826923076923076 0.0985576923076923
0 0.055288461538461536 0.07091346153846154 0.016826923076923076 0.09375
0 0.11658653846153846 0.12379807692307693 0.016826923076923076 0.11298076923076923
0 0.07932692307692307 0.49278846153846156 0.036057692307692304 0.06009615384615385
0 0.057692307692307696 0.6911057692307693 0.036057692307692304 0.08653846153846154
0 0.6382211538461539 0.6670673076923077 0.036057692307692304 0.05048076923076923
0 0.5985576923076923 0.6634615384615384 0.03365384615384615 0.04567307692307692
0 0.5348557692307693 0.6526442307692307 0.03125 0.04326923076923077
0 0.49759615384615385 0.6550480769230769 0.028846153846153848 0.04326923076923077
0 0.4579326923076923 0.6610576923076923 0.028846153846153848 0.04567307692307692
0 0.41466346153846156 0.6682692307692307 0.036057692307692304 0.05048076923076923
0 0.3762019230769231 0.6778846153846154 0.03125 0.052884615384615384
0 0.33052884615384615 0.6826923076923077 0.03125 0.05048076923076923
0 0.3016826923076923 0.6838942307692307 0.021634615384615384 0.04567307692307692
0 0.2692307692307692 0.6887019230769231 0.038461538461538464 0.04807692307692308
0 0.2247596153846154 0.703125 0.03365384615384615 0.052884615384615384
0 0.14903846153846154 0.7103365384615384 0.028846153846153848 0.052884615384615384
3 0.6021634615384616 0.4170673076923077 0.038461538461538464 0.06490384615384616