0 0.27403846153846156 0.44711538461538464 0.03365384615384615 0.055288461538461536
0 0.8786057692307693 0.0985576923076923 0.014423076923076924 0.09134615384615384
0 0.9711538461538461 0.7379807692307693 0.026442307692307692 0.055288461538461536
0 0.9170673076923077 0.890625 0.016826923076923076 0.10096153846153846
0 0.9855769230769231 0.4795673076923077 0.028846153846153848 0.038461538461538464
0 0.7512019230769231 0.28365384615384615 0.016826923076923076 0.10336538461538461
0 0.7884615384615384 0.4723557692307692 0.019230769230769232 0.10096153846153846
0 0.6706730769230769 0.7163461538461539 0.03125 0.04567307692307692
0 0.5925480769230769 0.7596153846153846 0.03125 0.04567307692307692
0 0.6298076923076923 0.7692307692307693 0.026442307692307692 0.04567307692307692
0 0.6682692307692307 0.7740384615384616 0.03125 0.04326923076923077
0 0.27884615384615385 0.6899038461538461 0.03125 0.05048076923076923
0 0.31850961538461536 0.7091346153846154 0.026442307692307692 0.04567307692307692
0 0.6189903846153846 0.7043269230769231 0.028846153846153848 0.04326923076923077
0 0.6514423076923077 0.6586538461538461 0.028846153846153848 0.04567307692307692
0 0.35697115384615385 0.7199519230769231 0.026442307692307692 0.04326923076923077
0 0.3894230769230769 0.7211538461538461 0.026442307692307692 0.040865384615384616
0 0.4206730769230769 0.7247596153846154 0.03125 0.040865384615384616
0 0.46634615384615385 0.7355769230769231 0.03125 0.04326923076923077
0 0.11899038461538461 0.8052884615384616 0.014423076923076924 0.0889423076923077
0 0.11899038461538461 0.9038461538461539 0.014423076923076924 0.08173076923076923
0 0.3894230769230769 0.609375 0.03125 0.04807692307692308
0 0.2800480769230769 0.5685096153846154 0.026442307692307692 0.04567307692307692
0 0.17668269230769232 0.5216346153846154 0.036057692307692304 0.06009615384615385
0 0.04807692307692308 0.45072115384615385 0.03365384615384615 0.06009615384615385
0 0.12740384615384615 0.32211538461538464 0.03125 0.07932692307692307
0 0.6706730769230769 0.3605769230769231 0.03125 0.04326923076923077
0 0.6334134615384616 0.3629807692307692 0.028846153846153848 0.04326923076923077
0 0.5745192307692307 0.36899038461538464 0.026442307692307692 0.04326923076923077
0 0.5408653846153846 0.36658653846153844 0.028846153846153848 0.04807692307692308
0 0.5024038461538461 0.36177884615384615 0.026442307692307692 0.04567307692307692
0 0.46153846153846156 0.35336538461538464 0.03125 0.04567307692307692
0 0.4266826923076923 0.34375 0.02403846153846154 0.04807692307692308
0 0.38341346153846156 0.3401442307692308 0.026442307692307692 0.040865384615384616
0 0.3557692307692308 0.3389423076923077 0.019230769230769232 0.038461538461538464
0 0.3269230769230769 0.3317307692307692 0.03125 0.04326923076923077
0 0.28365384615384615 0.32091346153846156 0.03125 0.04567307692307692
0 0.2127403846153846 0.30408653846153844 0.02403846153846154 0.04326923076923077
3 0.6766826923076923 0.5961538461538461 0.036057692307692304 0.06009615384615385