0 0.12740384615384615 0.8942307692307693 0.016826923076923076 0.10336538461538461
0 0.4014423076923077 0.5168269230769231 0.03365384615384615 0.04567307692307692
0 0.10697115384615384 0.8882211538461539 0.014423076923076924 0.09375
0 0.09375 0.07451923076923077 0.016826923076923076 0.09615384615384616
0 0.013221153846153846 0.5024038461538461 0.026442307692307692 0.04326923076923077
0 0.21634615384615385 0.671875 0.016826923076923076 0.09615384615384616
0 0.3713942307692308 0.28125 0.03125 0.04326923076923077
0 0.421875 0.234375 0.028846153846153848 0.04567307692307692
0 0.38461538461538464 0.2247596153846154 0.026442307692307692 0.04567307692307692
0 0.3473557692307692 0.21754807692307693 0.03125 0.05048076923076923
0 0.7391826923076923 0.31490384615384615 0.03365384615384615 0.052884615384615384
0 0.6995192307692307 0.2932692307692308 0.026442307692307692 0.04567307692307692
0 0.5456730769230769 0.32211538461538464 0.03125 0.05048076923076923
0 0.4338942307692308 0.35096153846153844 0.03125 0.04567307692307692
0 0.6586538461538461 0.28365384615384615 0.028846153846153848 0.04326923076923077
0 0.6274038461538461 0.28125 0.026442307692307692 0.04567307692307692
0 0.59375 0.2764423076923077 0.028846153846153848 0.04326923076923077
0 0.5480769230769231 0.26322115384615385 0.028846153846153848 0.04326923076923077
0 0.9038461538461539 0.20793269230769232 0.014423076923076924 0.09615384615384616
0 0.9098557692307693 0.1045673076923077 0.016826923076923076 0.08413461538461539
0 0.8485576923076923 0.15384615384615385 0.014423076923076924 0.10336538461538461
0 0.8533653846153846 0.039663461538461536 0.01201923076923077 0.0673076923076923
0 0.9699519230769231 0.5612980769230769 0.03365384615384615 0.0625
0 0.8677884615384616 0.6766826923076923 0.03365384615384615 0.07211538461538461
0 0.328125 0.6358173076923077 0.03365384615384615 0.04567307692307692
0 0.3641826923076923 0.6334134615384616 0.03125 0.040865384615384616
0 0.4266826923076923 0.6262019230769231 0.026442307692307692 0.04326923076923077
0 0.46153846153846156 0.6334134615384616 0.028846153846153848 0.040865384615384616
0 0.4987980769230769 0.6382211538461539 0.026442307692307692 0.052884615384615384
0 0.5408653846153846 0.6502403846153846 0.03365384615384615 0.04567307692307692
0 0.5757211538461539 0.6586538461538461 0.026442307692307692 0.05048076923076923
0 0.6189903846153846 0.6658653846153846 0.026442307692307692 0.04326923076923077
0 0.6466346153846154 0.6694711538461539 0.019230769230769232 0.04326923076923077
0 0.6742788461538461 0.6790865384615384 0.03365384615384615 0.04567307692307692
0 0.7163461538461539 0.6899038461538461 0.03125 0.05048076923076923
0 0.7884615384615384 0.7055288461538461 0.026442307692307692 0.05048076923076923
3 0.41346153846153844 0.41466346153846156 0.03365384615384615 0.06009615384615385