0 0.5985576923076923 0.44711538461538464 0.036057692307692304 0.05048076923076923
0 0.057692307692307696 0.10817307692307693 0.019230769230769232 0.0985576923076923
0 0.06971153846153846 0.8617788461538461 0.03125 0.10576923076923077
0 0.1935096153846154 0.5949519230769231 0.02403846153846154 0.09615384615384616
0 0.19591346153846154 0.09375 0.02403846153846154 0.10576923076923077
0 0.17548076923076922 0.051682692307692304 0.021634615384615384 0.06009615384615385
0 0.3389423076923077 0.7415865384615384 0.036057692307692304 0.04807692307692308
0 0.4230769230769231 0.7836538461538461 0.036057692307692304 0.052884615384615384
0 0.38461538461538464 0.7932692307692307 0.028846153846153848 0.04807692307692308
0 0.3449519230769231 0.8052884615384616 0.03365384615384615 0.04807692307692308
0 0.7536057692307693 0.6802884615384616 0.038461538461538464 0.055288461538461536
0 0.7115384615384616 0.7055288461538461 0.03125 0.052884615384615384
0 0.43509615384615385 0.7127403846153846 0.03365384615384615 0.05048076923076923
0 0.36899038461538464 0.6778846153846154 0.03365384615384615 0.04567307692307692
0 0.6706730769230769 0.7163461538461539 0.03125 0.04807692307692308
0 0.6370192307692307 0.7211538461538461 0.03125 0.05048076923076923
0 0.6033653846153846 0.7283653846153846 0.036057692307692304 0.04807692307692308
0 0.5552884615384616 0.7439903846153846 0.036057692307692304 0.04807692307692308
0 0.9338942307692307 0.7860576923076923 0.019230769230769232 0.09615384615384616
0 0.9435096153846154 0.8894230769230769 0.019230769230769232 0.08653846153846154
0 0.8762019230769231 0.8401442307692307 0.019230769230769232 0.10096153846153846
0 0.7427884615384616 0.5492788461538461 0.038461538461538464 0.0625
0 0.8545673076923077 0.48197115384615385 0.03365384615384615 0.055288461538461536
0 0.9651442307692307 0.4170673076923077 0.04326923076923077 0.0673076923076923
0 0.8786057692307693 0.27283653846153844 0.036057692307692304 0.08413461538461539
0 0.30408653846153844 0.36177884615384615 0.036057692307692304 0.05048076923076923
0 0.34375 0.3629807692307692 0.03365384615384615 0.04807692307692308
0 0.4074519230769231 0.3641826923076923 0.03125 0.05048076923076923
0 0.44471153846153844 0.35697115384615385 0.03125 0.04807692307692308
0 0.4831730769230769 0.34975961538461536 0.03125 0.05048076923076923
0 0.5264423076923077 0.33533653846153844 0.038461538461538464 0.05048076923076923
0 0.5625 0.3245192307692308 0.028846153846153848 0.05048076923076923
0 0.6081730769230769 0.31490384615384615 0.03125 0.04807692307692308
0 0.6370192307692307 0.3125 0.021634615384615384 0.040865384615384616
0 0.6682692307692307 0.29927884615384615 0.036057692307692304 0.04567307692307692
0 0.7103365384615384 0.28125 0.036057692307692304 0.05048076923076923
0 0.7860576923076923 0.2644230769230769 0.028846153846153848 0.05048076923076923
3 0.3329326923076923 0.6141826923076923 0.040865384615384616 0.0625