0 0.5372596153846154 0.5276442307692307 0.03125 0.04807692307692308
0 0.1201923076923077 0.8858173076923077 0.01201923076923077 0.09014423076923077
0 0.09014423076923077 0.1502403846153846 0.018028846153846152 0.09495192307692307
0 0.020432692307692308 0.5096153846153846 0.030048076923076924 0.039663461538461536
0 0.20072115384615385 0.052884615384615384 0.014423076923076924 0.09014423076923077
0 0.22235576923076922 0.6177884615384616 0.014423076923076924 0.08533653846153846
0 0.34375 0.28365384615384615 0.03125 0.04567307692307692
0 0.41586538461538464 0.23918269230769232 0.03125 0.04807692307692308
0 0.3786057692307692 0.23197115384615385 0.025240384615384616 0.042067307692307696
0 0.3425480769230769 0.22355769230769232 0.030048076923076924 0.04567307692307692
0 0.7283653846153846 0.3088942307692308 0.03365384615384615 0.052884615384615384
0 0.6875 0.29086538461538464 0.026442307692307692 0.04567307692307692
0 0.45913461538461536 0.30528846153846156 0.030048076923076924 0.042067307692307696
0 0.38341346153846156 0.34375 0.028846153846153848 0.04807692307692308
0 0.6502403846153846 0.2800480769230769 0.026442307692307692 0.042067307692307696
0 0.6177884615384616 0.2764423076923077 0.025240384615384616 0.042067307692307696
0 0.5865384615384616 0.2764423076923077 0.028846153846153848 0.039663461538461536
0 0.5408653846153846 0.2620192307692308 0.030048076923076924 0.039663461538461536
0 0.8882211538461539 0.19951923076923078 0.013221153846153846 0.08774038461538461
0 0.890625 0.10336538461538461 0.013221153846153846 0.08173076923076923
0 0.8329326923076923 0.15264423076923078 0.01201923076923077 0.09495192307692307
0 0.7884615384615384 0.45913461538461536 0.030048076923076924 0.052884615384615384
0 0.8954326923076923 0.515625 0.026442307692307692 0.05048076923076923
0 0.8689903846153846 0.6778846153846154 0.030048076923076924 0.07451923076923077
0 0.3317307692307692 0.6334134615384616 0.03125 0.042067307692307696
0 0.36778846153846156 0.6298076923076923 0.028846153846153848 0.039663461538461536
0 0.42788461538461536 0.625 0.026442307692307692 0.042067307692307696
0 0.46274038461538464 0.6262019230769231 0.026442307692307692 0.039663461538461536
0 0.5 0.6322115384615384 0.025240384615384616 0.04567307692307692
0 0.5408653846153846 0.6418269230769231 0.03245192307692308 0.042067307692307696
0 0.5745192307692307 0.6502403846153846 0.02403846153846154 0.04807692307692308
0 0.6177884615384616 0.65625 0.025240384615384616 0.042067307692307696
0 0.6442307692307693 0.6586538461538461 0.019230769230769232 0.042067307692307696
0 0.6730769230769231 0.6646634615384616 0.030048076923076924 0.042067307692307696
0 0.7139423076923077 0.6766826923076923 0.03125 0.042067307692307696
0 0.7848557692307693 0.6911057692307693 0.025240384615384616 0.04567307692307692
3 0.3545673076923077 0.40625 0.03485576923076923 0.05889423076923077