0 0.6713047252482396 0.47218466907937084 0.03266791996194378 0.017490607864272967
0 0.09535503749179855 0.6054925948512676 0.014331755437207461 0.026554794724210674
0 0.037370077035125515 0.4218148158414853 0.028952670950527094 0.021950594710093262
0 0.08322108790954044 0.36770416851467347 0.017584089429596238 0.02986180524755442
0 0.007869572728664651 0.5002884263365941 0.015739145457329302 0.013356844710093263
0 0.1858367519399853 0.3741978212443315 0.01586242193911027 0.02586454998588259
0 0.22519904638904711 0.555842663394176 0.01839717292769345 0.0306885578783902
0 0.1999735533091293 0.5245772528425974 0.015208505931499073 0.02894404735504672
0 0.31980057505795917 0.4147178634788807 0.031982170456235526 0.01978885523343692
0 0.39687241102751425 0.39775860565696003 0.028634335969555204 0.014138094710093262
0 0.35943607802370864 0.3983802319370844 0.02644975346004106 0.017907836817585565
0 0.3235622450199031 0.3989108529555369 0.02957475346004106 0.01808984734092913
0 0.7069185730807928 0.40152355858426203 0.03266791996194396 0.017490607864272967
0 0.668047074069376 0.3991111901260583 0.02641791996194378 0.017126586817585478
0 0.378984574069376 0.41594716353535033 0.02716733646384668 0.016390839448421346
0 0.33941273809982087 0.43072229507714654 0.027884919467652303 0.014873842079257394
0 0.6291119080617648 0.3982613216678545 0.025445668973360824 0.012393584186749606
0 0.5979255750579592 0.3985189269012915 0.024728085969555204 0.013910581555913648
0 0.5666755750579592 0.40033903213472843 0.030946252471457925 0.013493352602601049
0 0.5214904090503479 0.3998531847232121 0.03026050296574958 0.01579159997176518
0 0.867630580000875 0.3594285218937334 0.017456755437207504 0.026736805247554417
0 0.870339085932374 0.3312125166320616 0.011828837946721649 0.022512036831702886
0 0.6215249011416826 0.4314378427145419 0.03185483646384668 0.01666385523343692
0 0.7272018981759331 0.43931198492085616 0.026449753460041237 0.017907836817585475
0 0.8297538952101835 0.4473681376505141 0.036765170950527094 0.022405621018452494
0 0.9600488902672677 0.46316119567007874 0.034453254448624196 0.023050363125944884
0 0.8447130503433797 0.5010545797721238 0.02901633794672165 0.023513094710093264
0 0.3093485533091293 0.518206884525568 0.031950336958138335 0.01900760523343692
0 0.3452860533091293 0.5161137635071155 0.027821252471457926 0.013311342079257393
0 0.4047247203053237 0.5110930635635852 0.0255093359695552 0.013956084186749606
0 0.4375372203053237 0.5091819530684762 0.02713550296574958 0.015609589448421345
0 0.47490988631293496 0.5101228267883521 0.024632585475263546 0.011566831555913737
0 0.5154712193167406 0.509319189984884 0.029511086463846682 0.01652734734092931
0 0.5512813853243518 0.5103510689664315 0.02329291996194378 0.01694457629424182
0 0.5934688853243518 0.5078939269012915 0.025573002965749582 0.015518584186749607
0 0.6199677183281573 0.50790933745287 0.016820085475263546 0.01111180524755433
0 0.6495278843357687 0.5093052374811049 0.030914418973360825 0.01271210260260105
0 0.6900255503433799 0.5100641006776369 0.03185483646384668 0.01666385523343692
0 0.7601470493547966 0.5106563639024037 0.02485541996194378 0.017035581555913736
0 0.3105874011416826 0.4495478897872399 0.03504350346004106 0.018408365756780752