0 0.13221153846153846 0.453125 0.016826923076923076 0.09495192307692307
0 0.22716346153846154 0.4795673076923077 0.020432692307692308 0.11177884615384616
0 0.3076923076923077 0.5372596153846154 0.036057692307692304 0.07932692307692307
0 0.12740384615384615 0.8774038461538461 0.014423076923076924 0.08774038461538461
0 0.02283653846153846 0.5024038461538461 0.03365384615384615 0.042067307692307696
0 0.42427884615384615 0.2956730769230769 0.03245192307692308 0.042067307692307696
0 0.4254807692307692 0.234375 0.030048076923076924 0.042067307692307696
0 0.3894230769230769 0.22716346153846154 0.027644230769230768 0.042067307692307696
0 0.35216346153846156 0.21995192307692307 0.030048076923076924 0.04567307692307692
0 0.7379807692307693 0.31009615384615385 0.03365384615384615 0.052884615384615384
0 0.6983173076923077 0.28966346153846156 0.027644230769230768 0.04567307692307692
0 0.6466346153846154 0.35096153846153844 0.030048076923076924 0.04807692307692308
0 0.515625 0.36778846153846156 0.030048076923076924 0.042067307692307696
0 0.6598557692307693 0.28125 0.028846153846153848 0.042067307692307696
0 0.6274038461538461 0.27884615384615385 0.025240384615384616 0.039663461538461536
0 0.5949519230769231 0.2764423076923077 0.030048076923076924 0.039663461538461536
0 0.5492788461538461 0.2644230769230769 0.028846153846153848 0.039663461538461536
0 0.8978365384615384 0.203125 0.014423076923076924 0.09014423076923077
0 0.9014423076923077 0.10336538461538461 0.013221153846153846 0.07932692307692307
0 0.8425480769230769 0.15264423076923078 0.01201923076923077 0.09495192307692307
0 0.8461538461538461 0.038461538461538464 0.010817307692307692 0.06610576923076923
0 0.8329326923076923 0.6262019230769231 0.03125 0.039663461538461536
0 0.3389423076923077 0.6286057692307693 0.03245192307692308 0.04567307692307692
0 0.375 0.6262019230769231 0.03125 0.037259615384615384
0 0.4362980769230769 0.6201923076923077 0.027644230769230768 0.042067307692307696
0 0.46875 0.625 0.028846153846153848 0.039663461538461536
0 0.5072115384615384 0.6310096153846154 0.025240384615384616 0.042067307692307696
0 0.5480769230769231 0.640625 0.03245192307692308 0.04807692307692308
0 0.5817307692307693 0.6502403846153846 0.025240384615384616 0.042067307692307696
0 0.6237980769230769 0.6550480769230769 0.027644230769230768 0.039663461538461536
0 0.6514423076923077 0.65625 0.019230769230769232 0.04807692307692308
0 0.6802884615384616 0.6646634615384616 0.03245192307692308 0.042067307692307696
0 0.7211538461538461 0.6778846153846154 0.03245192307692308 0.04807692307692308
0 0.7920673076923077 0.6911057692307693 0.025240384615384616 0.039663461538461536
3 0.5228365384615384 0.4387019230769231 0.036057692307692304 0.055288461538461536