0 0.10173276681432131 0.5132849131695506 0.019670952344038463 0.02708533722616089
0 0.19233678285345027 0.4673934031404207 0.022315090992986432 0.031841033386094786
0 0.29255802591361996 0.5157065341775177 0.03748950801956443 0.025264424452321778
0 0.08741184608711543 0.6146200926364371 0.017277137569213785 0.026235891066226813
0 0.07646955583240952 0.37009720282385156 0.014883322794389153 0.025386444906292736
0 0.004404417799464106 0.502289925705963 0.008808835598928212 0.011065532132453626
0 0.38436359654854074 0.45106502414838784 0.03205103639719455 0.013409282132453626
0 0.3979650215946833 0.4342412370013692 0.028926036397194554 0.013318353919208192
0 0.36212765114433265 0.4316330625490476 0.026682415946843906 0.014812657759274294
0 0.3248279102436313 0.4274169239901033 0.029957610271317846 0.01724733597251955
0 0.7090632078995928 0.4652090583259055 0.03293241594684382 0.014994514185764984
0 0.6703010965485408 0.45938495566033843 0.02912629549649317 0.016443353919208193
0 0.5958623010520475 0.47287314264907254 0.029957610271317846 0.01724733597251955
0 0.4674369124030996 0.47383258590601257 0.029957610271317846 0.01724733597251955
0 0.6298763556478394 0.4550778888881487 0.02912629549649317 0.016443353919208193
0 0.5987264851974887 0.4526061067556951 0.023457286397194466 0.01315922954602886
0 0.5674764851974887 0.4516968246232415 0.03058866594684382 0.01492631802583091
0 0.5209018738464367 0.4456454014245611 0.028976101172019143 0.014099603919208193
0 0.8720032988925791 0.43864186130804167 0.01805838756921361 0.026258623119538173
0 0.8769306307862671 0.410607789521287 0.017177008019564254 0.02467339106622681
0 0.8166544648394233 0.4229426534696252 0.014302331893687636 0.02848871285298138
0 0.8219823149317081 0.3886585816828705 0.014532869370616552 0.019917694906292825
0 0.8061804349206335 0.5619596893630024 0.032301360271317844 0.017315532132453626
0 0.30461793492063355 0.5473657111371218 0.03293241594684391 0.014994514185764984
0 0.3406555644702829 0.5468488855894436 0.031419980721668496 0.01573030007914227
0 0.40159306447028287 0.548621985747728 0.028144786397194466 0.013295621865896834
0 0.4344055644702829 0.5495767319868043 0.028926036397194467 0.013318353919208192
0 0.47180543492063354 0.5522303705457487 0.02756379549649317 0.016397889812585477
0 0.5122301758213348 0.5565374373179384 0.03293241594684382 0.014994514185764984
0 0.5464049167220363 0.5606626476636374 0.025851101172019143 0.014008675705962759
0 0.588492287172387 0.5634526785424498 0.028144786397194466 0.013295621865896834
0 0.6165171576227376 0.565833532461658 0.021263730721668494 0.015434783386094964
0 0.6445420280730882 0.5682143863808663 0.03220123072166849 0.015753032132453625
0 0.6865292689737896 0.5725669172596787 0.03235142504614252 0.018096782132453627
0 0.7565413803248416 0.5793003020576993 0.02365754549649317 0.016284229546028862
0 0.46769772825765843 0.4941905500126353 0.03542636027131785 0.017406460345699058