0 0.6625 0.5263573586605561 0.03203125 0.017933035619201475
0 0.121875 0.6153366721120834 0.0125 0.025290940729444423
0 0.0671875 0.4218763064207639 0.025 0.023238131458888846
0 0.1 0.3695150258355556 0.0125 0.02763469072944442
0 0.0234375 0.5036705138677083 0.02890625 0.014735300436840326
0 0.20625 0.4219880220358335 0.0140625 0.025327308320625085
0 0.2484375 0.5885949469977085 0.0125 0.0284159407294446
0 0.2265625 0.5740233007211808 0.01953125 0.030142094889756877
0 0.3390625 0.44226676728618086 0.02890625 0.013954050436840327
0 0.415625 0.4315487792540281 0.03125 0.017133601823611143
0 0.3796875 0.42914982465687534 0.02578125 0.017006315254479175
0 0.3421875 0.4267145024685419 0.02890625 0.016297800436840326
0 0.7265625 0.4606609298989589 0.03125 0.014789851823611144
0 0.6875 0.453501740119445 0.02578125 0.017787565254479176
0 0.4078125 0.4485544412981254 0.02890625 0.015516550436840327
0 0.3640625 0.4600361487450698 0.02734375 0.01079268284565984
0 0.6484375 0.45103005033993104 0.02578125 0.014662565254479176
0 0.6171875 0.4487401985163199 0.0234375 0.013826763867708359
0 0.584375 0.4464139791015283 0.028125 0.010810866641249995
0 0.540625 0.44227068654847274 0.028125 0.010810866641250172
0 0.8859375 0.4315579241993758 0.0140625 0.02610855832062491
0 0.8875 0.4034692917905563 0.0125 0.022165940729444424
0 0.83125 0.4177850585080563 0.015625 0.02614492591180557
0 0.66875 0.48900282902527825 0.03203125 0.021058035619201478
0 0.775 0.5039758252255562 0.025 0.013081881458888844
0 0.8796875 0.5220374538346535 0.03515625 0.01800577080156245
0 0.86875 0.5717828806963896 0.0296875 0.02412848423243048
0 0.3328125 0.5452462969214587 0.02890625 0.01317280043684015
0 0.36875 0.5460827515186114 0.0265625 0.014680749050069507
0 0.428125 0.5459022199834725 0.02578125 0.013881315254479176
0 0.4609375 0.5482284393982643 0.028125 0.015498366641249994
0 0.4984375 0.5506637615865977 0.0234375 0.013826763867708359
0 0.5390625 0.5547343189572921 0.0296875 0.01553473423243048
0 0.5734375 0.5570969059632643 0.02578125 0.015443815254479177
0 0.6171875 0.5596776985163199 0.02578125 0.015443815254479177
0 0.64375 0.5618584475663895 0.01875 0.013717661094166722
0 0.6734375 0.56411193179882 0.02890625 0.013172800436840326
0 0.7140625 0.5681824891695145 0.03203125 0.018714285619201475
0 0.784375 0.5745065307726396 0.02265625 0.016152330072118203
0 0.334375 0.47653266451263915 0.03203125 0.017151785619201478