0 0.13125 0.4859375 0.015625 0.0265625
0 0.2265625 0.49375 0.01875 0.03125
0 0.3078125 0.5109375 0.034375 0.021875
0 0.1265625 0.6109375 0.0140625 0.025
0 0.0234375 0.5 0.0328125 0.0109375
0 0.425 0.440625 0.03125 0.0109375
0 0.425 0.421875 0.0296875 0.0109375
0 0.3890625 0.4203125 0.0265625 0.0109375
0 0.3515625 0.4171875 0.0296875 0.0125
0 0.7390625 0.44375 0.0328125 0.0140625
0 0.6984375 0.4375 0.0265625 0.0125
0 0.646875 0.45625 0.028125 0.0125
0 0.515625 0.4609375 0.0296875 0.0109375
0 0.659375 0.4359375 0.028125 0.0109375
0 0.6265625 0.434375 0.0234375 0.0109375
0 0.5953125 0.434375 0.028125 0.0109375
0 0.55 0.43125 0.028125 0.0109375
0 0.8984375 0.4125 0.0140625 0.025
0 0.9015625 0.3828125 0.0125 0.021875
0 0.84375 0.3984375 0.0109375 0.0265625
0 0.8453125 0.3640625 0.009375 0.01875
0 0.8328125 0.5375 0.0296875 0.0109375
0 0.3390625 0.5375 0.03125 0.0125
0 0.375 0.5375 0.0296875 0.009375
0 0.4359375 0.5359375 0.0265625 0.0109375
0 0.46875 0.5359375 0.028125 0.0109375
0 0.50625 0.5390625 0.025 0.0109375
0 0.546875 0.540625 0.03125 0.0125
0 0.58125 0.54375 0.0234375 0.0109375
0 0.6234375 0.5453125 0.0265625 0.0109375
0 0.6515625 0.5453125 0.01875 0.0125
0 0.6796875 0.5484375 0.03125 0.0109375
0 0.721875 0.5515625 0.03125 0.0125
0 0.7921875 0.55625 0.0234375 0.0109375
0 0.5234375 0.48125 0.034375 0.015625