0 0.1421875 0.5859375 0.015625 0.028125
0 0.3828125 0.503125 0.03125 0.0125
0 0.125 0.6125 0.0125 0.025
0 0.096875 0.3765625 0.0140625 0.0265625
0 0.0234375 0.5015625 0.0296875 0.0109375
0 0.2328125 0.58125 0.0140625 0.0234375
0 0.38125 0.4375 0.0296875 0.0109375
0 0.4234375 0.4234375 0.0296875 0.0125
0 0.3859375 0.4203125 0.0265625 0.0125
0 0.3484375 0.41875 0.028125 0.0125
0 0.734375 0.4453125 0.0328125 0.0140625
0 0.6953125 0.4390625 0.025 0.0125
0 0.5625 0.45 0.028125 0.0125
0 0.4484375 0.4578125 0.028125 0.0109375
0 0.65625 0.4359375 0.0265625 0.0109375
0 0.625 0.4359375 0.025 0.0109375
0 0.5921875 0.434375 0.028125 0.0125
0 0.546875 0.43125 0.028125 0.0109375
0 0.8953125 0.4140625 0.0125 0.025
0 0.8984375 0.384375 0.0125 0.021875
0 0.8390625 0.3984375 0.0125 0.028125
0 0.8421875 0.3640625 0.009375 0.01875
0 0.8609375 0.5453125 0.0296875 0.0171875
0 0.3375 0.5390625 0.03125 0.0125
0 0.3734375 0.5375 0.0296875 0.0125
0 0.4328125 0.5359375 0.0265625 0.0109375
0 0.4671875 0.5375 0.0265625 0.0109375
0 0.5046875 0.5390625 0.025 0.0125
0 0.5453125 0.5421875 0.03125 0.0125
0 0.5796875 0.54375 0.025 0.0125
0 0.621875 0.546875 0.025 0.0109375
0 0.6484375 0.546875 0.0171875 0.0109375
0 0.678125 0.55 0.03125 0.0125
0 0.71875 0.553125 0.0296875 0.0125
0 0.790625 0.55625 0.0234375 0.0125
0 0.434375 0.4765625 0.0359375 0.015625