0 0.10323571655640551 0.4382702046588413 0.018427571907742114 0.029766065128862353
0 0.20016571085642232 0.543721265265148 0.020935212873234653 0.03223264586155707
0 0.24933518437331878 0.5084521506112554 0.03505234319506556 0.0337508802577247
0 0.0885290883282616 0.6040589789691009 0.01915419158591123 0.029025758706427318
0 0.004543530399157282 0.5000885312076644 0.009087060798314565 0.013356493102595124
0 0.4223134984873907 0.41687772501237197 0.033178486758448145 0.018084936680159914
0 0.40007786556766983 0.4009185323393183 0.02894445482746306 0.013192718792335611
0 0.3643588868549933 0.3996769369073025 0.026709965471124697 0.014632388059640889
0 0.328530647498655 0.39999784147528683 0.029889595792955602 0.0155774123699004
0 0.7126107165564055 0.4063342141582381 0.03306922611478651 0.016522436680159912
0 0.6724227591310525 0.4022132801916117 0.026764595792955603 0.015413638059640888
0 0.6660963494761265 0.4258964416570009 0.029108345792955605 0.015536468792335612
0 0.5237995888324647 0.4349106727738084 0.03234260643661742 0.017262743102595124
0 0.6334695197747141 0.4026979590698554 0.02894445482746306 0.013192718792335611
0 0.600766280418376 0.4028550893275803 0.02503820482746306 0.012988000904511132
0 0.5696255410620376 0.40293033243017523 0.02899908514929379 0.013973968792335612
0 0.5245315623493612 0.4021800599289381 0.02894445482746306 0.013192718792335611
0 0.8190135358662577 0.35405466191967444 0.014412061264080478 0.02799884724103805
0 0.8245422700268158 0.31951588760941496 0.01464700804577177 0.020227290818602927
0 0.7842893385803631 0.49442735640175056 0.03234260643661742 0.017262743102595124
0 0.3060550779367014 0.5210473258714545 0.03234260643661733 0.017262743102595124
0 0.3421018385803632 0.5176014213034703 0.033178486758448145 0.018084936680159914
0 0.4031485992240249 0.51284532225341 0.026546074505632157 0.012288638059640889
0 0.4374143385803631 0.5126063048405554 0.027655106436617415 0.017017081637205677
0 0.47324257793670144 0.5122854002725712 0.028108574505631978 0.012370525214770644
0 0.5136490566493779 0.5132813342391975 0.033287747402109956 0.019647436680159912
0 0.5479147960057162 0.513042316826343 0.029217606436617416 0.017098968792335613
0 0.5914462747183927 0.51387447648271 0.029272236758448145 0.01788021879233561
0 0.6180087747183928 0.5124823948455042 0.020514595792955604 0.015086089439121864
0 0.6459152534310693 0.5141334260531687 0.03390510643661741 0.017344630257724702
0 0.6894467321437457 0.5149655857095355 0.0322333457929556 0.015700243102595123
0 0.7578689502127606 0.5160500508838265 0.025983345792955602 0.015372694482076099
0 0.5455981791775386 0.45711986544686206 0.03646737772394069 0.020592460990419427