0 0.8762019230769231 0.21995192307692307 0.021634615384615384 0.10336538461538461
0 0.6165865384615384 0.49399038461538464 0.036057692307692304 0.05048076923076923
0 0.8978365384615384 0.13221153846153846 0.016826923076923076 0.09134615384615384
0 0.8846153846153846 0.9459134615384616 0.019230769230769232 0.0985576923076923
0 0.9807692307692307 0.515625 0.03365384615384615 0.04326923076923077
0 0.7836538461538461 0.23317307692307693 0.019230769230769232 0.08653846153846154
0 0.6081730769230769 0.7199519230769231 0.03365384615384615 0.04567307692307692
0 0.5625 0.7680288461538461 0.03365384615384615 0.04807692307692308
0 0.5997596153846154 0.7776442307692307 0.028846153846153848 0.04807692307692308
0 0.6382211538461539 0.7836538461538461 0.03365384615384615 0.05048076923076923
0 0.25240384615384615 0.6754807692307693 0.036057692307692304 0.052884615384615384
0 0.29086538461538464 0.6971153846153846 0.028846153846153848 0.04807692307692308
0 0.42788461538461536 0.6682692307692307 0.03365384615384615 0.05048076923076923
0 0.5432692307692307 0.6478365384615384 0.03125 0.04326923076923077
0 0.33052884615384615 0.7091346153846154 0.028846153846153848 0.04326923076923077
0 0.3629807692307692 0.7127403846153846 0.028846153846153848 0.04326923076923077
0 0.3942307692307692 0.71875 0.03125 0.04807692307692308
0 0.43990384615384615 0.734375 0.03125 0.04326923076923077
0 0.08533653846153846 0.7752403846153846 0.019230769230769232 0.09134615384615384
0 0.07572115384615384 0.8762019230769231 0.019230769230769232 0.08173076923076923
0 0.13822115384615385 0.8317307692307693 0.019230769230769232 0.10336538461538461
0 0.12980769230769232 0.9471153846153846 0.014423076923076924 0.0673076923076923
0 0.14182692307692307 0.3245192307692308 0.03365384615384615 0.0625
0 0.671875 0.37259615384615385 0.03365384615384615 0.04807692307692308
0 0.6346153846153846 0.37740384615384615 0.03365384615384615 0.04807692307692308
0 0.5721153846153846 0.37740384615384615 0.028846153846153848 0.04326923076923077
0 0.5396634615384616 0.3701923076923077 0.028846153846153848 0.04326923076923077
0 0.5024038461538461 0.3629807692307692 0.028846153846153848 0.04807692307692308
0 0.46033653846153844 0.35096153846153844 0.03365384615384615 0.04807692307692308
0 0.42788461538461536 0.34134615384615385 0.028846153846153848 0.05048076923076923
0 0.38461538461538464 0.3317307692307692 0.028846153846153848 0.04567307692307692
0 0.3581730769230769 0.3293269230769231 0.021634615384615384 0.04326923076923077
0 0.3293269230769231 0.31850961538461536 0.036057692307692304 0.05048076923076923
0 0.28725961538461536 0.30528846153846156 0.03365384615384615 0.04807692307692308
0 0.21634615384615385 0.28725961538461536 0.026442307692307692 0.04807692307692308
3 0.5612980769230769 0.5829326923076923 0.040865384615384616 0.057692307692307696