0 0.6117788461538461 0.49759615384615385 0.038461538461538464 0.052884615384615384
0 0.04447115384615385 0.8389423076923077 0.02403846153846154 0.10096153846153846
0 0.07091346153846154 0.05889423076923077 0.036057692307692304 0.10817307692307693
0 0.1935096153846154 0.33653846153846156 0.026442307692307692 0.0985576923076923
0 0.1875 0.8557692307692307 0.02403846153846154 0.11057692307692307
0 0.16346153846153846 0.9194711538461539 0.026442307692307692 0.10576923076923077
0 0.34615384615384615 0.1875 0.038461538461538464 0.05048076923076923
0 0.43509615384615385 0.1466346153846154 0.038461538461538464 0.057692307692307696
0 0.3954326923076923 0.1346153846153846 0.03125 0.05048076923076923
0 0.3545673076923077 0.12259615384615384 0.036057692307692304 0.05048076923076923
0 0.7752403846153846 0.25961538461538464 0.040865384615384616 0.06009615384615385
0 0.7331730769230769 0.23197115384615385 0.03365384615384615 0.057692307692307696
0 0.44591346153846156 0.21875 0.036057692307692304 0.052884615384615384
0 0.3762019230769231 0.2548076923076923 0.036057692307692304 0.04807692307692308
0 0.6911057692307693 0.22115384615384615 0.03365384615384615 0.05048076923076923
0 0.6550480769230769 0.2127403846153846 0.03365384615384615 0.052884615384615384
0 0.6213942307692307 0.20552884615384615 0.038461538461538464 0.05048076923076923
0 0.5721153846153846 0.18990384615384615 0.038461538461538464 0.05048076923076923
0 0.9639423076923077 0.15264423076923078 0.021634615384615384 0.0985576923076923
0 0.9735576923076923 0.06490384615384616 0.019230769230769232 0.05048076923076923
0 0.90625 0.09615384615384616 0.021634615384615384 0.10576923076923077
0 0.7620192307692307 0.3954326923076923 0.040865384615384616 0.06490384615384616
0 0.8774038461538461 0.4651442307692308 0.036057692307692304 0.06009615384615385
0 0.9831730769230769 0.5336538461538461 0.03365384615384615 0.0673076923076923
0 0.8978365384615384 0.6838942307692307 0.040865384615384616 0.0889423076923077
0 0.30408653846153844 0.5793269230769231 0.038461538461538464 0.052884615384615384
0 0.3449519230769231 0.5805288461538461 0.036057692307692304 0.05048076923076923
0 0.4110576923076923 0.5805288461538461 0.03365384615384615 0.052884615384615384
0 0.4483173076923077 0.5889423076923077 0.03365384615384615 0.05048076923076923
0 0.49038461538461536 0.5961538461538461 0.03365384615384615 0.052884615384615384
0 0.5336538461538461 0.6117788461538461 0.040865384615384616 0.052884615384615384
0 0.5709134615384616 0.625 0.03125 0.052884615384615384
0 0.6189903846153846 0.6346153846153846 0.03365384615384615 0.05048076923076923
0 0.6478365384615384 0.6382211538461539 0.02403846153846154 0.04326923076923077
0 0.6802884615384616 0.6526442307692307 0.038461538461538464 0.04807692307692308
0 0.7223557692307693 0.6706730769230769 0.038461538461538464 0.052884615384615384
0 0.8016826923076923 0.6899038461538461 0.03125 0.052884615384615384
3 0.33774038461538464 0.32091346153846156 0.04567307692307692 0.06490384615384616