0 0.509264210043351 0.5413555176041527 0.03298680524755433 0.01864609319506556
0 0.15754906257536483 0.6210223302056154 0.017907836817585475 0.026928486758448146
0 0.11493881541796228 0.39707137797604236 0.017953339448421434 0.027709736758448233
0 0.0496161942583354 0.5045453883676025 0.029588789462538866 0.013740071907742114
0 0.23687399957647698 0.4600626868943342 0.016299834186749608 0.02603797611478651
0 0.26555898365028713 0.6052330752619368 0.01620882892507769 0.02447547611478651
0 0.37860647326811775 0.4621929054675521 0.03216005261671846 0.01781021287323483
0 0.44350343117474295 0.454281852501345 0.03216005261671846 0.01781021287323483
0 0.4042589206513993 0.44842533640980164 0.02577354472421085 0.015029420298587759
0 0.3682304153897274 0.4443498416055817 0.02894404735504663 0.016029191585911207
0 0.7557150048381488 0.4978997205900303 0.03537605787839038 0.0195912341605581
0 0.7147259837914615 0.4888089438548251 0.02894404735504672 0.016029191585911207
0 0.5166525048381488 0.48118284210978485 0.026509292093374805 0.014302800620418665
0 0.42657353640817985 0.48422072477740413 0.0299073078783902 0.01920882190774211
0 0.6754814732681178 0.48295242776328173 0.02751805524755433 0.018263680942249394
0 0.6441404680064459 0.47920471489004707 0.025728042093374627 0.01424817029858776
0 0.6128904680064459 0.4770195020168124 0.028762036831702885 0.012904191585911207
0 0.5673959574831022 0.47072594335062207 0.029543286831702886 0.012958821907742113
0 0.9131788943430401 0.47623180624352723 0.016345336817585477 0.026819226114786508
0 0.9145747943712749 0.4467628275308506 0.013910581555913737 0.02509283514929379
0 0.8575813417263216 0.45678268371536657 0.01813534997176518 0.030834736758448146
0 0.8852806784733198 0.5583123327266308 0.0322510578783902 0.019372712873234655
0 0.9874901076525113 0.5826017745646436 0.025019784694977433 0.01424817029858776
0 0.9025283626318344 0.6139831785195864 0.03275158681758583 0.027966462873234656
0 0.36430032053845973 0.5638975170999496 0.030688557878390376 0.01926345222957302
0 0.4001468152767879 0.5648480119041694 0.028853042093374803 0.014466691585911207
0 0.4609933100151161 0.5675466770069771 0.02903505261671846 0.017591691585911208
0 0.4938968152767879 0.5714036505238737 0.02664579998588259 0.016646550620418664
0 0.5314878205384599 0.5755884059717552 0.02655479472421085 0.015084050620418666
0 0.5722038258001316 0.5799916827069603 0.03124229472421085 0.015411832551403748
0 0.6067608363234752 0.5855204168675184 0.02673680524755433 0.018209050620418665
0 0.6490393415851472 0.5900329542463854 0.02898954998588259 0.016810441585911207
0 0.675692846846819 0.5934528851886348 0.019478042093374802 0.013811127723940863
0 0.7054713521084908 0.5970913374182079 0.035376057878390196 0.0195912341605581
0 0.7479318678935064 0.6047288747970747 0.02889854472421085 0.015247941585911206
0 0.8183353731551783 0.6112081037618526 0.02434755261671846 0.017263909654926125
0 0.40101209428657025 0.49955079383515477 0.03454930524755451 0.018755353838727375