0 0.45552884615384615 0.4699519230769231 0.03365384615384615 0.04567307692307692
0 0.125 0.09375 0.014423076923076924 0.09134615384615384
0 0.08173076923076923 0.8846153846153846 0.016826923076923076 0.10096153846153846
0 0.015625 0.47475961538461536 0.03125 0.04326923076923077
0 0.2127403846153846 0.5564903846153846 0.016826923076923076 0.09134615384615384
0 0.23918269230769232 0.09254807692307693 0.016826923076923076 0.08413461538461539
0 0.3557692307692308 0.7091346153846154 0.03125 0.04326923076923077
0 0.41586538461538464 0.7584134615384616 0.03125 0.052884615384615384
0 0.37740384615384615 0.7644230769230769 0.026442307692307692 0.04567307692307692
0 0.3401442307692308 0.7716346153846154 0.03125 0.05048076923076923
0 0.734375 0.6875 0.03365384615384615 0.055288461538461536
0 0.6935096153846154 0.7055288461538461 0.028846153846153848 0.05048076923076923
0 0.5060096153846154 0.6814903846153846 0.03125 0.04326923076923077
0 0.40865384615384615 0.6466346153846154 0.03125 0.05048076923076923
0 0.6550480769230769 0.7139423076923077 0.028846153846153848 0.04326923076923077
0 0.6213942307692307 0.7175480769230769 0.026442307692307692 0.04567307692307692
0 0.5901442307692307 0.7199519230769231 0.028846153846153848 0.04326923076923077
0 0.5432692307692307 0.734375 0.03125 0.04326923076923077
0 0.8966346153846154 0.8016826923076923 0.016826923076923076 0.09375
0 0.8966346153846154 0.9014423076923077 0.014423076923076924 0.08413461538461539
0 0.8389423076923077 0.8533653846153846 0.014423076923076924 0.10336538461538461
0 0.8377403846153846 0.9639423076923077 0.01201923076923077 0.07211538461538461
0 0.9026442307692307 0.48677884615384615 0.03125 0.057692307692307696
0 0.8834134615384616 0.31850961538461536 0.03125 0.07692307692307693
0 0.33533653846153844 0.35336538461538464 0.03125 0.04326923076923077
0 0.37259615384615385 0.3581730769230769 0.03125 0.040865384615384616
0 0.4338942307692308 0.3641826923076923 0.028846153846153848 0.04326923076923077
0 0.46875 0.36177884615384615 0.026442307692307692 0.04326923076923077
0 0.5072115384615384 0.35336538461538464 0.026442307692307692 0.05048076923076923
0 0.546875 0.3473557692307692 0.03125 0.05048076923076923
0 0.5829326923076923 0.33653846153846156 0.026442307692307692 0.05048076923076923
0 0.6274038461538461 0.3329326923076923 0.026442307692307692 0.04326923076923077
0 0.65625 0.328125 0.021634615384615384 0.04326923076923077
0 0.6850961538461539 0.3233173076923077 0.03365384615384615 0.04567307692307692
0 0.7271634615384616 0.31009615384615385 0.03125 0.05048076923076923
0 0.7992788461538461 0.296875 0.02403846153846154 0.05048076923076923
3 0.38461538461538464 0.5805288461538461 0.036057692307692304 0.057692307692307696