0 0.14182692307692307 0.33774038461538464 0.026442307692307692 0.10336538461538461
0 0.22115384615384615 0.5625 0.03125 0.11298076923076923
0 0.28725961538461536 0.5336538461538461 0.04326923076923077 0.09615384615384616
0 0.08533653846153846 0.8413461538461539 0.026442307692307692 0.0985576923076923
0 0.021634615384615384 0.4495192307692308 0.036057692307692304 0.04567307692307692
0 0.45913461538461536 0.2860576923076923 0.038461538461538464 0.04326923076923077
0 0.4543269230769231 0.22355769230769232 0.03365384615384615 0.04326923076923077
0 0.4206730769230769 0.2127403846153846 0.03125 0.04326923076923077
0 0.38221153846153844 0.20072115384615385 0.036057692307692304 0.05048076923076923
0 0.7620192307692307 0.33052884615384615 0.038461538461538464 0.05048076923076923
0 0.7247596153846154 0.31009615384615385 0.03365384615384615 0.04807692307692308
0 0.6887019230769231 0.37259615384615385 0.036057692307692304 0.05048076923076923
0 0.5492788461538461 0.3713942307692308 0.036057692307692304 0.04326923076923077
0 0.6850961538461539 0.2932692307692308 0.03365384615384615 0.04807692307692308
0 0.6526442307692307 0.28846153846153844 0.028846153846153848 0.038461538461538464
0 0.6225961538461539 0.2824519230769231 0.036057692307692304 0.04326923076923077
0 0.5769230769230769 0.2644230769230769 0.03365384615384615 0.040865384615384616
0 0.9326923076923077 0.2439903846153846 0.021634615384615384 0.0889423076923077
0 0.8822115384615384 0.18509615384615385 0.02403846153846154 0.09375
0 0.8978365384615384 0.07211538461538461 0.016826923076923076 0.06490384615384616
0 0.8149038461538461 0.65625 0.036057692307692304 0.04567307692307692
0 0.32572115384615385 0.6105769230769231 0.036057692307692304 0.04567307692307692
0 0.3629807692307692 0.6129807692307693 0.036057692307692304 0.04326923076923077
0 0.42427884615384615 0.6141826923076923 0.03125 0.04567307692307692
0 0.4579326923076923 0.6213942307692307 0.03365384615384615 0.04567307692307692
0 0.49399038461538464 0.6322115384615384 0.03125 0.04807692307692308
0 0.5324519230769231 0.6490384615384616 0.036057692307692304 0.052884615384615384
0 0.5685096153846154 0.6574519230769231 0.03125 0.04567307692307692
0 0.609375 0.6670673076923077 0.03125 0.04567307692307692
0 0.6370192307692307 0.6706730769230769 0.02403846153846154 0.05048076923076923
0 0.6658653846153846 0.6838942307692307 0.038461538461538464 0.04567307692307692
0 0.7055288461538461 0.7007211538461539 0.038461538461538464 0.05048076923076923
0 0.7752403846153846 0.7211538461538461 0.03125 0.04326923076923077
0 0.021634615384615384 0.3737980769230769 0.026442307692307692 0.052884615384615384
3 0.5564903846153846 0.45072115384615385 0.040865384615384616 0.06490384615384616