0 0.1375 0.5609375 0.015625 0.028125
0 0.209375 0.390625 0.01875 0.0296875
0 0.3609375 0.5046875 0.0328125 0.0125
0 0.1234375 0.6140625 0.0125 0.025
0 0.0953125 0.3734375 0.0125 0.025
0 0.021875 0.503125 0.0328125 0.0109375
0 0.3890625 0.4390625 0.03125 0.0125
0 0.421875 0.4234375 0.0296875 0.0109375
0 0.384375 0.421875 0.025 0.0109375
0 0.346875 0.4203125 0.028125 0.0125
0 0.734375 0.446875 0.0328125 0.0140625
0 0.69375 0.440625 0.0265625 0.0125
0 0.5796875 0.4515625 0.028125 0.0125
0 0.4625 0.459375 0.028125 0.0109375
0 0.6546875 0.4375 0.0265625 0.0109375
0 0.6234375 0.4359375 0.0234375 0.0109375
0 0.590625 0.4359375 0.028125 0.0109375
0 0.5453125 0.4328125 0.0296875 0.0109375
0 0.89375 0.4140625 0.0125 0.025
0 0.896875 0.3859375 0.0125 0.0234375
0 0.8390625 0.3984375 0.0125 0.028125
0 0.840625 0.365625 0.009375 0.0203125
0 0.853125 0.54375 0.0296875 0.015625
0 0.3359375 0.5390625 0.0328125 0.0125
0 0.371875 0.5390625 0.028125 0.0109375
0 0.4328125 0.5375 0.0265625 0.0109375
0 0.465625 0.5390625 0.0265625 0.009375
0 0.503125 0.5390625 0.0234375 0.0125
0 0.54375 0.5421875 0.03125 0.0125
0 0.578125 0.5453125 0.0234375 0.0125
0 0.6203125 0.546875 0.0265625 0.0109375
0 0.6484375 0.5484375 0.01875 0.0109375
0 0.6765625 0.55 0.03125 0.0109375
0 0.71875 0.553125 0.0296875 0.0125
0 0.7875 0.5578125 0.0234375 0.0109375
0 0.453125 0.4796875 0.0328125 0.015625