0 0.5204326923076923 0.5060096153846154 0.036057692307692304 0.052884615384615384
0 0.9050480769230769 0.9146634615384616 0.019230769230769232 0.09615384615384616
0 0.9903846153846154 0.11658653846153846 0.019230769230769232 0.10336538461538461
0 0.8665865384615384 0.15865384615384615 0.021634615384615384 0.09615384615384616
0 0.8052884615384616 0.7247596153846154 0.02403846153846154 0.0889423076923077
0 0.7079326923076923 0.25961538461538464 0.036057692307692304 0.04807692307692308
0 0.6370192307692307 0.20552884615384615 0.036057692307692304 0.05048076923076923
0 0.6778846153846154 0.19951923076923078 0.03125 0.04807692307692308
0 0.7175480769230769 0.19471153846153846 0.03365384615384615 0.052884615384615384
0 0.3004807692307692 0.25841346153846156 0.040865384615384616 0.057692307692307696
0 0.34375 0.23798076923076922 0.03125 0.052884615384615384
0 0.5709134615384616 0.2776442307692308 0.03365384615384615 0.04807692307692308
0 0.6574519230769231 0.32091346153846156 0.03365384615384615 0.04807692307692308
0 0.3858173076923077 0.23557692307692307 0.03125 0.04326923076923077
0 0.41947115384615385 0.23557692307692307 0.03125 0.05048076923076923
0 0.4543269230769231 0.23557692307692307 0.03365384615384615 0.04326923076923077
0 0.5036057692307693 0.22596153846153846 0.03365384615384615 0.04807692307692308
0 0.13942307692307693 0.12980769230769232 0.019230769230769232 0.10096153846153846
0 0.14423076923076922 0.03485576923076923 0.019230769230769232 0.06971153846153846
0 0.20192307692307693 0.07932692307692307 0.021634615384615384 0.10817307692307693
0 0.18990384615384615 0.42427884615384615 0.038461538461538464 0.06490384615384616
0 0.07451923076923077 0.4807692307692308 0.03365384615384615 0.057692307692307696
0 0.12379807692307693 0.6370192307692307 0.036057692307692304 0.08413461538461539
0 0.6983173076923077 0.6334134615384616 0.036057692307692304 0.05048076923076923
0 0.6610576923076923 0.6274038461538461 0.03365384615384615 0.04807692307692308
0 0.5961538461538461 0.6165865384615384 0.03125 0.05048076923076923
0 0.5600961538461539 0.6189903846153846 0.03125 0.05048076923076923
0 0.5204326923076923 0.6237980769230769 0.03125 0.04807692307692308
0 0.47596153846153844 0.6286057692307693 0.036057692307692304 0.04807692307692308
0 0.4387019230769231 0.6358173076923077 0.028846153846153848 0.04807692307692308
0 0.39302884615384615 0.6358173076923077 0.03125 0.04326923076923077
0 0.3641826923076923 0.6358173076923077 0.021634615384615384 0.04326923076923077
0 0.3329326923076923 0.640625 0.036057692307692304 0.04807692307692308
0 0.28846153846153844 0.6502403846153846 0.03365384615384615 0.052884615384615384
0 0.2127403846153846 0.6610576923076923 0.028846153846153848 0.052884615384615384
3 0.6826923076923077 0.3870192307692308 0.040865384615384616 0.06490384615384616