0 0.4560357526905964 0.5497797182850916 0.03272260876750579 0.01764612125356475
0 0.09334735401450389 0.6231626808672219 0.013664393713693723 0.026093608294074144
0 0.07399384822353565 0.3986903611687961 0.013700781017246654 0.026874858294074055
0 0.006025156121945137 0.5049021134778704 0.012050312243890275 0.016659819698425872
0 0.19019673697483064 0.4637671399624995 0.016825781017246653 0.027148260367592415
0 0.20381397312109178 0.6092942534403699 0.014336481803034928 0.023818208812453535
0 0.33274811001035987 0.4683944343075919 0.031014559553293887 0.014384420216805438
0 0.3989553068672068 0.46163587785148064 0.03112372146395277 0.01672817021680544
0 0.36003835608141854 0.4550933519324992 0.025582196856846907 0.014687216588148111
0 0.3241736306885244 0.4503867280870363 0.028743584160399748 0.015741868661666557
0 0.7088739623677248 0.5107143841665727 0.03513913337461148 0.01941367280870363
0 0.6685400607961481 0.500910157210832 0.028852746071058633 0.01808561866166656
0 0.4698114623677248 0.4897991255424065 0.027290246071058632 0.017948917624907423
0 0.3787498147250896 0.4912454654103696 0.029597608767505612 0.017372719180046303
0 0.6296231100103599 0.49436763129185063 0.026363446856846905 0.014755567106527678
0 0.5984458846174657 0.4900711105566655 0.02647260876750579 0.01709931710652768
0 0.5671958846174657 0.48733708982148033 0.028852746071058633 0.01808561866166656
0 0.5220289338316775 0.48024775975546186 0.029415672249741044 0.013466469180046303
0 0.8697772291169479 0.4918453899160168 0.017607031017246654 0.02721661088597216
0 0.8742849466519591 0.46243129198953536 0.015226893713693812 0.026230309330833278
0 0.8158174751880065 0.47143585362944285 0.01700771753501158 0.031054510367592592
0 0.8330349003332316 0.5733496681440725 0.031196496071058278 0.018290670216805437
0 0.9337968796550669 0.5994227355334241 0.02647260876750579 0.01709931710652768
0 0.8445502890845266 0.6292674774749057 0.03241439371369381 0.02773402073518518
0 0.3076324859413734 0.5697423208297216 0.02956122146395277 0.016591469180046302
0 0.3436427605484792 0.5713239446751844 0.028707196856846907 0.014960618661666559
0 0.4046530351555851 0.5750927851087955 0.027889559553293884 0.014111018143286991
0 0.4373927605484792 0.5795260068807397 0.026472608767505613 0.01709931710652768
0 0.47481998594137337 0.584369331762962 0.026436221463952768 0.016318067106527678
0 0.5153722113342675 0.5894860587187026 0.03197774607105863 0.018359020735185184
0 0.5496016621200558 0.5956184815274063 0.02561858416039975 0.01546846658814811
0 0.5917163875129499 0.6008719095199062 0.027925946856846906 0.01489226814328699
0 0.618206112905844 0.6047583271448136 0.01936858416039975 0.014921662441111039
0 0.6478208382987382 0.6089181468432394 0.03513913337461148 0.01941367280870363
0 0.6897900144774207 0.6172965748357393 0.02959760876750579 0.017372719180046303
0 0.7600297398703149 0.6250106214899059 0.024092471463952592 0.016113015551388797
0 0.3513867940469252 0.5061090477854623 0.03524829528527027 0.02175742280870363