0 0.15446850080748362 0.6232744185677376 0.013772173701106106 0.028976101172019143
0 0.41346957954200947 0.5290585533591742 0.034688645697928955 0.020171600092285046
0 0.13412872726853328 0.6204102344222964 0.01607501339268058 0.02678254549649317
0 0.10347519642598227 0.3843330320782579 0.014512513392680582 0.026682415946843906
0 0.030629806003059135 0.5029643136950905 0.030646028003177207 0.012108776218161843
0 0.23616278571051968 0.5645187846991516 0.017651150162155814 0.027663925046142523
0 0.3795115909060952 0.46133083281653847 0.02917898538950343 0.017477396668512314
0 0.42770362905554216 0.45037234885566735 0.029165348620028196 0.016696146668512313
0 0.39171158197764144 0.44494436921373304 0.025218188311602673 0.014102072794389109
0 0.3541843084386911 0.44097876002214925 0.028343188311602673 0.014302331893687814
0 0.7405854586008468 0.49227325878553163 0.03388012215897866 0.018559035317460372
0 0.7014138644450455 0.4835200200442986 0.026026711850553143 0.015714637569213784
0 0.5499877321397972 0.48161995372831445 0.028343188311602673 0.014302331893687814
0 0.4423388733734993 0.48408601480251134 0.02917898538950343 0.017477396668512314
0 0.6607343173671449 0.47779165175341626 0.02679432508107773 0.014983452344038462
0 0.6294843173671449 0.4757890607604298 0.024436938311602673 0.014052008019564433
0 0.5982070438281946 0.4722239697674434 0.026821598620028198 0.01654595234403846
0 0.5528399967502938 0.46619521282761306 0.02917898538950343 0.017477396668512314
0 0.8993877142828897 0.4696739728497624 0.01374490016215546 0.02741360117201914
0 0.9035570170428333 0.44028686149871027 0.016034103084255236 0.024438795496493172
0 0.8444547524323367 0.4521069386120361 0.01769206047058134 0.030007675046142525
0 0.8469797345754293 0.41793219771133483 0.012881829545304768 0.022676036397194465
0 0.9730354943146619 0.5758424321336312 0.03235853246740419 0.02080265576781102
0 0.8751980121715693 0.603909270505724 0.03161819277582971 0.023096340992986342
0 0.3453468709378673 0.560590353174604 0.031495461850553144 0.016065090992986343
0 0.38125709739891694 0.5613308328165385 0.031509098620028195 0.01684634099298634
0 0.44216732385996665 0.5636733852528619 0.025218188311602673 0.014102072794389109
0 0.47500709739891694 0.5673386057954977 0.026835235389503432 0.01732720234403846
0 0.5125343709378674 0.5713042149870814 0.02527273538950343 0.01722707279438911
0 0.553213918015768 0.5770325832779637 0.031495461850553144 0.016065090992986343
0 0.5876161915547182 0.5807979333702489 0.026026711850553143 0.015714637569213784
0 0.6298309650936686 0.5850639312107805 0.025190914772652385 0.012539572794389109
0 0.6564207386326191 0.5883286335548189 0.018186938311602674 0.0136514898209672
0 0.6861355121715693 0.591793594998156 0.031481825081077906 0.015283840992986342
0 0.72681505924947 0.5975219632890384 0.028356825081077907 0.015083581893687813
0 0.7972093798663209 0.6067152930232578 0.025245461850553142 0.015664572794389108
0 0.42391615584090336 0.5016344602067194 0.033948306006354304 0.022465285317460372