0 0.7520227611928181 0.5493924176971179 0.03301389586155708 0.02024187944567011
0 0.1540566519659925 0.6197389193542568 0.01775738805964089 0.026545383374611476
0 0.06462458050555202 0.4300899143918581 0.025696040818602883 0.014445643713693812
0 0.11701924016191896 0.38888702564056316 0.0179211623699004 0.029670383374611475
0 0.048242663951780104 0.504143844499482 0.028821040818602893 0.014591192927905361
0 0.27939748869158093 0.5725814371369372 0.016317718792335522 0.02881635876750579
0 0.24371893826203958 0.5163656703877141 0.02186835594746537 0.030633569892376044
0 0.36034651628120073 0.4516568151348652 0.03215075870642732 0.018642992142117266
0 0.4378164190401628 0.44279554549015804 0.03210981512886235 0.017861742142117266
0 0.40015264472990325 0.4379239549196175 0.025859815128862353 0.017570643713693813
0 0.36257075757477353 0.4346148643490769 0.028780097241038048 0.01380994292790554
0 0.7483378392119793 0.4790799176971179 0.033054839439121866 0.021023129445670106
0 0.70902967774659 0.4725730525194714 0.02660012155129756 0.016825781017246653
0 0.41207279059146024 0.45718337716935853 0.027876016508343326 0.01142980562435234
0 0.37843477498762806 0.4696448358130296 0.028943871551297563 0.01693494292790536
0 0.6697215162812007 0.4660661873418249 0.025696040818602838 0.014445643713693812
0 0.6384715162812007 0.4646106951997078 0.026518234396167628 0.015263281017246656
0 0.607139629126071 0.46159270305759065 0.029643234396167627 0.015408830231458382
0 0.5616633548158114 0.4563572394515208 0.02952040366347326 0.013065080231458382
0 0.9059932089542546 0.45369042762191525 0.013028944482076098 0.025545809553294063
0 0.906081740161919 0.4256382022290211 0.013687363749381376 0.023238446856846905
0 0.6386286465389256 0.4973504205926019 0.03046542797373277 0.016226467535011224
0 0.7470962437799635 0.5148718684829061 0.02664106512886235 0.017607031017246654
0 0.8478332281761313 0.533591943337681 0.03617983943912186 0.021168678659881833
0 0.9754602611928181 0.5597991865132554 0.035398589439121865 0.021132291356328815
0 0.8961755529159321 0.5935149069437509 0.029312363749381377 0.023966192927905538
0 0.3595010685197644 0.5544907167064418 0.031246677973732595 0.016262854838564246
0 0.3954385685197644 0.5561645326698764 0.02799884724103805 0.01377355562435234
0 0.4547316813646346 0.5573674677398991 0.02331134724103805 0.013555231803034928
0 0.4875441813646346 0.558895734489122 0.02742231512886235 0.0176434183207995
0 0.5266885685197644 0.5622775996667685 0.025037621551297563 0.01675300641014079
0 0.5659148428300239 0.567221964844415 0.03206887155129756 0.017080492142117265
0 0.6020161171402834 0.5720207808078497 0.02257104081860284 0.014300094499482085
0 0.6442855042954132 0.5755481951997078 0.025696040818602838 0.014445643713693812
0 0.6708480042954131 0.5767853635205074 0.017801653663473083 0.012519270678164496
0 0.7006992786056727 0.5812930810555187 0.028780097241038048 0.01380994292790554
0 0.7414880529159322 0.586310220840271 0.029725121551297563 0.01697133023145838
0 0.8120462143813214 0.5942725781600345 0.02339323439616763 0.015117731803034929
0 0.3543355336940553 0.4856679420993359 0.03605700870642732 0.018824928659881834