0 0.49897863590999914 0.47976746885349186 0.0335349614043519 0.01905310786427279
0 0.17702430640962846 0.6053105843279238 0.014687216588148111 0.025728042093374627
0 0.1290776560795363 0.3803861790380172 0.014960618661666602 0.028853042093374803
0 0.06745523383648051 0.5017599210749223 0.029931507775694442 0.013402347340929311
0 0.2607172182850917 0.4669467633659412 0.01624971658814811 0.02581904735504672
0 0.28952430640962845 0.5987582054875509 0.016962616069768455 0.02508329998588259
0 0.39921379029259174 0.4164777845538028 0.03091780933083328 0.01579159997176518
0 0.4573584809617584 0.3989570846102726 0.030204909849213025 0.016527347340929133
0 0.41972177992499926 0.3995787108903969 0.026093608294074144 0.013956084186749606
0 0.3835108778514807 0.39854683190884954 0.03261701036759259 0.017445105233436918
0 0.771772295476388 0.4026310322759027 0.03601541244111104 0.020752115756780754
0 0.7307371923661103 0.4003096690793709 0.029628711404351905 0.018825594710093263
0 0.5467722954763881 0.41573578995664906 0.029423659849213024 0.016481844710093264
0 0.4508542027337029 0.4323156161803037 0.029218608294074144 0.014138094710093262
0 0.6914012902925918 0.3994598006211671 0.02779280933083328 0.015609589448421345
0 0.6600145892558326 0.399717405854604 0.026161958812453534 0.014737334186749607
0 0.6287645892558326 0.40153751108804103 0.029423659849213024 0.016481844710093264
0 0.5814794861455548 0.3995801689381965 0.031562358294074146 0.01427460260260105
0 0.9284132747412028 0.3620984955853742 0.01788056710652768 0.02669130261671846
0 0.927378455042777 0.33231999032370235 0.015468466588148289 0.025773544724210673
0 0.8707962643736102 0.3497496850055607 0.019716469180045947 0.029907307878390375
0 0.8710505426016659 0.3167551744822171 0.011865012959490783 0.020122784200867015
0 0.9362052338364805 0.4511609955853742 0.030341610885972158 0.01808984734092913
0 0.9185679659760175 0.5008725692487801 0.03258761606976819 0.02599335260260105
0 0.3830993576819434 0.5194963687405524 0.030136559330833278 0.01574609734092931
0 0.4189001566451841 0.5158407477220999 0.030136559330833278 0.01574609734092931
0 0.4781384556084249 0.5108200477785696 0.02673815725731483 0.012439086817585477
0 0.5126501566451841 0.510380432021789 0.0260252577756944 0.013174834186749607
0 0.5504235587187027 0.5113213057416646 0.026093608294074144 0.013956084186749606
0 0.5896227597554619 0.5106086741998684 0.030986159849213026 0.01657284997176518
0 0.6258336618289805 0.5116405531814159 0.027079909849213026 0.016345336817585477
0 0.6681578628657396 0.510745911116276 0.026093608294074144 0.013956084186749606
0 0.6948570639024989 0.5107613216678544 0.019638556738935088 0.011248313140062294
0 0.7246812649392582 0.5105947216960894 0.03346661088597216 0.018271857864272788
0 0.7655796670127767 0.5113535848926214 0.03027326036759259 0.01730859734092931
0 0.8363022701230545 0.5119458481173881 0.02487286088597216 0.017771328925077868
0 0.42905711517481393 0.4524306951053815 0.03543921399624992 0.023050363125944884