0 0.8918269230769231 0.6141826923076923 0.02403846153846154 0.10576923076923077
0 0.7752403846153846 0.39663461538461536 0.02403846153846154 0.11538461538461539
0 0.7127403846153846 0.4375 0.040865384615384616 0.0985576923076923
0 0.8701923076923077 0.0889423076923077 0.021634615384615384 0.10096153846153846
0 0.9903846153846154 0.4807692307692308 0.019230769230769232 0.04326923076923077
0 0.5769230769230769 0.7199519230769231 0.036057692307692304 0.04326923076923077
0 0.5913461538461539 0.78125 0.03125 0.04326923076923077
0 0.6298076923076923 0.7884615384615384 0.028846153846153848 0.04326923076923077
0 0.6694711538461539 0.7932692307692307 0.03365384615384615 0.052884615384615384
0 0.25841346153846156 0.7223557692307693 0.038461538461538464 0.052884615384615384
0 0.3016826923076923 0.7367788461538461 0.03125 0.05048076923076923
0 0.328125 0.6670673076923077 0.03365384615384615 0.052884615384615384
0 0.4699519230769231 0.6454326923076923 0.03365384615384615 0.04326923076923077
0 0.3449519230769231 0.7475961538461539 0.03365384615384615 0.05048076923076923
0 0.3786057692307692 0.7475961538461539 0.026442307692307692 0.040865384615384616
0 0.4110576923076923 0.7487980769230769 0.03365384615384615 0.04326923076923077
0 0.45913461538461536 0.7608173076923077 0.03125 0.040865384615384616
0 0.09735576923076923 0.8389423076923077 0.019230769230769232 0.09375
0 0.15985576923076922 0.890625 0.019230769230769232 0.0985576923076923
0 0.16105769230769232 0.9879807692307693 0.014423076923076924 0.02403846153846154
0 0.15144230769230768 0.39663461538461536 0.03365384615384615 0.04567307692307692
0 0.6610576923076923 0.3629807692307692 0.036057692307692304 0.04567307692307692
0 0.6225961538461539 0.36658653846153844 0.03365384615384615 0.04326923076923077
0 0.5600961538461539 0.3762019230769231 0.03125 0.04567307692307692
0 0.5240384615384616 0.375 0.03125 0.04567307692307692
0 0.484375 0.3701923076923077 0.03125 0.05048076923076923
0 0.4423076923076923 0.3581730769230769 0.036057692307692304 0.055288461538461536
0 0.40625 0.3557692307692308 0.028846153846153848 0.04567307692307692
0 0.3605769230769231 0.35216346153846156 0.03125 0.04567307692307692
0 0.3317307692307692 0.35336538461538464 0.02403846153846154 0.05048076923076923
0 0.3016826923076923 0.34375 0.038461538461538464 0.04567307692307692
0 0.25600961538461536 0.3329326923076923 0.036057692307692304 0.052884615384615384
0 0.1814903846153846 0.3245192307692308 0.028846153846153848 0.04326923076923077
3 0.45072115384615385 0.5649038461538461 0.038461538461538464 0.06490384615384616