0 0.1079849321629633 0.6107166816113888 0.01730859734092922 0.02926992591180557
0 0.3753838057416646 0.4937057938842358 0.03436729472421067 0.014063153210381962
0 0.08776343742463517 0.609626960296736 0.016345336817585522 0.02612674211621524
0 0.07485172667541254 0.3758702093468055 0.01478283681758552 0.026090374525034755
0 0.004130353525011923 0.5010533537234723 0.008260707050023845 0.013209168028020812
0 0.19452864789150912 0.5447266992788192 0.02034259207925735 0.027780161094166544
0 0.34639352673188223 0.4288445132990274 0.02981630261671846 0.01629780043684015
0 0.3956500740869289 0.4136546179724302 0.028898544724210763 0.013935866641249994
0 0.3598945846102726 0.411366072569583 0.025728042093374804 0.013081881458888844
0 0.3224855898719444 0.41067639475791634 0.02977079998588259 0.015516550436840327
0 0.706876000423523 0.4282560997363188 0.03542156050922625 0.018768837005972115
0 0.6681775214702104 0.4229152895158327 0.02669130261671846 0.016225065254479178
0 0.5161599951618511 0.4342554458603468 0.02986180524755433 0.017079050436840326
0 0.40780146359182 0.4461398096518052 0.028853042093374803 0.013154616641249995
0 0.6277345319935541 0.4207358468865272 0.026372784200867017 0.010756315254479176
0 0.5964845319935541 0.42146319871013843 0.02586454998588259 0.015425631458888844
0 0.5653255372552259 0.4206280505337495 0.026509292093374805 0.013100065254479177
0 0.5201950477785697 0.41855771067798564 0.028807539462538757 0.012373366641249994
0 0.8681621109186318 0.391734105435902 0.014828339448421346 0.026871624525034755
0 0.8745787108903968 0.36193750266236036 0.013819576294241642 0.02294719072944442
0 0.8142936582736784 0.3789444711272215 0.014138094710093441 0.028415940729444422
0 0.8194207740304591 0.3444967359448604 0.010603571032569903 0.02131195554708327
0 0.9341217689099617 0.4916236962415964 0.03220555524755433 0.017133601823611143
0 0.833682153153181 0.5282898544859715 0.03160631577089816 0.02024041802802081
0 0.30454068472321205 0.5312434678961803 0.032069047355046634 0.014789851823611144
0 0.3405691899848839 0.5288445132990274 0.032251057878390374 0.017914851823611144
0 0.40159769524655575 0.5258636772429858 0.025637036831702886 0.011519381458888844
0 0.4343191899848839 0.5266624578281941 0.027336044724210674 0.013899499050069508
0 0.4717281847232121 0.5273521356398607 0.027654563140062115 0.019368249050069508
0 0.5121711741998685 0.5295315782691662 0.03294130261671846 0.016370535619201477
0 0.5464551689381965 0.530293991263194 0.02669130261671846 0.016225065254479178
0 0.5885516636765247 0.5308745663013189 0.025591534200867017 0.010738131458888845
0 0.6150231584148529 0.5318188172512495 0.018651289462538755 0.012136977298576568
0 0.6446196531531809 0.532690333018819 0.03294130261671846 0.016370535619201477
0 0.6850626426298373 0.5348697756481243 0.029907307878390375 0.01786030043684015
0 0.7551021268448217 0.5379207340449993 0.02595555524755433 0.016988131458888844
0 0.38795940045175786 0.46532622074597185 0.033950065770898076 0.020294969414791808