0 0.5733173076923077 0.47836538461538464 0.036057692307692304 0.04567307692307692
0 0.8689903846153846 0.0985576923076923 0.014423076923076924 0.0889423076923077
0 0.9242788461538461 0.890625 0.016826923076923076 0.10096153846153846
0 0.9831730769230769 0.4735576923076923 0.03365384615384615 0.04326923076923077
0 0.7800480769230769 0.43509615384615385 0.016826923076923076 0.09134615384615384
0 0.7487980769230769 0.026442307692307692 0.016826923076923076 0.052884615384615384
0 0.6454326923076923 0.7139423076923077 0.03365384615384615 0.04326923076923077
0 0.5925480769230769 0.7608173076923077 0.03365384615384615 0.04807692307692308
0 0.6298076923076923 0.7680288461538461 0.026442307692307692 0.04326923076923077
0 0.6670673076923077 0.7752403846153846 0.03125 0.05048076923076923
0 0.27403846153846156 0.6983173076923077 0.036057692307692304 0.05048076923076923
0 0.3137019230769231 0.7163461538461539 0.028846153846153848 0.05048076923076923
0 0.4831730769230769 0.6862980769230769 0.03125 0.04807692307692308
0 0.5853365384615384 0.6502403846153846 0.03365384615384615 0.04567307692307692
0 0.3545673076923077 0.7235576923076923 0.03125 0.04567307692307692
0 0.3870192307692308 0.7271634615384616 0.026442307692307692 0.04326923076923077
0 0.4182692307692308 0.7295673076923077 0.03125 0.04326923076923077
0 0.4651442307692308 0.7391826923076923 0.03125 0.040865384615384616
0 0.11538461538461539 0.8125 0.016826923076923076 0.09375
0 0.11658653846153846 0.9122596153846154 0.016826923076923076 0.08413461538461539
0 0.17307692307692307 0.8617788461538461 0.016826923076923076 0.10336538461538461
0 0.17427884615384615 0.9723557692307693 0.01201923076923077 0.055288461538461536
0 0.06850961538461539 0.484375 0.03365384615384615 0.055288461538461536
0 0.12379807692307693 0.34134615384615385 0.03365384615384615 0.07211538461538461
0 0.6634615384615384 0.359375 0.03365384615384615 0.04567307692307692
0 0.6274038461538461 0.3629807692307692 0.03125 0.040865384615384616
0 0.5661057692307693 0.37259615384615385 0.028846153846153848 0.040865384615384616
0 0.5324519230769231 0.36899038461538464 0.028846153846153848 0.040865384615384616
0 0.49399038461538464 0.3641826923076923 0.028846153846153848 0.04807692307692308
0 0.453125 0.3545673076923077 0.036057692307692304 0.04807692307692308
0 0.4182692307692308 0.34975961538461536 0.026442307692307692 0.04807692307692308
0 0.3737980769230769 0.34615384615384615 0.028846153846153848 0.04326923076923077
0 0.34615384615384615 0.3425480769230769 0.021634615384615384 0.040865384615384616
0 0.3173076923076923 0.3329326923076923 0.03365384615384615 0.04807692307692308
0 0.2764423076923077 0.32572115384615385 0.03125 0.04807692307692308
0 0.20432692307692307 0.3125 0.026442307692307692 0.04567307692307692
3 0.6069711538461539 0.5853365384615384 0.036057692307692304 0.06009615384615385