0 0.6 0.509375 0.0296875 0.0125
0 0.121875 0.6109375 0.0109375 0.025
0 0.0828125 0.4078125 0.021875 0.0265625
0 0.021875 0.5015625 0.028125 0.0109375
0 0.215625 0.478125 0.015625 0.025
0 0.25 0.6125 0.0125 0.028125
0 0.234375 0.6296875 0.0140625 0.0265625
0 0.3390625 0.434375 0.0296875 0.0109375
0 0.415625 0.421875 0.0296875 0.0125
0 0.378125 0.4203125 0.0234375 0.0109375
0 0.3421875 0.4171875 0.028125 0.0109375
0 0.7265625 0.44375 0.03125 0.0140625
0 0.6875 0.4375 0.025 0.0125
0 0.43125 0.440625 0.028125 0.0125
0 0.371875 0.4515625 0.028125 0.0109375
0 0.6484375 0.4359375 0.025 0.0109375
0 0.6171875 0.434375 0.025 0.0125
0 0.5859375 0.4328125 0.0296875 0.0109375
0 0.540625 0.4296875 0.028125 0.0109375
0 0.8859375 0.4109375 0.0109375 0.025
0 0.8890625 0.3828125 0.0125 0.021875
0 0.83125 0.3984375 0.0109375 0.0265625
0 0.7265625 0.4796875 0.03125 0.015625
0 0.834375 0.4953125 0.025 0.0140625
0 0.940625 0.5109375 0.034375 0.015625
0 0.86875 0.5515625 0.028125 0.021875
0 0.33125 0.5375 0.028125 0.0125
0 0.36875 0.5375 0.0265625 0.0109375
0 0.428125 0.5359375 0.025 0.0125
0 0.4625 0.5375 0.025 0.0109375
0 0.5 0.5375 0.025 0.0125
0 0.5390625 0.540625 0.03125 0.0125
0 0.5734375 0.54375 0.0234375 0.0125
0 0.6171875 0.5453125 0.025 0.0109375
0 0.64375 0.5453125 0.0171875 0.009375
0 0.671875 0.5484375 0.0296875 0.0109375
0 0.7125 0.5515625 0.0296875 0.0125
0 0.784375 0.55625 0.0234375 0.0125
0 0.34375 0.4703125 0.034375 0.015625