0 0.8858173076923077 0.6418269230769231 0.02403846153846154 0.10576923076923077
0 0.7932692307692307 0.4170673076923077 0.02403846153846154 0.11298076923076923
0 0.7271634615384616 0.45072115384615385 0.040865384615384616 0.0985576923076923
0 0.9170673076923077 0.12620192307692307 0.021634615384615384 0.0985576923076923
0 0.9927884615384616 0.5216346153846154 0.014423076923076924 0.04326923076923077
0 0.5661057692307693 0.7127403846153846 0.036057692307692304 0.04326923076923077
0 0.5745192307692307 0.7752403846153846 0.03125 0.04326923076923077
0 0.6105769230769231 0.7848557692307693 0.028846153846153848 0.04326923076923077
0 0.6490384615384616 0.7944711538461539 0.03365384615384615 0.05048076923076923
0 0.2548076923076923 0.6826923076923077 0.038461538461538464 0.05048076923076923
0 0.29447115384615385 0.7007211538461539 0.03125 0.04807692307692308
0 0.328125 0.6358173076923077 0.03365384615384615 0.05048076923076923
0 0.46875 0.6298076923076923 0.03365384615384615 0.04326923076923077
0 0.33533653846153844 0.7151442307692307 0.03365384615384615 0.04807692307692308
0 0.36778846153846156 0.71875 0.026442307692307692 0.040865384615384616
0 0.40024038461538464 0.7247596153846154 0.03365384615384615 0.04326923076923077
0 0.44711538461538464 0.7403846153846154 0.03125 0.040865384615384616
0 0.08533653846153846 0.7788461538461539 0.016826923076923076 0.09134615384615384
0 0.13942307692307693 0.8377403846153846 0.019230769230769232 0.09615384615384616
0 0.12980769230769232 0.9507211538461539 0.014423076923076924 0.06009615384615385
0 0.18269230769230768 0.35216346153846156 0.03365384615384615 0.04567307692307692
0 0.6850961538461539 0.37259615384615385 0.03365384615384615 0.04567307692307692
0 0.6478365384615384 0.37259615384615385 0.03365384615384615 0.04326923076923077
0 0.5853365384615384 0.3762019230769231 0.028846153846153848 0.04567307692307692
0 0.5492788461538461 0.36899038461538464 0.03125 0.04567307692307692
0 0.5120192307692307 0.359375 0.03125 0.04807692307692308
0 0.4723557692307692 0.34615384615384615 0.036057692307692304 0.052884615384615384
0 0.43509615384615385 0.3389423076923077 0.028846153846153848 0.04567307692307692
0 0.39302884615384615 0.33052884615384615 0.028846153846153848 0.04567307692307692
0 0.3641826923076923 0.3293269230769231 0.02403846153846154 0.05048076923076923
0 0.33533653846153844 0.3173076923076923 0.036057692307692304 0.04567307692307692
0 0.2920673076923077 0.30288461538461536 0.036057692307692304 0.05048076923076923
0 0.21995192307692307 0.2848557692307692 0.028846153846153848 0.04326923076923077
3 0.45913461538461536 0.5480769230769231 0.038461538461538464 0.06490384615384616