0 0.1346153846153846 0.3737980769230769 0.019230769230769232 0.10336538461538461
0 0.21634615384615385 0.7536057692307693 0.021634615384615384 0.11057692307692307
0 0.3449519230769231 0.47836538461538464 0.036057692307692304 0.0625
0 0.12379807692307693 0.10216346153846154 0.014423076923076924 0.08653846153846154
0 0.09615384615384616 0.9471153846153846 0.014423076923076924 0.09134615384615384
0 0.019230769230769232 0.4891826923076923 0.03365384615384615 0.04326923076923077
0 0.40625 0.7079326923076923 0.03365384615384615 0.04326923076923077
0 0.42788461538461536 0.7632211538461539 0.03125 0.04567307692307692
0 0.390625 0.7704326923076923 0.026442307692307692 0.04567307692307692
0 0.35216346153846156 0.7788461538461539 0.03125 0.04807692307692308
0 0.7463942307692307 0.6875 0.03365384615384615 0.052884615384615384
0 0.7067307692307693 0.7067307692307693 0.028846153846153848 0.04326923076923077
0 0.6105769230769231 0.65625 0.028846153846153848 0.052884615384615384
0 0.484375 0.6358173076923077 0.028846153846153848 0.040865384615384616
0 0.6670673076923077 0.7163461538461539 0.028846153846153848 0.040865384615384616
0 0.6346153846153846 0.7199519230769231 0.02403846153846154 0.04326923076923077
0 0.6009615384615384 0.7223557692307693 0.028846153846153848 0.040865384615384616
0 0.5552884615384616 0.7355769230769231 0.028846153846153848 0.04326923076923077
0 0.9110576923076923 0.7980769230769231 0.014423076923076924 0.09134615384615384
0 0.9134615384615384 0.8990384615384616 0.014423076923076924 0.08413461538461539
0 0.8533653846153846 0.8473557692307693 0.014423076923076924 0.09615384615384616
0 0.8557692307692307 0.9663461538461539 0.009615384615384616 0.0673076923076923
0 0.8605769230769231 0.3545673076923077 0.03125 0.04567307692307692
0 0.3401442307692308 0.3605769230769231 0.03365384615384615 0.04326923076923077
0 0.37740384615384615 0.3641826923076923 0.03125 0.038461538461538464
0 0.4387019230769231 0.36778846153846156 0.028846153846153848 0.04326923076923077
0 0.4723557692307692 0.3641826923076923 0.028846153846153848 0.04326923076923077
0 0.5108173076923077 0.3605769230769231 0.026442307692307692 0.04807692307692308
0 0.5528846153846154 0.34975961538461536 0.03365384615384615 0.04567307692307692
0 0.5877403846153846 0.3401442307692308 0.026442307692307692 0.04807692307692308
0 0.6310096153846154 0.3329326923076923 0.028846153846153848 0.040865384615384616
0 0.6586538461538461 0.3317307692307692 0.019230769230769232 0.04567307692307692
0 0.6875 0.3233173076923077 0.03365384615384615 0.04326923076923077
0 0.7307692307692307 0.3112980769230769 0.03125 0.04807692307692308
0 0.8028846153846154 0.29447115384615385 0.02403846153846154 0.04807692307692308
3 0.4795673076923077 0.5661057692307693 0.036057692307692304 0.0625