0 0.47716346153846156 0.46875 0.040865384615384616 0.05048076923076923
0 0.17067307692307693 0.05048076923076923 0.021634615384615384 0.09375
0 0.056490384615384616 0.8581730769230769 0.02403846153846154 0.10336538461538461
0 0.025240384615384616 0.4326923076923077 0.036057692307692304 0.04807692307692308
0 0.21995192307692307 0.5336538461538461 0.02403846153846154 0.09375
0 0.28846153846153844 0.0625 0.026442307692307692 0.0889423076923077
0 0.35216346153846156 0.703125 0.036057692307692304 0.04807692307692308
0 0.4098557692307692 0.7584134615384616 0.038461538461538464 0.055288461538461536
0 0.3701923076923077 0.7620192307692307 0.03365384615384615 0.05048076923076923
0 0.33052884615384615 0.765625 0.038461538461538464 0.052884615384615384
0 0.7427884615384616 0.7151442307692307 0.040865384615384616 0.057692307692307696
0 0.6995192307692307 0.7295673076923077 0.03365384615384615 0.052884615384615384
0 0.5096153846153846 0.6899038461538461 0.036057692307692304 0.04807692307692308
0 0.41225961538461536 0.6442307692307693 0.036057692307692304 0.052884615384615384
0 0.6574519230769231 0.7355769230769231 0.03365384615384615 0.04807692307692308
0 0.6237980769230769 0.7355769230769231 0.03125 0.05048076923076923
0 0.5913461538461539 0.7355769230769231 0.03365384615384615 0.04807692307692308
0 0.5420673076923077 0.7463942307692307 0.036057692307692304 0.04807692307692308
0 0.8978365384615384 0.8461538461538461 0.02403846153846154 0.09615384615384616
0 0.8894230769230769 0.9483173076923077 0.021634615384615384 0.08653846153846154
0 0.8341346153846154 0.8942307692307693 0.026442307692307692 0.10576923076923077
0 0.8245192307692307 0.9855769230769231 0.019230769230769232 0.028846153846153848
0 0.9326923076923077 0.5252403846153846 0.038461538461538464 0.0625
0 0.9266826923076923 0.3485576923076923 0.038461538461538464 0.08173076923076923
0 0.3641826923076923 0.33653846153846156 0.036057692307692304 0.04807692307692308
0 0.40024038461538464 0.3449519230769231 0.036057692307692304 0.04567307692307692
0 0.46274038461538464 0.35697115384615385 0.03365384615384615 0.04807692307692308
0 0.5 0.3557692307692308 0.03125 0.04807692307692308
0 0.5384615384615384 0.35336538461538464 0.03125 0.052884615384615384
0 0.5805288461538461 0.34975961538461536 0.038461538461538464 0.052884615384615384
0 0.6189903846153846 0.3425480769230769 0.03125 0.052884615384615384
0 0.6634615384615384 0.3425480769230769 0.03125 0.04807692307692308
0 0.6935096153846154 0.3401442307692308 0.02403846153846154 0.04567307692307692
0 0.7235576923076923 0.33653846153846156 0.038461538461538464 0.05048076923076923
0 0.7668269230769231 0.328125 0.036057692307692304 0.052884615384615384
0 0.8425480769230769 0.32091346153846156 0.028846153846153848 0.052884615384615384
3 0.39302884615384615 0.5745192307692307 0.040865384615384616 0.0625