0 0.140302114735815 0.5132849131695506 0.017496582670272563 0.02706260517284953
0 0.22723849339590618 0.4673934031404207 0.02067612667090888 0.031841033386094786
0 0.33089075206872415 0.5157065341775177 0.03459317600254526 0.01975021034569906
0 0.13367140141626893 0.6146200926364372 0.012790901336727112 0.02536371285298138
0 0.10427261338317953 0.37009720282385156 0.015134651336727112 0.025431909012915456
0 0.03083620806808778 0.502289925705963 0.03138636000159083 0.012628032132453625
0 0.41760895472627 0.45106502414838784 0.0322221540022273 0.017338264185764986
0 0.42990896005727014 0.4342412370013692 0.02908806333545435 0.01646608597251955
0 0.39395327872372465 0.4316330625490476 0.025145450668363534 0.013227425705962937
0 0.3564169160566338 0.4274169239901033 0.02908806333545444 0.01646608597251955
0 0.7426634987269063 0.4652090583259055 0.033012494668999894 0.018142246239076343
0 0.70354645472627 0.45938495566033843 0.027489200668363623 0.013295621865896834
0 0.6302907680617243 0.47287314264907254 0.0290971540022273 0.01724733597251955
0 0.5022203120623607 0.47383258590601257 0.029106244668999894 0.01802858597251955
0 0.6628850920591791 0.4550778888881487 0.027489200668363623 0.013295621865896834
0 0.6316169107256336 0.4526061067556951 0.024391472668681757 0.015548443652651577
0 0.6003669107256336 0.4516968246232415 0.029878404002227122 0.01727006802583091
0 0.5534373667249973 0.4456454014245611 0.028288632001908988 0.014880853919208192
0 0.9032373720559974 0.43864186130804167 0.01670624200349984 0.026258623119538173
0 0.9060351080521795 0.410607789521287 0.016697151336727244 0.025477373119538172
0 0.8468237400540884 0.4229426534696251 0.015171014003817974 0.028556909012915455
0 0.8495487507160886 0.3886585816828705 0.010374426002545433 0.019045516693047392
0 0.8468793787396329 0.5619596893630024 0.03141363200190881 0.014971782132453626
0 0.345316878739633 0.5473657111371218 0.03219488200190899 0.014994514185764984
0 0.38123619740608755 0.5468488855894436 0.030623291335136305 0.014167800079142267
0 0.4421736974060876 0.548621985747728 0.027498291335136215 0.014076871865896835
0 0.47498619740608755 0.5495767319868043 0.028279541335136216 0.014099603919208193
0 0.5125043787396331 0.5522303705457487 0.02673522266868176 0.015616639812585476
0 0.5531657414067239 0.5565374373179385 0.03298522266868176 0.015798496239076344
0 0.5875771040738147 0.5606626476636374 0.02514545066836362 0.013227425705962758
0 0.6297827854073603 0.5634526785424498 0.027507382001909164 0.014858121865896834
0 0.6579259667409056 0.565833532461658 0.018895450668363623 0.013045569279472247
0 0.6860691480744511 0.5682143863808663 0.031422722668681756 0.015753032132453625
0 0.728293010741542 0.5725669172596787 0.03144999466899989 0.018096782132453627
0 0.7986600547421784 0.5793003020576993 0.022029541335136217 0.013917747492717503
0 0.5040191693984516 0.4941905500126353 0.03619203866963616 0.022920674452321776