0 0.11711066284034617 0.4889923776591667 0.01800585391920828 0.028525043502986236
0 0.21219584230723276 0.4990233007211808 0.022829746239076344 0.03332164627652787
0 0.29294573713438327 0.5181019154625697 0.03749163981258556 0.027417138392743113
0 0.10878603431053169 0.6138832748856251 0.018741639812585566 0.02698072729857657
0 0.013163269233583394 0.5005455138677084 0.026326538467166788 0.017987587005972295
0 0.41217912193240397 0.4505169848011114 0.03161371285298138 0.013227351823611145
0 0.41272469121187605 0.4317669848011114 0.030855194906292738 0.013990418028020812
0 0.37683265531849874 0.42936803020395864 0.02770746285298147 0.01313643284565984
0 0.3394235835317441 0.42537020801562536 0.030119409012915453 0.01553473423243048
0 0.7261506937191585 0.46095187062840337 0.0349433013327836 0.020331337005972117
0 0.6857075501456492 0.45375631325770893 0.02860237311953817 0.017060866641249995
0 0.6335994808661771 0.4713061827487506 0.02848871285298138 0.013154616641250172
0 0.502213088546309 0.4729388050895837 0.030764266693047305 0.010865418028020813
0 0.646690514252272 0.451284623478195 0.02851144490629274 0.013935866641249994
0 0.6139234783588947 0.44895840406340337 0.02467339106622681 0.016188697663298512
0 0.5826734783588947 0.44823105223979215 0.029315426959604096 0.014735300436840326
0 0.53745190657214 0.444051392095556 0.029292694906292736 0.013954050436840327
0 0.8864349758516121 0.4334113649288202 0.017960389812585475 0.026962543502986235
0 0.8904237938774433 0.40379660011118135 0.015502979546028684 0.02300174211621524
0 0.8321566528112163 0.4180759992375007 0.017224603919208194 0.028506859707395905
0 0.8347193631569153 0.38373736682868126 0.012287051332783605 0.01980400693385418
0 0.8171728473217976 0.5568839260992368 0.02924723079967002 0.012391550436840326
0 0.32342284732179766 0.5453917672861809 0.031659176959604095 0.014789851823611144
0 0.35936034732179767 0.5462282218833336 0.030764266693047482 0.010865418028020813
0 0.4203433114284204 0.5460840579393753 0.027661998746358663 0.01157393284565984
0 0.4531558114284204 0.5468477773541671 0.028443248746358663 0.011592116641249994
0 0.49056488321517494 0.5508455995425005 0.026167694906292737 0.013881315254479176
0 0.5311444191085524 0.5533536569131948 0.03246315901291545 0.015589285619201476
0 0.565428490895307 0.5572787439191671 0.02458246285298138 0.01306369766329869
0 0.6075705267886843 0.5598231688810422 0.027798391066226814 0.01626143284565984
0 0.6356955267886842 0.5604777855222922 0.02076714106622681 0.01609777868534721
0 0.6637295985754389 0.5642574021635423 0.03161371285298138 0.013227351823611145
0 0.7058261703621935 0.5683643271254173 0.03250862311953817 0.017151785619201478
0 0.7760022780423255 0.5746883687285423 0.02382394490629274 0.013826763867708359
0 0.5094345551602142 0.49343314304548647 0.035724551332783606 0.020349520801562448