0 0.14375 0.6140625 0.0140625 0.028125
0 0.4046875 0.503125 0.0328125 0.0125
0 0.1234375 0.6125 0.0125 0.025
0 0.096875 0.378125 0.0125 0.0265625
0 0.021875 0.5015625 0.0296875 0.0109375
0 0.2265625 0.55 0.0140625 0.0265625
0 0.371875 0.4375 0.028125 0.0109375
0 0.4203125 0.4234375 0.028125 0.0125
0 0.384375 0.4203125 0.025 0.0125
0 0.346875 0.41875 0.028125 0.0125
0 0.7328125 0.4453125 0.0328125 0.0140625
0 0.69375 0.4390625 0.025 0.0125
0 0.5421875 0.446875 0.028125 0.0125
0 0.434375 0.45625 0.028125 0.0125
0 0.653125 0.4359375 0.0265625 0.0109375
0 0.621875 0.4359375 0.0234375 0.0125
0 0.590625 0.434375 0.0265625 0.0109375
0 0.5453125 0.43125 0.028125 0.0109375
0 0.8921875 0.4125 0.0109375 0.0265625
0 0.896875 0.3828125 0.0125 0.0234375
0 0.8375 0.3984375 0.0125 0.028125
0 0.840625 0.3640625 0.009375 0.0203125
0 0.9640625 0.5140625 0.03125 0.0171875
0 0.865625 0.5484375 0.0296875 0.01875
0 0.3359375 0.5390625 0.03125 0.0125
0 0.371875 0.5375 0.0296875 0.0109375
0 0.4328125 0.5359375 0.025 0.0109375
0 0.465625 0.5375 0.0265625 0.0109375
0 0.503125 0.5390625 0.025 0.0140625
0 0.54375 0.5421875 0.03125 0.0125
0 0.578125 0.54375 0.025 0.0125
0 0.6203125 0.5453125 0.025 0.0109375
0 0.646875 0.546875 0.0171875 0.0109375
0 0.6765625 0.5484375 0.03125 0.0125
0 0.7171875 0.5515625 0.028125 0.0125
0 0.7875 0.55625 0.0234375 0.0125
0 0.415625 0.475 0.0328125 0.015625