0 0.6862980769230769 0.5372596153846154 0.036057692307692304 0.052884615384615384
0 0.13341346153846154 0.9146634615384616 0.016826923076923076 0.09615384615384616
0 0.052884615384615384 0.23197115384615385 0.03125 0.08413461538461539
0 0.07932692307692307 0.052884615384615384 0.014423076923076924 0.07692307692307693
0 0.018028846153846152 0.5276442307692307 0.03125 0.04326923076923077
0 0.19831730769230768 0.21634615384615385 0.019230769230769232 0.09134615384615384
0 0.2620192307692308 0.8040865384615384 0.016826923076923076 0.10336538461538461
0 0.23677884615384615 0.7584134615384616 0.019230769230769232 0.10336538461538461
0 0.33774038461538464 0.27524038461538464 0.03365384615384615 0.04807692307692308
0 0.4170673076923077 0.22716346153846154 0.03365384615384615 0.04807692307692308
0 0.3786057692307692 0.22115384615384615 0.028846153846153848 0.04807692307692308
0 0.3401442307692308 0.21514423076923078 0.03125 0.04807692307692308
0 0.7439903846153846 0.2920673076923077 0.036057692307692304 0.055288461538461536
0 0.703125 0.27283653846153844 0.028846153846153848 0.04807692307692308
0 0.4110576923076923 0.28846153846153844 0.03125 0.04807692307692308
0 0.36538461538461536 0.33413461538461536 0.03125 0.04567307692307692
0 0.6610576923076923 0.265625 0.028846153846153848 0.04567307692307692
0 0.6286057692307693 0.26322115384615385 0.028846153846153848 0.04567307692307692
0 0.5949519230769231 0.2608173076923077 0.03365384615384615 0.04326923076923077
0 0.5480769230769231 0.25 0.03365384615384615 0.04326923076923077
0 0.9074519230769231 0.171875 0.016826923076923076 0.09134615384615384
0 0.9050480769230769 0.07211538461538461 0.014423076923076924 0.08413461538461539
0 0.8461538461538461 0.12860576923076922 0.016826923076923076 0.09134615384615384
0 0.6875 0.39663461538461536 0.03365384615384615 0.06009615384615385
0 0.8016826923076923 0.44350961538461536 0.028846153846153848 0.04807692307692308
0 0.9110576923076923 0.49399038461538464 0.038461538461538464 0.0625
0 0.90625 0.671875 0.03365384615384615 0.07932692307692307
0 0.34375 0.6430288461538461 0.03365384615384615 0.04567307692307692
0 0.38221153846153844 0.6370192307692307 0.03125 0.04326923076923077
0 0.44471153846153844 0.6298076923076923 0.028846153846153848 0.04567307692307692
0 0.47836538461538464 0.6346153846153846 0.03125 0.04807692307692308
0 0.5180288461538461 0.6394230769230769 0.028846153846153848 0.04567307692307692
0 0.5600961538461539 0.6478365384615384 0.03365384615384615 0.04807692307692308
0 0.5973557692307693 0.6550480769230769 0.028846153846153848 0.05048076923076923
0 0.6418269230769231 0.6574519230769231 0.028846153846153848 0.04807692307692308
0 0.6706730769230769 0.6610576923076923 0.021634615384615384 0.04326923076923077
0 0.7007211538461539 0.6682692307692307 0.03365384615384615 0.04567307692307692
0 0.7439903846153846 0.6790865384615384 0.036057692307692304 0.05048076923076923
0 0.8185096153846154 0.6935096153846154 0.026442307692307692 0.05048076923076923
3 0.33774038461538464 0.39783653846153844 0.036057692307692304 0.0625